14.173296038037128 5.724156172507125
14.173317884950958 5.72416793700667
14.173341024970398 5.724180796542789
14.17336562174026 5.724194862843074
14.173391853749003 5.724210258616538
14.173419915860276 5.724227118649629
14.173450020994407 5.724245591011029
14.173482401974846 5.724265838376078
14.173517313556054 5.724288039482721
14.17355503465099 5.724312390732106
14.173595870778128 5.724339107948232
14.173640156749936 5.72436842831251
14.173688259626934 5.724400612490667
14.17374058196384 5.72443594697119
14.173797565376969 5.724474746636401
14.173859694464971 5.724517357589392
14.173927501118158 5.7245641602623545
14.174001569255244 5.724615572834426
14.174082540030183 5.724672054989983
14.174171117556032 5.724734112051426
14.174268075197554 5.724802299523928
14.174374262489353 5.724877228093413
14.17449061274213 5.724959569123169
14.174618151405888 5.725050060699128
14.174758005265865 5.72514951427888
14.174911412554593 5.725258822005117
14.17507973407192 5.725378964750344
14.175264465414108 5.725511020966541
14.17546725042336 5.725656176420975
14.175689895980431 5.725815734907685
14.175934388275458 5.725991130033407
14.176202910705893 5.726183938186843
14.176497863565698 5.726395892811504
14.176821885706696 5.7266289001148385
14.177177878371634 5.726885056360214
14.177569031419072 5.727166666903714
14.17799885218297 5.727476267154782
14.178471197235101 5.727816645658713
14.178990307346375 5.728190869520151
14.179560845974196 5.728602312410247
14.180187941637445 5.729054685426387
14.180877234578938 5.729552071102679
14.181634928157843 5.730098960902158
14.182467845461966 5.730700296558315
14.183383491682694 5.731361515674693
14.18439012285443 5.732088602037442
14.18549682162633 5.732888141147722
14.18671358080803 5.7337673815393595
14.188051395513812 5.734734302513337
14.189522364822649 5.735797688995512
14.191139803976135 5.736967214308884
14.192918368254093 5.738253531748188
14.194874189800709 5.739668375954586
14.197025028824559 5.741224675213828
14.199390440766495 5.742936675945142
14.201991961223348 5.7448200808133425
14.204853310636318 5.746892202087006
14.208000621005263 5.749172132085402
14.211462687179106 5.751680932811652
14.215271245604415 5.754441847165703
14.219461283796432 5.757480534476032
14.224071384238346 5.760825333493027
14.229144106926196 5.764507556461343
14.234726415371645 5.768561818447372
14.240870151568577 5.773026406758756
14.24763256624155 5.777943696077075
14.255076911647992 5.783360615859016
14.263273105330496 5.789329177678522
14.272298474546389 5.795907071523766
14.282238592682518 5.803158341679947
14.293188220848817 5.811154154786692
14.305252370102354 5.819973675039463
14.318547502469455 5.829705064412069
14.333202892214372 5.840446629345443
14.349362172783886 5.8523081397474135
14.367185099710834 5.865412351600399
14.386849565705344 5.8798967712660195
14.408553911483661 5.895915708083409
14.43251958494643 5.913642672576212
14.458994212597082 5.933273191167893
14.488255161210361 5.95502812563242
14.520613685543859 5.979157607757526
14.556419780426236 6.005945728472607
14.596067884321362 6.035716158187064
14.64000361844077 6.068838924331334
14.688731793362333 6.105738637328189
14.742825977635807 6.146904543424496
14.802940005198593 6.192902900516118
14.869821907878089 6.244392333626653
14.944330906196571 6.302143048090194
15.02745829107494 6.3670610874992875
15.120353302699863 6.440219260411538
15.224355493159425 6.522896986336984
15.341035595235352 6.616632223700272
15.47224768568221 6.723289992720882
15.620196544055101 6.845154041456187
15.787525753487108 6.985051332917191
15.977434570567002 7.146523950657121
16.193835413490465 7.334070944228859
16.44156984977531 7.553495752016864
16.726710746170664 7.812417224681978
17.056994597367346 8.12104182830207
17.442456365620828 8.493367330480174
17.896390204806686 8.94912824643005
18.436855878115136 9.517077560957922
19.08914330657368 10.240814330643568
19.890019128947216 11.189804157468718
20.895533573687917 12.481933606698918
22.196623840267556 14.334657485903868
23.954013616265545 17.1983384764957
26.489902968187593 22.18195457487118
30.5984455758209 32.94325431337197
39.24612774327112 72.22836685350542
99.65826214084701 2776.6505879679416
