14.173296038037128 5.723956172507125
14.173274191174041 5.723944408467401
14.17325105132565 5.723931549547256
14.173226454880536 5.723917484059054
14.17320022339174 5.72390208934282
14.173172162047015 5.723885230672197
14.17314205798952 5.723866760052041
14.17310967847402 5.723846514896902
14.173074768842215 5.72382431657859
14.17303705029914 5.723799968829836
14.172996217470882 5.723773255989811
14.17295193572183 5.7237439410758055
14.172903838207562 5.723711763663894
14.172851522637112 5.723676437559653
14.172794547715766 5.723637648238168
14.172732429236671 5.723595050030523
14.172664635786456 5.723548263031697
14.17259058402659 5.723496869702364
14.17250963350846 5.723440411134369
14.172421080976001 5.723378382946688
14.172324154105205 5.723310230775449
14.172218004624789 5.723235345318018
14.172101700756912 5.723153056887241
14.17197421891079 5.723062629427682
14.171834434555494 5.722963253940986
14.171681112191013 5.722854041262373
14.17151289432877 5.722734014124677
14.171328289384101 5.7226020984401655
14.17112565837376 5.722457113723694
14.17090320030108 5.722297762573396
14.170658936100105 5.7221226191171
14.170390690997555 5.721930116323928
14.170096075137868 5.721718532070973
14.16977246230174 5.721485973844613
14.169416966532328 5.721230361944649
14.16902641646558 5.720949411047214
14.168597327141823 5.720640609969037
14.16812586905469 5.720301199461141
14.167607834170552 5.719928147844434
14.167038598626675 5.719518124282643
14.166413081789242 5.719067469469825
14.165725701323014 5.718572163489961
14.164970323892549 5.718027790585042
14.164140211080506 5.717429500545414
14.163227960071376 5.716771966412034
14.162225438608985 5.716049338154597
14.16112371369308 5.71525519196237
14.15991297343425 5.714382474755955
14.158582441437181 5.713423443498295
14.157120283029847 5.712369598852191
14.155513502600742 5.711211612699614
14.153747831247633 5.70993924900557
14.151807603879973 5.708541277476642
14.14967562485314 5.707005379432201
14.147333021146693 5.705318045275375
14.144759082031388 5.7034644629222555
14.14193108410166 5.701428396522657
14.13882410048281 5.699192054785603
14.135410792956653 5.6967359482095
14.131661185687761 5.694038734512981
14.127542419176985 5.691077051570455
14.123018483022658 5.687825337180005
14.11804992603623 5.684255635034399
14.112593542242578 5.6803373863336475
14.106602031301202 5.676037206575425
14.100023631919324 5.671318647194682
14.092801726899465 5.6661419419038275
14.084874418581352 5.660463737819143
14.076174073612068 5.654236811758206
14.066626836221785 5.647409772469003
14.056152109510048 5.639926750017588
14.044662004676432 5.631727074132407
14.032060758678817 5.622744943996013
14.018244121494497 5.612909092805907
14.00309871501804 5.602142451413554
13.986501366681951 5.590361816511768
13.968318422160332 5.577477530192272
13.948405043041657 5.5633931792513325
13.926604497164876 5.548005324391629
13.902747451432399 5.531203271455989
13.876651279370346 5.512868899026298
13.848119398521149 5.492876559108375
13.816940655937502 5.471093070162179
13.782888783597446 5.447377824364333
13.745721949456636 5.421583033615199
13.705182434048899 5.393554141298762
13.660996466960109 5.3631304290017745
13.61287426201208 5.330145849083447
13.560510294431616 5.294430114892196
13.503583867415148 5.255810080234137
13.441760019035902 5.214111438044519
13.374690823011527 5.169160764696984
13.302017138016739 5.120787930587996
13.22337085948261 5.068828889149218
13.138377724613543 5.013128844917939
13.046660715088587 4.953545786493027
12.947844092019597 4.8899543520550965
12.841558083700964 4.822249973818257
12.727444228120337 4.750353223816191
12.60516134893217 4.67421425770961
12.474392115748454 4.5938172271759035
12.334850107680975 4.509184506691334
12.186287264044603 4.420380559326945
12.028501569479802 4.327515251020235
11.86134478447045 4.230746416216388
11.684729998782718 4.130281482182814
11.498638757540057 4.026377976581724
11.303127490435731 3.919342774093553
11.0983329668102 3.809529982922034
10.884476505399121 3.697337429401082
10.661866689142451 3.5832017657190707
10.430900373127338 3.467592297672964
10.192061826819922 3.351003701016124
9.945919918134962 3.2339478604918925
9.693123323170605 3.116945119291578
9.434393827056821 3.0005152634977037
9.170517863052071 2.8851685825793147
8.90233651325182 2.7713973416198012
8.630734259824298 2.6596679742318865
8.356626826166785 2.550414259653541
8.080948479635534 2.444031687625136
7.804639179929216 2.340873145756629
7.528631949807444 2.2412459920900396
7.253840819140506 2.1454105061014404
6.981149652128897 2.053579649306518
6.711402114625989 1.9659200155443468
6.445392978055168 1.8825538130916994
6.183860892710555 1.8035616967459553
5.927482700241442 1.7289862573806674
5.676869296232245 1.6588359777081154
5.432563001623834 1.5930894739081465
5.195036358058264 1.531699860913282
4.9646922280191905 1.4745991019607125
4.741865056093813 1.4217022282157175
4.526823132395778 1.3729113398705834
4.319771692299948 1.3281193245867986
4.120856686983531 1.2872132513768888
3.9301690655180836 1.2500774173294233
3.747749420048248 1.2165960406346883
3.5735928596160225 1.1866556061195752
3.4076539942554875 1.1601468791052298
3.2498519280667186 1.1369666101532998
3.1000751772355866 1.1170189575360663
2.9581864457391713 1.100216656450865
2.8240272072798653 1.0864819644917265
2.697422056496341 1.0757474120518382
2.578182805511249 1.0679563844742443
2.4661123133076392 1.0630635601570029
2.3610080452772326 1.0610352256597484
2.262665368614459 1.061849485305065
2.1708805961430135 1.0654963789253475
2.085453796782685 1.0719779173359607
2.0061913953278774 1.0813080408441347
1.9329085876447716 1.0935125016263845
1.865431599913439 1.1086286660999134
1.8035998222277232 1.1267052284369046
1.7472678477628714 1.1478018210832752
1.6963074488203858 1.1719885025133392
1.6506095202881028 1.1993450964724686
1.6100860192578674 1.2299603506715497
1.574671926473717 1.2639308764143042
1.5443272505766497 1.3013598241856201
1.5190390892740016 1.3423552441840452
1.4988237519567238 1.3870280757293765
1.483728935139459 1.4354897062669323
1.4738359245100625 1.4878490404969815
1.4692617743910914 1.544209024522158
1.4701613861371976 1.604662580746909
1.4767293707780846 1.669287928822667
1.4892015379910757 1.7381432986088623
1.5078558041757302 1.811261085142263
1.533012259489992 1.8886415544994182
1.565032081870503 1.970246283245552
1.6043149427561023 2.055991600477571
1.6512945250193187 2.145742394365493
1.7064317818657404 2.239306734279083
1.7702056211251487 2.336431830149847
1.8431008163354559 2.4368018840721968
1.9255931331704064 2.5400383655728196
2.0181319159199425 2.64570314496718
2.121120687938454 2.7533047410992397
2.2348966487964037 2.862307687208387
2.3597102499247202 2.9721447160904395
2.4957062416704465 3.0822311542609486
2.6429076534073204 3.1919806458454105
2.8012040588347027 3.3008211506739236
2.9703451863796544 3.4082101136519802
3.14994049198274 3.513647795462041
3.339464782680247 3.616687971235596
3.5382694460060113 3.7169455033467287
3.7455983822748413 3.8141006234095025
3.960607414616211 3.9079000641866473
4.182385794958469 3.9981554240530084
4.409978430470218 4.084739303205076
4.642407595773633 4.167579819310042
4.878693128138574 4.246654102887141
5.117870379024093 4.321981309953535
5.359005474571435 4.393615594050248
5.601207689603418 4.4616393719500875
5.843638946238146 4.526157112464561
6.085520602253113 4.587289785567421
6.32613779699074 4.645170034336091
6.564841680259314 4.699938076027268
6.801049871271301 4.751738299570731
7.034245489615597 4.80071650222132
7.263975077264316 4.847017694947478
7.489845696928334 4.890784401349473
7.711521453322198 4.932155375877637
7.928719644134357 4.971264671753426
8.141206709431206 5.008240995685875
8.348794113488117 5.043207294077791
8.551334262470537 5.076280523154692
8.748716535253322 5.107571562836184
8.940863482866135 5.137185240924686
9.127727234263517 5.165220440177206
9.30928613189978 5.191770266016801
9.485541609457037 5.216922257056547
9.65651531554866 5.240758624310551
9.822246480850973 5.263356508030753
9.982789521499988 5.284788243617778
10.138211868376855 5.305121630089598
10.288592009797307 5.324420196228413
10.434017733867998 5.342743460831066
10.574584556171937 5.360147184520134
10.710394318331181 5.376683611381753
10.84155394323512 5.392401699324666
10.968174333213065 5.407347338538091
11.090369398089065 5.42156355779312
11.208255200822315 5.435090718607231
11.32194920926095 5.447966697493596
11.431569643384814 5.460227056661942
11.537234908258275 5.47190520363836
11.639063103738911 5.483032540337803
11.737171602779092 5.493638602163137
11.831676690907168 5.503751187724905
11.922693260178043 5.513396479781451
12.010334551537143 5.522599157993773
12.09471194014646 5.5313825040764835
12.175934758777494 5.539768499907956
12.254110154884875 5.547777919141101
12.329342977438815 5.555430412832536
12.401735690016807 5.5627445895834535
12.471388307038128 5.569738090660923
12.538398350371619 5.576427660544442
12.60286082386095 5.582829213319663
12.664868203594938 5.588957895319751
12.724510442006263 5.594828144394975
12.781874984112868 5.600453746173104
12.837046794424667 5.605847887657145
12.890108393226537 5.6110232084928855
12.941139901118815 5.615991850226774
12.99021909085086 5.620765503864896
13.037421445623364 5.625355456036224
13.082820223162766 5.629772634057938
13.126486524988 5.634027650197619
13.168489370397074 5.638130845426384
13.208895774800377 5.642092332958788
13.247770832119928 5.645922041879599
13.28517780106068 5.649629761164459
13.321178195142117 5.653225184411176
13.355831876457142 5.65671795561108
13.389197153201444 5.660117716305751
13.421330881091249 5.663434154493794
13.452288568861476 5.666677055675374
13.482124488110939 5.669856356449492
13.510891787837174 5.672982201110715
13.538642614081951 5.676065001728898
13.56542823519037 5.679115502237943
13.59129917327305 5.682144847108455
13.616305342553316 5.685164655235213
13.640496195380887 5.688187099734573
13.663920876801992 5.691224994420408
13.686628388694453 5.694291887811437
13.7086677646074 5.697402165619195
13.730088256590658 5.700571162776642
13.750939535461363 5.703815286194433
13.771271906137553 5.707152149578218
13.791136539874081 5.710600721808924
13.810585725468838 5.714181490582885
13.829673141771893 5.717916643234414
13.84845415413211 5.721830266925641
13.866986137761751 5.7259485706938635
13.885328831397358 5.730300132203486
13.903544725094216 5.734916172467821
13.921699486523327 5.739830862297719
13.939862430757692 5.745081664814112
13.958107039255482 5.750709719048311
13.976511534591554 5.756760270469974
13.995159518480508 5.763283155255877
14.014140681804307 5.770333346277828
14.033551596742882 5.777971570188612
14.0534966027532 5.786265006675171
14.07408880010849 5.795288082996862
14.095451167066242 5.805123379420455
14.117717819571087 5.815862664212862
14.141035435829725 5.8276080805987975
14.165564872262994 5.840473512715211
14.19148300242707 5.854586163332418
14.218984816734844 5.870088383269252
14.248285828499963 5.887139801406751
14.279624841358459 5.905919815530257
14.313267145003035 5.926630518604941
14.349508221058022 5.949500153453797
14.388678059707788 5.974787212426769
14.431146211539197 6.002785329248345
14.47732772954226 6.033829150174245
14.527690195463018 6.068301424153807
14.582762075631305 6.106641621472136
14.643142718013923 6.14935648382726
14.709514390178947 6.197033035274427
14.78265687500927 6.250354756404249
14.863465298663227 6.310121863274995
14.952972079769633 6.37727696741159
15.052374184088217 6.452937868082832
15.163067280457057 6.538439911398363
15.28668897559682 6.635391349388981
15.425174140038074 6.745746616541326
15.580826554916545 6.8719046887429425
15.756412917556949 7.016843162740222
15.955287983355587 7.184304183728833
16.181563865243426 7.379057245185974
16.440343250563522 7.607278712339234
16.73804729716356 7.877113423910288
17.08288750917131 8.199529190974602
17.485563279361624 8.589659451680587
17.960325773913475 9.068993794892226
18.526661656167153 9.669114701052743
19.212078816976188 10.4384239945508
20.05697348124601 11.455079806988843
21.12373737893624 12.854051601829486
22.515389459401025 14.890263084786813
24.418621409717144 18.110000475771912
27.222529056621386 23.93324697169719
31.9556210235392 37.54535989735835
43.17797058632318 101.8575135187595
