6.114434577193906 2.4357220377288016
6.128609842905815 2.442133861885874
6.142766395259231 2.4485586792870007
6.15690378036461 2.454996302729269
6.1710215445325085 2.461446543764127
6.185119234311096 2.467909212710188
6.199196396523702 2.4743841186663245
6.213252578306369 2.4808710695250475
6.227287327145424 2.4873698719861705
6.241300190915045 2.4938803315707547
6.255290717914822 2.500402252635336
6.269258456907304 2.5069354383864297
6.283202957155524 2.5134796908953114
6.297123768460496 2.5200348111130704
6.311020441198673 2.5266005988859344
6.324892526359357 2.5331768529708643
6.338739575582062 2.5397633710514116
6.352561141193813 2.5463599497538416
6.3663567762463735 2.5529663846635153
6.380126034553406 2.5595824703415286
6.393868470727539 2.5662080003416046
6.407583640217347 2.572842767227238
6.421271099344234 2.5794865625890857
6.434930405339203 2.586139177062604
6.4485611163795165 2.592800400345922
6.462162791625235 2.5994700212179565
6.475734991255622 2.606147827556756
6.489277276505413 2.612833606358079
6.502789209700944 2.619527143754193
6.516270354296119 2.626228225032899
6.529720274908228 2.632936634656773
6.543138537353585 2.639652156282617
6.5565247086830025 2.6463745727811268
6.56987835721708 2.6531036662567584
6.5831990525813 2.6598392180677974
6.5964863657409305 2.666581008846625
6.609739869035724 2.6733288185201753
6.622959136214401 2.680082426330578
6.6361437424689225 2.686841610855987
6.649293264468528 2.6936061500315813
6.66240728039355 2.700375821170744
6.675485369968983 2.7071504009864054
6.688527114497809 2.713929665612549
6.701532096894071 2.7207133906258765
6.714499901715683 2.7275013510676254
6.727430115196978 2.734293321465532
6.740322325280984 2.7410890758559376
6.753176121651414 2.747888387806031
6.765991095764376 2.7546910304362235
6.778766840879787 2.7614967764426477
6.7915029520924985 2.768305398119778
6.804199026363102 2.7751166673831653
6.816854662548434 2.781930355792282
6.829469461431767 2.7887462345734675
6.842043025752668 2.7955640746429764
6.854574960236538 2.802383646630114
6.867064871623813 2.809204720900461
6.879512368698829 2.8160270675791774
6.891917062318336 2.822850456574382
6.90427856543967 2.829674657600601
6.916596493148565 2.8364994402022763
6.928870462686601 2.8433245737773363
6.941100093478294 2.850149827600811
6.9532850071578105 2.8569749708484986
6.965424827595307 2.8637997726206663
6.977519180922889 2.870624001965786
6.98956769556019 2.8774474279042974
7.001570002239552 2.8842698194523892
7.0135257340308215 2.891090945645799
7.0254345263657445 2.897910575563619
7.037296017061957 2.9047284783521046
7.049109846346574 2.9115444232484813
7.060875656879366 2.91835817960474
7.072593093775524 2.925169516911417
7.084261804628001 2.9319782048213536
7.095881439529448 2.938784013173427
7.107451651093705 2.945586712016246
7.118972094476886 2.95238607163181
7.130442427398017 2.9591818625591193
7.141862310159252 2.9659738556177344
7.153231405665648 2.972761821931278
7.164549379444499 2.9795455329508713
7.175815899664238 2.9863247604785035
7.187030637152884 2.9930992766903217
7.198193265416051 2.999868854159843
7.209303460654504 3.0066332658810766
7.220360901781271 3.0133922852915536
7.231365270438294 3.020145686295258
7.242316251012635 3.0268932432854507
7.253213530652222 3.0336347311673877
7.264056799281138 3.0403699253809173
7.274845749614452 3.0470986019229587
7.285580077172596 3.0538205373698513
7.296259480295269 3.0605355088995734
7.306883660154896 3.0672432943138213
7.3174523207696085 3.0739436720599445
7.3279651690157745 3.0806364212527337
7.338421914640059 3.0873213216960536
7.348822270271019 3.0939981539043155
7.359165951430242 3.1006666991237872
7.369452676543012 3.107326739353733
7.379682166948515 3.113978057367377
7.389854146909582 3.1206204367326915
7.399968343621964 3.127253661832996
7.410024487223146 3.1338775178873703
7.420022310800699 3.1404917909708736
7.429961550400168 3.1470962680345633
7.439841945032496 3.153690736925313
7.449663236680998 3.160274986405423
7.459425170307857 3.1668488061720166
7.469127493860182 3.1734119868762245
7.478769958275595 3.1799643201421444
7.488352317487363 3.186505598585579
7.497874328429089 3.1930356158325455
7.50733575103893 3.1995541665375526
7.516736348263383 3.2060610464016395
7.52607588606061 3.2125560521901777
7.535354133403322 3.219038981750428
7.5445708622812155 3.225509634028849
7.553725847702967 3.2319678090881583
7.562818867697792 3.2384133081241355
7.5718497033165555 3.2448459334821718
7.58081813863246 3.2512654886735572
7.589723960741291 3.257671778391505
7.598566959761239 3.2640646085269065
7.607346928832293 3.270443786183824
7.616063664115205 3.276809119694703
7.624716964790046 3.283160418635315
7.633306633054332 3.2894974938394217
7.641832474120738 3.295820157413159
7.650294296214411 3.3021282227491384
7.658691910569863 3.3084215045402665
7.667025131427467 3.3146998187932737
7.675293776029551 3.3209629828419587
7.6834976646160955 3.32721081536014
7.691636620420041 3.333443136374315
7.699710469662199 3.339659767276027
7.707719041545793 3.3458605308339333
7.715662168250596 3.35204525120558
7.723539684926719 3.3582137539488737
7.7313514296880035 3.364365866033259
7.739097243605062 3.370501415850589
7.746776970697943 3.3766202332256974
7.754390457928448 3.3827221494266655
7.761937555192083 3.388806997174787
7.769418115309671 3.394874610654226
7.776831994018608 3.400924825521371
7.784179049963787 3.406957478913882
7.79145914468818 3.4129724094594303
7.7986721426230945 3.418969457284133
7.805817911078097 3.4249484640206793
7.812896320230621 3.4309092728161503
7.819907243115257 3.436851728339529
7.826850555612728 3.442775676788907
7.83372613643856 3.448680965898378
7.840533867131459 3.454567444944632
7.847273632041375 3.460434964753235
7.853945318317295 3.4662833777046056
7.860548815894734 3.472112537739689
7.867084017482956 3.47792230036532
7.873550818551913 3.4837125226592853
7.8799491173189224 3.4894830632750806
7.886278814735069 3.4952337824463644
7.892539814471357 3.500964541991112
7.898732022904608 3.506675205315467
7.9048553491031015 3.5123656374172914
7.910909704811986 3.518035704889422
7.916895004438441 3.5236852759226247
7.922811165036617 3.529314220308255
7.928658106292341 3.5349224094406257
7.934435750507606 3.5405097163190784
7.940144022584845 3.5460760155497666
7.945782850010994 3.551621183347149
7.951352162841351 3.557145097535193
7.956851893683236 3.562647637548295
7.962281977679461 3.5681286844319153
7.967642352491607 3.5735881208429316
7.972932958283127 3.5790258310497123
7.978153737702262 3.5844417009319125
7.983304635864797 3.589835617979994
7.988385600336643 3.595207471294473
7.993396581116266 3.600557151584894
7.998337530616957 3.605884551168541
8.003208403648955 3.6111895639688756
8.008009157401428 3.616472085513716
8.012739751424315 3.6217320129331543
8.01740014761003 3.6269692449572144
8.021990310175054 3.6321836819132547
8.026510205641394 3.637375225723118
8.030959802817922 3.6425437799000298
8.035339072781618 3.6476892495452518
8.039647988858695 3.652811541344488
8.043886526605633 3.6579105635640516
8.048054663790108 3.662986226046791
8.052152380371844 3.6680384402077815
8.056179658483371 3.673067119029784
8.060136482410712 3.6780721770584743
8.06402283857399 3.683053530397445
8.06783871550797 3.688011096702986
8.071584103842534 3.6929447951786423
8.07525899628311 3.6978545465695567
8.078863387591024 3.702740273156598
8.082397274563833 3.7076018987502803
8.08586065601559 3.7124393486844722
8.08925353275709 3.717252549809905
8.092575907576064 3.722041430487478
8.095827785217363 3.7268059205813704
8.099009172363104 3.7315459514519547
8.102120077612808 3.736261455948523
8.105160511463517 3.740952368401827
8.1081304862899 3.7456186246164305
8.111030016324364 3.750260161862887
8.113859117637153 3.7548769188697375
8.116617808116462 3.7594688358153356
8.119306107448553 3.7640358543195047
8.121924037097882 3.7685779174350267
8.124471620287256 3.7730949696389704
8.126948881977995 3.77758695682386
8.129355848850139 3.782053826288688
8.131692549282665 3.7864955267297753
8.133959013333758 3.790912008231484
8.136155272721112 3.7953032222567855
8.138281360802269 3.799669121637686
8.140337312555015 3.8040096605655136
8.142323164557824 3.808324794581074
8.144238954970351 3.8126144805646716
8.146084723513994 3.8168786767260046
8.147860511452507 3.8211173425939373
8.149566361572688 3.8253304390061507
8.151202318165142 3.8295179280986753
8.152768427005094 3.8336797732953136
8.154264735333314 3.8378159392969486
8.155691291837087 3.841926392070748
8.1570481466313 3.8460110988392646
8.158335351239595 3.8500700280694384
8.159552958575617 3.8541031494614986
8.160701022924362 3.8581104339377763
8.161779599923623 3.8620918536314264
8.162788746545527 3.866047381875062
8.163728521078186 3.869976993189307
8.164598983107457 3.8738806632712697
8.165400193498796 3.877758368982937
8.166132214379244 3.8816100883395
8.166795109119521 3.885435800497604
8.167388942316231 3.8892354857435376
8.167913779774207 3.893009125481354
8.168369688488959 3.8967567022209337
8.168756736629266 3.9004781995659896
8.169074993519894 3.904173602202018
8.169324529624433 3.907842895884199
8.169505416528288 3.9114860674252463
8.169617726921796 3.9151031046832165
8.169661534583481 3.9186939965492726
8.16963691436346 3.9222587329354095
8.169543942166984 3.925797304762144
8.169382694938129 3.929309703946171
8.169153250643637 3.9327959233879883
8.168855688256908 3.936255956959497
8.16849008774214 3.939689799491573
8.168056530038623 3.94309744676162
8.167555097045204 3.9464788954811008
8.16698587160489 3.9498341432830535
8.166348937489627 3.9531631887095933
8.16564437938523 3.9564660311994033
8.164872282876486 3.959742671075216
8.164032734432423 3.9629931095312902
8.163125821391736 3.9662173486208814
8.162151631948388 3.9694153912437145
8.16111025513739 3.9725872411334557
8.160001780820734 3.97573290284519
8.158826299673516 3.978852381742902
8.157583903170227 3.9819456839869685
8.156274683571223 3.9850128165216594
8.154898733909361 3.988053787062653
8.153456147976835 3.9910686040845675
8.151947020312171 3.9940572768085074
8.150371446187414 3.9970198151896312
8.148729521595495 3.9999562299047424
8.14702134323778 4.002866532339902
8.145247008511804 4.005750734578068
8.143406615499188 4.0086088493867615
8.141500262953748 4.011440890205768
8.139528050289785 4.014246871134862
8.13749007757056 4.0170268069215735
8.135386445496968 4.019780712948987
8.133217255396394 4.022508605223574
8.130982609211758 4.025210500363074
8.128682609490752 4.027886415584408
8.126317359375278 4.0305363686916404
8.123886962591056 4.03316037806398
8.121391523437449 4.035758462643833
8.118831146777461 4.038330641924902
8.116205938027942 4.0408769359403305
8.11351600314998 4.043397365250904
8.110761448639488 4.045891950933298
8.107942381517992 4.048360714568385
8.105058909323597 4.0508036782295935
8.102111140102174 4.053220864471325
8.099099182398717 4.055612296317429
8.096023145248914 4.057977997249737
8.092883138170901 4.060317991196657
8.089679271157221 4.062632302521829
8.086411654666978 4.06492095601285
8.083080399618181 4.067183976870053
8.07968561738029 4.0694213906953625
8.076227419766958 4.071633223481205
8.072705919028968 4.073819501599501
8.069121227847365 4.075980251790712
8.065473459326787 4.07811550115297
8.06176272698899 4.080225277131269
8.05798914476657 4.082309607506729
8.05415282699688 4.084368520385942
8.050253888416146 4.086402044190379
8.046292444153773 4.088410207645882
8.04226860972685 4.090393039772228
8.03818250103485 4.092350569872763
8.03403423435452 4.094282827524125
8.029823926334974 4.096189842566039
8.025551693992972 4.098071645091188
8.021217654708398 4.099928265435165
8.016821926219928 4.101759734166513
8.012364626620888 4.103566082076831
8.007845874355318 4.105347340170978
8.003265788214213 4.1071035396573405
7.998624487331955 4.1088347119382025
7.993922091182954 4.110540888600185
7.989158719578461 4.112222101404771
7.984334492663577 4.11387838227892
7.979449530914458 4.115509763305765
7.974503955135695 4.1171162767153895
7.969497886457898 4.1186979548756995
7.964431446335453 4.120254830283375
7.959304756544481 4.121786935554907
7.954117939180967 4.123294303417728
7.94887111665909 4.124776966701424
7.943564411709728 4.126234958329036
7.938197947379151 4.127668311308448
7.9327718470278965 4.129077058723867
7.927286234329832 4.130461233727385
7.921741233271389 4.131820869530639
7.916136968150993 4.133155999396547
7.9104735635786625 4.134466656631148
7.904751144475792 4.1357528745755205
7.898969836075116 4.137014686597793
7.893129763920845 4.138252126085246
7.887231053868985 4.139465226436506
7.88127383208783 4.140654021053825
7.875258225058633 4.141818543335449
7.869184359576446 4.142958826668084
7.86305236275114 4.144074904419446
7.856862362008596 4.145166809930901
7.850614485092063 4.146234576510203
7.844308860063693 4.147278237424315
7.8379456153062455 4.148297825892321
7.831524879524958 4.149293375078433
7.825046781749585 4.150264918085087
7.818511451336605 4.151212487946126
7.811919017971598 4.1521361176200795
7.805269611671776 4.153035839983527
7.798563362788691 4.15391168782456
7.791800402011098 4.154763693836326
7.7849808603679795 4.155591890610671
7.778104869231739 4.156396310631864
7.771172560321543 4.1571769862704215
7.764184065706829 4.1579339497770125
7.75713951781097 4.158667233276461
7.750039049415094 4.159376868761834
7.742882793662061 4.160062888088624
7.73567088406059 4.160725322969016
7.728403454489543 4.161364204966247
7.721080639202362 4.161979565489057
7.713702572831653 4.162571435786225
7.706269390393921 4.163139846941198
7.698781227294452 4.16368482986681
7.69123821933235 4.164206415300083
7.683640502705707 4.164704633797128
7.675988214016929 4.165179515728123
7.668281490278201 4.165631091272388
7.660520468917091 4.166059390413549
7.652705287782305 4.166464442934781
7.644836085149571 4.166846278414147
7.636912999727669 4.167204926220026
7.628936170664595 4.167540415506622
7.62090573755386 4.167852775209565
7.61282184044093 4.168142034041601
7.604684619829788 4.168408220488365
7.596494216689643 4.1686513628042405
7.588250772461755 4.168871489008314
7.579954429066402 4.169068626880405
7.571605328909964 4.1692428039571885
7.563203614892143 4.1693940475284075
7.554749430413303 4.169522384633162
7.546242919381936 4.169627842056292
7.537684226222249 4.169710446324841
7.529073495881875 4.169770223704608
7.5204108738396975 4.169807200196788
7.511696506113805 4.169821401534685
7.502930539269548 4.169812853180531
7.494113120427723 4.169781580322366
7.485244397272864 4.169727607871021
7.476324518061649 4.169650960457177
7.467353631631414 4.16955166242851
7.458331887408784 4.16942973784692
7.449259435418405 4.169285210485845
7.440136426291783 4.169118103827658
7.430963011276231 4.168928441061144
7.421739342243916 4.168716245079071
7.412465571701013 4.16848153847583
7.40314185279695 4.168224343545172
7.3937683393337625 4.167944682278018
7.384345185775533 4.1676425763603575
7.374872547257939 4.167318047171225
7.365350579597882 4.166971115780766
7.355779439303215 4.166601802948379
7.346159283582561 4.166210129120944
7.336490270355218 4.165796114431131
7.326772558261148 4.165359778695792
7.317006306671057 4.164901141414436
7.307191675696555 4.164420221767783
7.297328826200399 4.1639170386164
7.28741791980681 4.163391610499427
7.277459118911878 4.162843955633369
7.267452586694035 4.16227409191099
7.2573984871246076 4.161682036900267
7.247296984978435 4.161067807843442
7.237148245844567 4.160431421656152
7.226952436137025 4.159772894926631
7.216709723105628 4.1590922439150075
7.206420274846888 4.158389484552674
7.196084260314968 4.1576646324417394
7.185701849332696 4.1569177028545665
7.175273212602643 4.156148710733388
7.164798521718257 4.155357670690001
7.154277949175049 4.154544597005552
7.143711668381835 4.1537095036303935
7.133099853672027 4.152852404184025
7.1224426803149745 4.151973311955121
7.111740324527348 4.151072239901634
7.100992963484575 4.150149200650979
7.090200775332308 4.149204206500306
7.07936393919794 4.148237269416846
7.068482635202155 4.147248401038346
7.057557044470516 4.146237612673581
7.046587349145082 4.145204915302952
7.035573732396059 4.1441503195791585
7.02451637843348 4.1430738358279635
7.013415472518911 4.141975474049034
7.002271200977179 4.1408552439168655
6.991083751208123 4.139713154781788
6.979853311698363 4.138549215671057
6.968580072033091 4.137363435290026
6.957264222907864 4.136155822023399
6.945905956140424 4.134926383936576
6.934505464682514 4.1336751287770666
6.923062942631709 4.132402063976001
6.911578585243246 4.131107196649719
6.900052588941858 4.129790533601438
6.888485151333604 4.128452081323018
6.876876471217701 4.127091845996794
6.8652267485983405 4.125709833497508
6.853536184696505 4.1243060493943196
6.841804981961762 4.122880498952898
6.830033344084053 4.1214331871376055
6.818221476005456 4.119964118613763
6.806369583931935 4.1184732977500005
6.79447787534506 4.1169607286206995
6.782546559013705 4.115426415008513
6.770575845005708 4.113870360406978
6.758565944699515 4.112292568023214
6.746517070795767 4.110693040780705
6.73442943732887 4.109071781322177
6.722303259678502 4.107428792012551
6.710138754581097 4.105764074942
6.697936140141263 4.104077631929076
6.68569563584316 4.102369464523945
6.673417462561816 4.100639574011692
6.661101842574394 4.098887961415731
6.6487489995713895 4.097114627501299
6.636359158667771 4.095319572779034
6.623932546414046 4.093502797508654
6.6114693908072635 4.091664301702719
6.5989699213019355 4.089804085130492
6.5864343688208855 4.087922147321878
6.573862965766013 4.086018487571473
6.561255946028975 4.084093104942689
6.548613545001777 4.082145998271982
6.535935999587273 4.080177166173168
6.523223548209573 4.078186607041833
6.510476430824344 4.076174319059843
6.497694888929016 4.074140300199938
6.484879165572877 4.072084548230426
6.472029505367057 4.070007060719975
6.4591461544944 4.067907835042496
6.446229360719219 4.065786868382122
6.433279373396923 4.063644157738283
6.420296443483527 4.061479699930884
6.407280823545023 4.059293491605571
6.3942327677666295 4.057085529239099
6.381152531961885 4.054855809144797
6.3680403735816205 4.052604327478135
6.35489655172277 4.05033108024238
6.34172132713704 4.048036063294363
6.3285149622394234 4.045719272350338
6.315277721116553 4.043380702991939
6.302009869534893 4.041020350672247
6.288711674948767 4.038638210721945
6.275383406508213 4.036234278355585
6.262025335066661 4.033808548677948
6.248637733188438 4.031361016690512
6.2352208751560845 4.0288916772980174
6.221775036977479 4.0264005253151405
6.2083004963927815 4.02388755547326
6.19479753288117 4.0213527624273375
6.181266427667378 4.0187961407628965
6.167707463728031 4.016217685003102
6.15412092579777 4.013617389615951
6.140507100375154 4.010995249021563
6.126866275728356 4.008351257599574
6.113198741900625 4.005685409696642
6.099504790715524 4.002997699634048
6.085784715781934 4.000288121715415
6.072038812498819 3.9975566702345176
6.058267378059757 3.9948033394832114
6.044470711457208 3.9920281237594613
6.030649113486551 3.9892310173754773
6.016802886749848 3.9864120146659583
6.002932335659353 3.9835711099964404
5.989037766440762 3.9807082977717556
5.975119487136183 3.977823572444594
5.961177807606835 3.9749169285241743
5.947213039535469 3.9719883605850237
5.933225496428505 3.969037863275862
5.919215493617875 3.9660654313285955
5.905183348262579 3.963071059567416
5.891129379349937 3.9600547429180097
5.87705390769654 3.957016476416872
5.862957255948896 3.9539562552207306
5.848839748583754 3.950874074616074
5.834701711908124 3.947769930028791
5.820543474058963 3.9446438170339126
5.8063653650025415 3.9414957313654644
5.792167716533473 3.938325668926425
5.777950862273411 3.9351336257987897
5.763715137669406 3.931919598253742
5.749460879991914 3.9286835827619293
5.735188428332454 3.9254255760038483
5.720898123600914 3.922145574880331
5.706590308522497 3.918843576523138
5.6922653276342965 3.9155195783056578
5.677923527281517 3.912173577853708
5.663565255613307 3.9088055730564406
5.649190862578222 3.9054155620773523
5.634800699919305 3.902003543365395
5.620395121168779 3.89856951566619
5.605974481642349 3.8951134780333434
5.591539138433108 3.8916354298398614
5.577089450405046 3.8881353707896666
5.5626257781861534 3.884613300929212
5.548148484161117 3.8810692206591955
5.533657932463601 3.8775031307463705
5.519154488968119 3.8739150323354528
5.504638521281476 3.8703049269611243
5.490110398733796 3.866672816560131
5.475570492369114 3.863018703483473
5.461019174935539 3.8593425905086907
5.4464568208749835 3.8556444808522365
5.431883806312448 3.851924378181943
5.417300509044867 3.8481822866295747
5.402707308529506 3.844418210803471
5.388104585871912 3.8406321558012713
5.373492723813404 3.8368241272227293
5.35887210671811 3.832994131182607
5.344243120559548 3.82914217432365
5.329606152906737 3.8252682638296456
5.314961592909847 3.821372407438557
5.300309831285375 3.8174546134557334
5.285651260300855 3.8135148907671974
5.270986273759087 3.8095532488530015
5.256315266981894 3.8055696978006583
5.241638636793396 3.801564248318638
5.226956781502804 3.7975369117499334
5.2122701008867285 3.7934877000856884
5.197578996171002 3.7894166259788906
5.1828838700120095 3.7853237027581224
5.168185126477538 3.7812089444413695
5.153483171027124 3.7770723657498855
5.138778410491909 3.7729139821221103
5.124071253054008 3.768733809727636
5.10936210822537 3.764531865481223
5.0946513868261505 3.760308167056858
5.07993950096258 3.756062732901857
5.065226864004336 3.7517955822510065
5.050513890561409 3.747506735140739
5.0358009964604795 3.743196212423343
5.021088598720781 3.738864035781206
5.006377115529471 3.7345102277410773
4.991666966216497 3.730134811688362
4.9769585712289635 3.72573781188143
4.962252352104992 3.721319253465946
4.9475487314470925 3.716879162489207
4.932848132895025 3.7124175659144973
4.918150981098167 3.707934491635443
4.903457701687386 3.703429968490372
4.888768721246407 3.698904026276674
4.874084467282699 3.6943566957651504
4.859405368197852 3.6897880087143613
4.844731853257483 3.6851979978849534
4.8300643525606315 3.6805866970539753
4.815403297008686 3.675954141029167
4.800749118273818 3.6713003656632273
4.786102248766935 3.6666254078680485
4.771463121605156 3.661929305628918
4.756832170578817 3.657212098018679
4.7422098301179965 3.652473825211849
4.727596535258578 3.647714528498691
4.712992721607847 3.642934250299228
4.6983988253096305 3.638133034177202
4.683815283008976 3.633310924853971
4.669242531816386 3.6284679682223366
4.6546810092716 3.6236042113602993
4.640131153306937 3.618719702544736
4.625593402210209 3.613814491264995
4.611068194587195 3.6088886282364014
4.596555969323693 3.603942165413671
4.582057165547159 3.5989751560042236
4.567572222587929 3.5939876544813916
4.553101579940033 3.588979716597522
4.53864567722162 3.583951399396959
4.524204954134981 3.5789027612289077
4.5097798504261934 3.573833861760172
4.495370805844389 3.568744761987758
4.480978260100649 3.5636355242513402
4.466602652826541 3.5585062122455855
4.4522444235323055 3.5533568910323257
4.437904011564692 3.548187627052574
4.423581856064469 3.54299848813838
4.4092783959235975 3.5377895435245197
4.394994069742097 3.532560863860008
4.3807293157846 3.527312521219435
4.366484571936607 3.522044589114112
4.35226027566046 3.5167571425030317
4.338056863951032 3.511450257803625
4.32387477329116 3.5061240129023163
4.309714439606808 3.5007784871648675
4.295576298222002 3.4954137614465055
4.281460783813516 3.4900299181018264
4.2673683303653505 3.4846270409944715
4.253299371122986 3.4792052155065676
4.239254338547454 3.473764528547924
4.225233664269209 3.4683050685649848
4.211237779041836 3.462826925549524
4.1972671126955925 3.4573301910470815
4.183322094090801 3.451814958165134
4.169403151071115 3.44628132158099
4.15551071041665 3.4407293775494088
4.141645197797023 3.4351592239099302
4.127807037724279 3.4295709600939195
4.113996653505752 3.423964687131308
4.100214467196853 3.418340507657035
4.0864608995538045 3.4126985259171767
4.07273636998634 3.407038847774764
4.0590412965103795 3.401361580715274
4.045376095700693 3.395666833851797
4.031741182643575 3.3899547179298692
4.018136970889539 3.384225345331968
4.004563872406045 3.3784788300816615
3.9910222975302845 3.3727152878474067
3.977512654922027 3.3669348359459947
3.9640353515165545 3.361137593345633
3.9505907924776897 3.35532368066866
3.9371793811509432 3.349493220193891
3.923801519016788 3.343646335858584
3.91045760564408 3.337783153260025
3.8971480386436426 3.331903799656725
3.8838732136220298 3.3260084039692273
3.870633524135482 3.3200970967805157
3.8574293616440936 3.314170010336023
3.84426111546621 3.3082272785432325
3.8311291727330645 3.3022690369708703
3.818033918343679 3.2962954228476833
3.804975734920038 3.2903065750607974
3.7919550027625575 3.284302634153655
3.7789720998058627 3.2782837423235263
3.766027401574892 3.2722500434185884
3.7531212811413406 3.2662016829345744
3.740254109080467 3.2601388080109834
3.7274262534282694 3.2540615674268527
3.714638079639057 3.247970111596086
3.7018899505434275 3.2418645925623375
3.6891822263066665 3.2357451639934447
3.6765152643875885 3.2296119811754167
3.6638894194978326 3.2234652010059635
3.65130504356163 3.217304981987575
3.638762485676058 3.2111314842201417
3.6262620920717965 3.204944869393117
3.6138042060744047 3.1987453007772206
3.601389168066129 3.1925329432156824
3.5890173154482623 3.186307963115021
3.5766889826040638 3.1800705284353645
3.564404500862262 3.173820808680304
3.552164198461148 3.167558974886287
3.5399684005132763 3.1612851996115436
3.5278174289707915 3.154999656924554
3.515711602591388 3.148702522392049
3.50365123690492 3.14239397306655
3.491636644180678 3.1360741874734486
3.479668133395338 3.1297433455976207
3.4677460102016058 3.1234016288695883
3.4558705768975604 3.1170492201512183
3.444042132396715 3.110686303720968
3.4322609721988044 3.104313065258676
3.4205273883613145 3.097929691829902
3.4088416694717605 3.091536371869816
3.39720410062073 3.0851332951666444
3.3856149633756982 3.07872065284467
3.3740745357556303 3.072298637346793
3.362583092206374 3.065867442416657
3.351140903576863 3.0594272630803396
3.33974823709613 3.0529782956276175
3.328405356351146 3.0465207375928043
3.317112521265492 3.0400547877351713
3.305869988078871 3.0335806460189514
3.294678009327472 3.027098513592933
3.2835368338251865 3.0206085927696513
3.272446706645696 3.0141110870041765
3.261407869105426 3.007606200872513
3.2504205587473787 3.001094140049607
3.239485009325853 2.9945751112869767
3.2286014507920524 2.988049322389963
3.217770109280587 2.981516982194615
3.2069912070968787 2.9749783005442154
3.1962649627054684 2.968433488265448
3.185591590719235 2.961882757144222
3.174971301889522 2.955326319901153
3.164404303097185 2.9487643901667164
3.1538907973445522 2.942197182456076
3.14343098374831 2.935624912143597
3.133025057533306 2.92904779543705
3.12267321002728 2.922466049351522
3.1123756286565154 2.9158798916830313
3.10213249694242 2.9092895409818675
3.091943994499028 2.9026952165256565
3.0818102970314265 2.8960971382921645
3.0717315763351083 2.8894955269318485
3.0617080002962447 2.8828906037401665
3.05173973289288 2.8762825906296507
3.041826934197043 2.86967171010176
3.0319697603777755 2.8630581852185184
3.0221683637050707 2.8564422395739517
3.0124228925547234 2.849824097265329
3.002733491414084 2.843203982864225
2.9931003008887127 2.8365821213874094
2.983523457709927 2.829958738267576
2.9740030947432454 2.823334059323921
2.9645393409977085 2.8167083107325843
2.9551323216360843 2.810081718996962
2.9457821579859425 2.8034545109178985
2.936488967551594 2.7968269135637813
2.9272528640268902 2.7901991542405318
2.9180739573088683 2.7835714604615194
2.9089523535122424 2.7769440599174016
2.8998881549847253 2.7703171804459026
2.890881460323177 2.763691050001546
2.881932364390567 2.7570658966253463
2.8730409583337404 2.7504419484144766
2.864207329601985 2.7438194334919217
2.8554315619663795 2.737198579976127
2.8467137355399164 2.730579615950656
2.8380539267983926 2.723962769433868
2.8294522086020497 2.717348268348627
2.8209086502179543 2.7107363404920544
2.812423317343112 2.704127213505332
2.803996272128295 2.697521114843575
2.7956275732025744 2.690918271745781
2.787317275698546 2.6843189112048615
2.779065431278237 2.677723259937781
2.7708720881596722 2.6711315443557995
2.7627372911441013 2.66454399053484
2.754661081643858 2.6579608241859862
2.746643497710847 2.651382270626124
2.7386845740656423 2.6448085547487366
2.7307843421271816 2.638239900994863
2.722942830043043 2.6316765333242347
2.7151600627202876 2.625118675186591
2.707436061856858 2.618566549493198
2.6997708459735117 2.612020378588565
2.6921644304462804 2.6054803842223833
2.684616827539432 2.598946787521685
2.6771280464389307 2.592419808963241
2.6696980932863683 2.5858996683461997
2.662326971213361 2.579386584764983
2.655014680376389 2.572880776582442
2.6477612179920684 2.5663824614032875
2.6405665783728343 2.5598918560477992
2.633430752963024 2.5534091765258253
2.6263537303753437 2.54693463801108
2.6193354964276994 2.5404684548157475
2.6123760341803792 2.5340108403653967
2.6054753239735717 2.527562007174223
2.5986333434652007 2.5211221668206165
2.5918500676690654 2.5146915299230663
2.5851254689932666 2.508270306116412
2.578459517278901 2.5018587040284435
2.5718521798390177 2.4954569312568586
2.565303421497806 2.489065194346589
2.558813204630014 2.482683698767491
2.55238148920057 2.476312648892417
2.546008232804399 2.4699522479756686
2.5396933907064176 2.463602698131836
2.533436915881687 2.4572642003150356
2.5272387590557144 2.4509369542985397
2.521098868744886 2.444621158654816
2.515017191297014 2.438317010735971
2.508993670931987 2.4320247066546066
2.503028249782506 2.4257444412650973
2.4971208679348895 2.4194764081452824
2.491271463469941 2.413220799578587
2.485479972503853 2.4069778065365677
2.479746329229146 2.4007476186618923
2.4740704659556156 2.394530424251752
2.468452313151285 2.3883264102417097
2.4628917994833417 2.382135762189988
2.4573888518590503 2.3759586642622
2.451943395466622 2.3697952992165225
2.4465553538160347 2.3636458483893135
2.4412246487797837 2.357510491681179
2.435951200633558 2.3513894075434845
2.4307349280968213 2.3452827729653203
2.425575748373294 2.3391907634609126
2.420473577191314 2.333113553057487
2.415428328844079 2.3270513142835836
2.4104399162297403 2.3210042181578228
2.4055082508913537 2.314972434178123
2.4006332430566664 2.3089561303113664
2.395814801677732 2.302955472983521
2.3910528344703423 2.296970627070207
2.3863472479532666 2.291001755887713
2.3816979474872877 2.2850490211844647
2.3771048373140236 2.2791125831329344
2.3725678205945275 2.2731926003219987
2.3680867994476538 2.2672892297497382
2.3636616749881845 2.2614026268166807
2.3592923473647036 2.255532945319482
2.354978715797212 2.2496803374450445
2.3507206786144765 2.243844953765072
2.3465181332911005 2.2380269432310547
2.3423709764843132 2.2322264531696847
2.338279104070467 2.226443629278699
2.3342424111812328 2.220678615623145
2.330260792239495 2.214931554632065
2.3263341409949283 2.209202587095603
2.3224623505592574 2.2034918521625175
2.3186453134411904 2.1977994873381093
2.3148829215810194 2.1921256284825534
2.311175066384882 2.1864704098096337
2.307521638758682 2.1808339638858745
2.303922529141656 2.1752164216300667
2.30037762753959 2.1696179123131825
2.2968868235576747 2.1640385635586767
2.2934500064329932 2.1584785013431667
2.2900670650666464 2.152937849997489
2.2867378880554994 2.147416732208126
2.2834623637235545 2.141915269019001
2.2802403801529403 2.1364335798336325
2.2770718252145192 2.1309717824176455
2.2739565865981044 2.125529992901633
2.2708945518422876 2.1201083257843654
2.2678856083638705 2.1147068939363383
2.264929643486903 2.109325808603656
2.262026544471317 2.1039651794122483
2.2591761985411645 2.098625114372405
2.2563784929124466 2.093305719883637
2.2536333148205405 2.088007100739844
2.2509405515472167 2.082729360134795
2.2483000904472483 2.0774725996679066
2.2457118189746104 2.0722369193503227
2.2431756247082664 2.0670224176112795
2.240691395377544 2.061829191304759
2.238259018887096 2.0566573357164195
2.2358783833414484 2.051506944570801
2.233549377069133 2.0463781100387957
2.2312718886464067 2.0412709227453827
2.229045806920555 2.0361854717776158
2.2268710210327805 2.031121844692863
2.224747420440677 2.0260801275272877
2.222674894940291 2.0210604048045706
2.2206533346877637 2.0160627595448606
2.2186826302205684 2.011087273273954
2.216762672478328 2.006134026032693
2.214893352823222 2.0012030963865794
2.213074563059988 1.9962945614355947
2.211306195455507 1.9914084968242256
2.2095881427579824 1.986544976751684
2.2079202982157167 1.9817040739823204
2.2063025555954745 1.9768858598562191
2.2047348092004495 1.9720904042999767
2.2032169538878232 1.9673177758376514
2.2017488850859275 1.9625680416018818
2.2003304988110064 1.957841267345168
2.1989616916835826 1.9531375174513086
2.1976423609444287 1.9484568549469898
2.1963724044701456 1.94379934151352
2.1951517207883535 1.9391650374987035
2.193980209092493 1.9345540019288503
2.192857769256241 1.9299662925209145
2.1917843018475454 1.9254019656947563
2.190759708142278 1.9208610765855234
2.1897838901375115 1.9163436790561446
2.188856750564419 1.9118498257099323
2.187978192900805 1.9073795679032883
2.187148121383264 1.9029329557585068
2.1863664410189747 1.8985100381766702
2.1856330575971294 1.8941108628506331
2.1849478777000035 1.8897354762780896
2.1843108087136676 1.8853839237747179
2.1837217588383435 1.8810562494873988
2.1831806370984115 1.8767524964075029
2.1826873533520676 1.8724727063842403
2.182241818300636 1.8682169201380727
2.1818439434975394 1.8639851772741765
2.181493641356931 1.8597775162959587
2.1811908251619903 1.855593974618619
2.180935409072888 1.8514345885827515
2.1807273081344207 1.8472993934679853
2.180566438283321 1.8431884235066578
2.1804527163552434 1.839101711897517
2.1803860600914335 1.8350392908194493
2.1803663881450817 1.8310011914452269
2.180393620087361 1.826987443955274
2.1804676764131607 1.822998077551445
2.180588478546511 1.8190331204708126
2.180755948845708 1.815092599999462
2.1809700106081356 1.8111765424862867
2.1812305880747993 1.8072849733567826
2.1815376064345604 1.8034179171268383
2.181890991828085 1.7995753974165163
2.1822906713515087 1.795757436963822
2.182736573059816 1.7919640576384592
2.183228625969944 1.7881952804555656
2.1837667600636106 1.7844511255894289
2.184350906289867 1.7807316123871766
2.1849809965673863 1.77703675938244
2.185656963786484 1.7733665843089874
2.186378741810877 1.769721104114323
2.1871462654791824 1.7661003349732516
2.187959470606163 1.7625042923014034
2.1888182939837186 1.7589329907687177
2.1897226733816284 1.755386444312883
2.1906725475480466 1.7518646661527297
2.1916678562097576 1.748367668801575
2.192708540072187 1.744895464080515
2.1937945408191806 1.741448063131665
2.194925801112546 1.7380254764313412
2.1961022645913655 1.7346277138031871
2.1973238758710805 1.7312547844312376
2.1985905805423522 1.7279066968729204
2.1999023251696994 1.7245834590719948
2.2012590572899184 1.7212850783714224
2.2026607254102877 1.7180115615261697
2.2041072790065566 1.7147629147159411
2.205598668520728 1.7115391435578393
2.2071348453586306 1.7083402531189524
2.2087157618872886 1.705166247928865
2.210341371432087 1.7020171319920927
2.21201162827374 1.6988929088004376
2.2137264876450637 1.6957935813452643
2.2154859057275513 1.692719152129693
2.2172898396477603 1.6896696231807105
2.21913824747351 1.686644996061197
2.221031088209893 1.6836452718818666
2.222968321795103 1.6806704513131203
2.22494990909608 1.6777205345968116
2.22697581190398 1.6747955215579227
2.2290459929294664 1.6718954116161493
2.231160415797826 1.6690202037973947
2.2333190450439155 1.6661698967451706
2.2355218461069386 1.6633444887319044
2.2377687853250547 1.6605439776701523
2.2400598299298227 1.6577683611237155
2.242394948040484 1.6550176363186617
2.2447741086580817 1.6522918001542484
2.247197281659425 1.649590849213748
2.2496644377908943 1.6469147797751753
2.252175548662093 1.644263587821913
2.2547305867393463 1.64163726905324
2.257329525339052 1.6390358188947567
2.2599723386208788 1.63645923250871
2.262659001580821 1.6339075048042153
2.265389490044108 1.6313806304473772
2.26816378065797 1.6288786038713057
2.270981850884265 1.6264014192860297
2.273843678991962 1.623949070688306
2.27674924404949 1.6215215518713249
2.279698525916953 1.619118856434309
2.282691505238204 1.6167409777920092
2.285728163432794 1.614387909184093
2.288808482687786 1.612059643684428
2.291932445949439 1.6097561742102595
2.2951000369147656 1.6074774935312814
2.2983112400229646 1.6052235942786
2.301566040446725 1.6029944689535913
2.3048644240834095 1.600790109936652
2.308206377546117 1.5986105094958416
2.3115918881546182 1.5964556597954194
2.3150209439261813 1.594325552904272
2.3184935335662713 1.592220180804234
2.322009646459138 1.5901395353983017
2.3255692726582864 1.5880836085187375
2.3291724028768326 1.5860523919350686
2.3328190284777492 1.5840458773619757
2.336509141463997 1.5820640564670752
2.340242734468545 1.5801069208785934
2.344019800744286 1.5781744621929328
2.347840334153837 1.5762666719821299
2.3517043291592405 1.5743835418012067
2.3556117808115515 1.5725250631954129
2.3595626847403253 1.5706912277073612
2.3635570371429995 1.568882026884056
2.367594834774173 1.5670974522838121
2.3716760749347823 1.565337495483069
2.375800755461179 1.5636021480830957
2.3799688747141037 1.5618914017165897
2.384180431567566 1.560205248054168
2.38843542539762 1.5585436788107518
2.3927338560710476 1.556906685751845
2.3970757239339426 1.5552942606997044
2.401461029800201 1.553706395539406
2.405889774939913 1.5521430822248024
2.4103619610676668 1.5506043127843765
2.414877590330754 1.5490900793269875
2.419436665297286 1.5476003740475122
2.4240391889442146 1.546135189232381
2.4286851646452683 1.5446945172650075
2.4333745961587927 1.5432783506311143
2.4381074876155036 1.541886681923953
2.4428838435061526 1.5405195038494195
2.447703668669103 1.539176809231066
2.452566968277819 1.537858591015007
2.457473747828268 1.5365648422747231
2.4624240131262396 1.5352955562157589
2.467417770274575 1.534050726180319
2.472455025660315 1.53283034565176
2.4775357859417624 1.5316344082589797
2.4826600580354636 1.5304629077807024
2.487827849103103 1.5293158381496625
2.493039166538321 1.528193193456685
2.498294017953445 1.5270949679546644
2.5035924111661445 1.5260211560624402
2.5089343541860014 1.5249717523685724
2.5143198552010046 1.523946751635014
2.5197489225639633 1.5229461488006828
2.525221564778842 1.5219699389849313
2.5307377904870187 1.5210181174909163
2.5362976084534634 1.5200906798088685
2.5419010275528433 1.5191876216192592
2.5475480567555495 1.518308938795869
2.5532387051136483 1.5174546274087555
2.5589729817467575 1.5166246837271207
2.5647508958278493 1.5158191042220792
2.570572456568978 1.5150378855693272
2.576437673206935 1.5142810246517109
2.5823465549888316 1.5135485185616973
2.5882991111576077 1.5128403646037452
2.594295350937472 1.5121565602965772
2.600335283519268 1.511497103375354
2.606418918045771 1.5108619917937491
2.6125462635969163 1.5102512237259273
2.6187173291749564 1.509664797568422
2.6249321236895495 1.5091027119419178
2.631190655942782 1.5085649656929327
2.637492934614121 1.5080515578954052
2.6438389682453023 1.5075624878521816
2.6502287652251493 1.5070977550964075
2.6566623337743294 1.5066573593928216
2.6631396819300437 1.506241300738953
2.6696608175306515 1.5058495793662205
2.676225748200234 1.5054821957409361
2.682834481333091 1.5051391505652114
2.6894870240781796 1.5048204447777678
2.696183383323488 1.50452607955465
2.702923565680349 1.5042560563098435
2.7097075774676935 1.504010376695795
2.7165354246962448 1.503789042603838
2.7234071130526525 1.5035920561645215
2.7303226478835714 1.5034194197478428
2.7372820341796786 1.5032711359633846
2.7442852765596375 1.5031472076603565
2.7513323792540043 1.5030476379275406
2.7584233460890792 1.5029724300931415
2.7655581804707046 1.5029215877245403
2.7727368853680083 1.502895114627954
2.7799594632970956 1.502893014847999
2.787225916304688 1.5029152926671583
2.794536245951712 1.5029619526051545
2.8018904532968367 1.503032999418228
2.8092885388799647 1.5031284380983179
2.816730502705671 1.5032482738721487
2.824216344226598 1.5033925122002227
2.8317460623268023 1.503561158775716
2.8393196553050557 1.5037542195232791
2.846937120858103 1.5039717005977438
2.8545984560638766 1.5042136083827333
2.862303657364666 1.5044799494891783
2.870052720550249 1.5047707307537372
2.8778456407409814 1.505085959237122
2.885682412370846 1.5054256422223284
2.8935630291704673 1.505789787212771
2.901487484150084 1.506178401930323
2.9094557695824896 1.5065914943132621
2.917467876985938 1.507029072514119
2.9255237971070116 1.5074911448974335
2.9336235199034637 1.5079777200374125
2.941767034527023 1.5084888067154951
2.949954329306174 1.5090244139178215
2.958185391728904 1.509584550832607
2.9664602084254272 1.51016922684742
2.9747787651508797 1.510778451546367
2.9831410467679915 1.5114122347071781
2.9915470372297355 1.5120705862982022
2.999996719561953 1.5127535164753034
3.008490075845961 1.513461035578663
3.0170270872011398 1.5141931541294866
3.0256077337675022 1.5149498828266157
3.034231994688249 1.5157312325430434
3.0428998480923073 1.5165372143223348
3.0516112710768595 1.5173678393749528
3.0603662396898565 1.518223119074487
3.069164728912527 1.5191030649537889
3.0780067126418724 1.5200076887010094
3.0868921636731614 1.5209370021555433
3.095821053682416 1.5218910173038762
3.1047933532088954 1.5228697462753376
3.1138090316375817 1.5238732013377563
3.1228680571816607 1.5249013948930232
3.13197039686501 1.5259543394725565
3.141116016504689 1.5270320477326713
3.1503048806934357 1.5281345324498552
3.159536952782172 1.5292618065159476
3.1688121948625168 1.530413882933223
3.178130567749314 1.5315907748093802
3.187492030963173 1.5327924953524354
3.196896542713023 1.5340190578655195
3.2063440598786888 1.535270475741581
3.215834537993484 1.5365467624579932
3.2253679312268284 1.5378479315710663
3.2349441923668865 1.5391739967104647
3.244563272803234 1.540524971573529
3.254225122509555 1.5419008699195023
3.2639296900263646 1.5433017055636635
3.2736769224437703 1.5447274923713643
3.283466765384264 1.5461782442519716
3.2932991629855537 1.5476539751527165
3.3031740578834343 1.549154699052448
3.313091391194701 1.5506804299552925
3.3230511025001075 1.5522311818842192
3.33305312982737 1.553806968874512
3.3430974096342205 1.5554078049671474
3.3531838767915145 1.5570337042020785
3.36331246456639 1.5586846806114263
3.3734831046054836 1.5603607482125763
3.383695726918209 1.5620619210011848
3.3939502598600937 1.5637882129440894
3.4042466301161824 1.5655396379721296
3.414584762684508 1.567316209972873
3.4249645808596307 1.5691179427832518
3.435386006216251 1.5709448501821057
3.4458489585928973 1.5727969458826347
3.4563533560756925 1.57467424352476
3.4668991149822 1.5765767566673952
3.4774861498453546 1.578504498780626
3.4881143733974795 1.5804574832378013
3.4987836965543915 1.5824357233075337
3.5094940283995997 1.584439232145611
3.5202452761685983 1.58646802278682
3.531037345233258 1.5885221081366796
3.5418701390863188 1.5906015009630894
3.552743559325984 1.5927062138878882
3.5636575056406254 1.5948362593783274
3.574611875793594 1.5969916497384566
3.5856065656081464 1.5991723971004255
3.596641468952486 1.6013785134156981
3.6077164777249253 1.6036100104461846
3.618831481839166 1.6058668997552872
3.6299863692097096 1.6081491926988651
3.641181025737392 1.6104569004161144
3.6524153352950544 1.6127900338203667
3.663689179713343 1.6151486035898073
3.6750024387666533 1.6175326201581115
3.68635499015921 1.6199420937050022
3.6977467095112946 1.6223770341467272
3.7091774703456206 1.6248374511264596
3.7206471440738587 1.6273233540046195
3.732155599983316 1.6298347518491199
3.7437027052237744 1.6323716534255364
3.755288324794489 1.6349340671872028
3.7669123215313496 1.6375220012652318
3.778574556094213 1.6401354634584637
3.790274886954403 1.6427744612233426
3.802013170382386 1.6454390016637215
3.813789260435626 1.6481290915205986
3.825603008946616 1.6508447371617836
3.8374542655111017 1.6535859445714969
3.8493428774764844 1.6563527193399024
3.861268689930422 1.6591450666525738
3.873231545689621 1.6619629912798983
3.885231285288829 1.6648064975664163
3.8972677469700265 1.6676755894200992
3.9093407666718267 1.6705702703015675
3.9214501780190814 1.673490543213249
3.9335958123126997 1.67643641068848
3.9457774985196834 1.6794078747805492
3.9579950632633794 1.6824049370516876
3.970248330813955 1.6854275985620035
3.9825371230791005 1.6884758598583673
3.994861259594959 1.6915497209632435
4.0072205575172894 1.6946491813634756
4.019614831612867 1.6977742399990228
4.032043894251123 1.7009248952516502
4.044507555396023 1.7041011449335763
4.057005622598201 1.7073029862760762
4.069537900987333 1.7105304159180459
4.0821041932647715 1.7137834298945258
4.094704299696432 1.7170620236251881
4.107338018105944 1.7203661919027882
4.120005143868056 1.723695928881583
4.132705469902323 1.7270512280657164
4.1454387866670475 1.7304320822975765
4.158204882153505 1.7338384837461236
4.171003541880442 1.737270423895193
4.18383454888885 1.7407278935317745
4.1966976837370344 1.7442108827342686
4.209592724495958 1.7477193808607245
4.222519446744879 1.75125337653706
4.235477623567282 1.7548128576452655
4.248467025547105 1.7583978113115961
4.261487420765264 1.7620082238947514
4.274538574796484 1.7656440809740475
4.287620250706428 1.7693053673375823
4.3007322090491416 1.7729920669703967
4.313874207864807 1.7767041630426346
4.327046002677809 1.780441637897703
4.34024734649512 1.7842044730404358
4.3534779898050076 1.7879926491252631
4.366737680576059 1.7918061459443884
4.380026164256541 1.7956449424159773
4.393343183774078 1.7995090165723588
4.406688479535673 1.803398345548243
4.420061789428051 1.8073129055689563
4.4334628488183485 1.8112526719386997
4.446891390555138 1.8152176190288292
4.4603471449697984 1.819207720266164
4.473829839878224 1.823222948121324
4.4873392005828885 1.827263274097099
4.500874949875251 1.831328668716854
4.514436808038521 1.8354191015129706
4.528024492850772 1.8395345410153319
4.5416377195884134 1.8436749547398488
4.555276201030025 1.8478403091770343
4.568939647460546 1.8520305697806274
4.5826277666758335 1.8562457009562685
4.59634026398758 1.8604856660502325
4.610076842228603 1.864750427338219
4.6238372017585 1.869039946014205
4.6376210404696785 1.8733541821793636
4.651428053793754 1.877693094831048
4.665257934708324 1.8820566418518498
4.679110373744121 1.8864447799987305
4.692985058992536 1.8908574648922303
4.7068816761135315 1.895294651005758
4.720799908343922 1.8997562916549653
4.734739436506049 1.9042423389872083
4.748699939016831 1.9087527439710996
4.762681091897199 1.9132874563861548
4.776682568781922 1.9178464248125349
4.790704040929813 1.9224295966208909
4.804745177234326 1.927036917962312
4.81880564423454 1.9316683337583798
4.832885106126531 1.9363237876913355
4.84698322477514 1.9410032221943587
4.861099659726122 1.9457065784419652
4.8752340682186945 1.9504337963405254
4.889386105198471 1.9551848145189068
4.903555423330793 1.9599595703192443
4.917741673014446 1.9647579997878413
4.931944502395775 1.969580037666206
4.94616355738319 1.9744256173822252
4.960398481662061 1.9792946710414796
4.974648916710011 1.9841871294187043
4.988914501812597 1.9891029219493976
5.003194874079384 1.9940419767215811
5.017489668460408 1.9990042204677152
5.031798517763038 2.003989578556774
5.046121052669218 2.0089979749864812
5.060456901753105 2.0140293323757126
5.074805691499098 2.0190835719570654
5.089167046320248 2.0241606135696038
5.10354058857706 2.0292603756517753
5.11792593859668 2.034382775234511
5.132322714692471 2.039527727934505
5.146730533183963 2.044695147947681
5.161149008417194 2.049884948042848
5.17557775278543 2.0550970395555477
5.190016376750261 2.0603313323821
5.204464488863076 2.065587734973846
5.218921695786915 2.0708661543315916
5.233387602318696 2.07616649600026
5.247861811411807 2.0814886640637527
5.262343924199079 2.0868325611400187
5.27683354001611 2.0921980883763447
5.291330256424972 2.097585145444859
5.305833669238271 2.102993630538258
5.3203433725435625 2.108423440365759
5.334858958728138 2.113874470149278
5.349380018504153 2.1193466136198396
5.3639061409341116 2.124839763014219
5.378436913456705 2.1303538090718224
5.392971921912985 2.1358886410318045
5.407510750572891 2.141444146630429
5.422052982162105 2.1470202120986746
5.436598197889254 2.152616722160087
5.451145977473435 2.1582335600288824
5.465695899172071 2.163870607408304
5.480247539809098 2.169527744489232
5.494800474803463 2.175204849949056
5.509354278197945 2.180901800950801
5.52390852268829 2.1866184731425253
5.538462779652648 2.1923547406569748
5.553016619181326 2.19811047611151
5.567569610106826 2.2038855506083035
5.582121320034193 2.209679833734805
5.596671315371642 2.215493193564486
5.6112191613614835 2.2213254966578564
5.625764422111319 2.2271766080637607
5.640306660625522 2.233046391320956
5.6548454388369835 2.2389347084599684
5.669380317639131 2.2448414200052373
5.683910856918205 2.250766384977542
5.69843661558579 2.2567094608967158
5.712957151611603 2.262670503784651
5.727472022056518 2.26864936816859
5.741980783105841 2.2746459070847145
5.7564829901028105 2.280659972082018
5.7709781975823295 2.286691413226481
5.785465959304921 2.2927400791055366
5.7999458282909 2.298805816832836
5.814417356854754 2.304888472053305
5.828880096639734 2.3109878889485067
5.8433335986526345 2.317103910242297
5.857777413298774 2.3232363772067823
5.872211090417161 2.329385129668577
5.8866341793158306 2.3355500060153616
5.901046228807369 2.3417308432027433
5.915446787244589 2.3479274767614164
5.929835402556378 2.354139740804626
5.944211622283692 2.3603674680359332
5.958574993615698 2.3666104897572824
5.972925063426055 2.37286863587737
5.987261378309332 2.379141734920316
6.001583484617545 2.3854296140346385
6.015890928496823 2.391732099002527
6.030183255924171 2.398049014249417
6.044460012744351 2.4043801828538682
6.058720744706857 2.4107254265577374
6.072964997502975 2.417084565776655
6.087192316802931 2.423457419610798
6.101402248293116 2.42984380585596
