6.165461485775245 2.322722863295037
6.180044530543428 2.328612040072678
6.19461259290454 2.3345108252602214
6.209165259556492 2.3404190134476575
6.223702117972096 2.346336397810227
6.238222756448399 2.3522627701195304
6.252726764156335 2.358197920754929
6.267213731190672 2.364141638715218
6.281683248620275 2.370093711630599
6.296134908538669 2.37605392577492
6.31056830411491 2.3820220660782105
6.324983029644766 2.3879979161394913
6.339378680602205 2.393981258239873
6.353754853691188 2.399971873355931
6.368111146897782 2.4059695411733637
6.382447159542569 2.4119740401009366
6.396762492333387 2.4179851472846994
6.411056747418373 2.4240026386224915
6.425329528439326 2.430026288778724
6.439580440585398 2.4360558711994424
6.453809090647095 2.4420911581276714
6.468015087070619 2.448131920619038
6.482198040012526 2.454177928557676
6.49635756139473 2.460228950672411
6.510493264959833 2.4662847545532234
6.524604766326807 2.4723451066679965
6.538691683047017 2.47840977237954
6.5527536346606015 2.4844785159628997
6.566790242753208 2.4905511006229455
6.580801131013093 2.496627288512244
6.594785925288596 2.5027068407492155
6.608744253645989 2.508789517436571
6.622675746427714 2.5148750776800415
6.63658003631101 2.520963279607386
6.650456758366947 2.5270538803876956
6.664305550119874 2.533146636250983
6.6781260516072765 2.5392413025080662
6.691917905440077 2.5453376335707456
6.705680756863372 2.5514353829722793
6.719414253817624 2.5575343033881555
6.733118047000316 2.5636341466571713
6.746791789928085 2.569734663802814
6.760435138999351 2.575835605054955
6.774047753557445 2.581936719871857
6.787629295954258 2.5880377569624975
6.801179431614427 2.594138464309221
6.814697829100074 2.6002385891907127
6.8281841601761055 2.6063378782053137
6.841638099876107 2.6124360772946735
6.8550593265688375 2.61853293176775
6.868447522025346 2.624628186325168
6.881802371486741 2.630721585083936
6.895123563732609 2.636812871602539
6.908410791150141 2.6429017889064106
6.921663749803955 2.6489880795137974
6.934882139506656 2.655071485462023
6.948065663890165 2.6611517483341656
6.961214030477823 2.6672286092861657
6.974326950757314 2.673301809074367
6.9874041402544345 2.679371088083511
7.000445318607724 2.6854361863552048
7.013450209644011 2.6914968436168665
7.026418541454887 2.6975527993111745
7.039350046474149 2.7036037926260383
7.052244461556247 2.709649562525107
7.065101528055777 2.7156898477788363
7.077920991908035 2.721724386996139
7.090702603710705 2.7277529186566425
7.103446118806694 2.7337751811435744
7.1161512973681695 2.7397909127773064
7.128817904481832 2.745799851849585
7.14144571023549 2.751801736658477
7.154034489805954 2.757796305544059
7.1665840235483245 2.7637832969248928
7.179094097086708 2.7697624493353166
7.191564501406425 2.7757335014635873
7.203995032947756 2.781696192190922
7.216385493701279 2.7876502606314753
7.228735691304876 2.793595446173297
7.241045439142442 2.799531488520324
7.253314556444381 2.805458127735452
7.265542868389934 2.8113751042847355
7.277730206211434 2.8172821590827875
7.28987640730052 2.823179033539423
7.301981315316422 2.8290654696076185
7.314044780296352 2.8349412098328526
7.326066658768108 2.8408059974038946
7.338046813864956 2.8466595762051226
7.349985115442875 2.852501690870443
7.361881440200244 2.858332086838898
7.373735671800068 2.8641505104120544
7.385547700994828 2.869956708813253
7.397317425754048 2.8757504302488313
7.409044751394672 2.881531423971415
7.420729590714354 2.8872994403453913
7.432371864127774 2.8930542309146765
7.443971499806052 2.8987955484729047
7.455528433819416 2.9045231471361634
7.467042610283184 2.9102367824184125
7.478513981507226 2.9159362113097314
7.489942508148986 2.921621192357546
7.501328159370205 2.9272914857509966
7.512670912997462 2.9329468534086143
7.523970755686677 2.938587059069487
7.535227683091688 2.9442118683881
7.54644170003705 2.949821049033055
7.557612820695206 2.9554143707898763
7.5687410687681425 2.960991605668122
7.579826477673725 2.966552528013043
7.590869090736808 2.9720969146220306
7.6018689613853265 2.977624544866115
7.6128261533514925 2.983135200816792
7.623740740878276 2.988628667378471
7.634612808931327 2.9941047324268486
7.64544245341652 2.9995631869535337
7.656229781403278 3.005003825217266
7.666974911353855 3.010426444902094
7.677677973358779 3.015830847282891
7.6883391093785995 3.021216837398613
7.698958473492148 3.0265842242337264
7.709536232151504 3.031932820908261
7.720072564443837 3.0372624448769505
7.73056766236032 3.042572918137977
7.741021731072323 3.047864067451846
7.75143498921506 3.0531357245709456
7.761807669178898 3.0583877264803956
7.772140017408514 3.0636199156507984
7.78243229471009 3.0688321403035617
7.792684776566761 3.0740242546894923
7.802897753462464 3.0791961193813853
7.813071531214431 3.0843476015814124
7.823206431314454 3.089478575444106
7.833302791279127 3.0945889224158263
7.84336096500925 3.099678531591632
7.85338132315852 3.104747300090513
7.863364253511698 3.109795133450021
7.873310161372376 3.1148219460413844
7.883219469960483 3.1198276615062466
7.89309262081963 3.1248122132162415
7.902930074234416 3.1297755447566873
7.912732309657746 3.1347176104357497
7.922499826148226 3.139638375820495
7.9322331428176645 3.144537818301359
7.941932799288681 3.1494159276866043
7.951599356162358 3.1542727068284626
7.96123339549591 3.159108172282737
7.970835521290202 3.1639223550037454
7.980406359986994 3.168715301076575
7.989946560975658 3.173487072488758
7.999456797109111 3.178237747943565
8.008937765228618 3.1829674237172636
8.018390186697026 3.1876762145627833
8.027814807939942 3.1923642546624036
8.037212400994257 3.197031698632201
8.046583764063307 3.2016787225811263
8.05592972207787 3.206305525227793
8.065251127262062 3.2109123290781523
8.074548859703047 3.215499381667458
8.083823827923334 3.220066956870082
8.09307696945428 3.224615356280927
8.10230925140917 3.229144910672374
8.111521671054142 3.2336559815309434
8.120715256374874 3.2381489626779945
8.12989106663683 3.24262428197908
8.139050192936452 3.2470824031467402
8.148193758740522 3.2515238276418086
8.157322920410467 3.25594909667849
8.166438867708088 3.260358793338773
8.175542824278773 3.2647535448019602
8.18463604810783 3.2691340246953784
8.193719831945028 3.273500955572567
8.202795503692059 3.2778551115255676
8.211864426746875 3.2821973209381348
8.220928000298379 3.2865284693870143
8.229987659564168 3.2908495026986686
8.239044875963335 3.2951614301690917
8.248101157215478 3.2994653279546293
8.257158047356198 3.3037623426419107
8.266217126658415 3.308053695005276
8.275280011447716 3.3123406839602314
8.284348353798865 3.3166246907216594
8.293423841099335 3.3209071831756454
8.302508195464346 3.325189720473875
8.31160317298648 3.329473957859563
8.320710562801283 3.3337616517339126
8.329832185948634 3.338054664971957
8.338969894007713 3.342354972496461
8.3481255674815 3.3466646671183025
8.35730111390447 3.3509859656512893
8.366498465644957 3.3553212153088823
8.37571957737106 3.359672900389543
8.384966423146391 3.3640436492565318
8.394240993119102 3.368436241616893
8.403545289764534 3.372853616102983
8.412881323638754 3.377298878158264
8.42225110859669 3.3817753082271342
8.43165665642508 3.3862863702462334
8.441099970836621 3.3908357204319293
8.45058304076778 3.3954272163555244
8.460107832918553 3.4000649262939326
8.469676283468266 3.404753138839364
8.479290288897083 3.4094963727465446
8.48895169583839 3.41429938699033
8.49866228988282 3.419167191000108
8.508423783250025 3.424105055029947
8.518237801240057 3.4291185206151975
8.528105867371815 3.4342134110566915
8.538029387112152 3.4393958418631625
8.548009630095546 3.4446722310705997
8.55804771073118 3.4500493093439686
8.568144567091961 3.4555341297520004
8.578300937978426 3.4611340770894437
8.588517338050234 3.4668568766031824
8.598794030918887 3.4727106019588874
8.609131000098136 3.478703682263414
8.619527917713244 3.484844907934681
8.629984110877528 3.49114343518573
8.640498525654671 3.497608788862537
8.651069688538705 3.504250863346509
8.661695665400918 3.5110799212023003
8.672374017874672 3.518106589220001
8.683101757176042 3.5253418514681254
8.69387529539067 3.5327970389406236
8.70469039429638 3.540483815347978
8.71554211183704 3.548414158569918
8.726424746417225 3.556600337256394
8.737331779249395 3.5650548820352044
8.748255815056819 3.5737905507603673
8.759188521516181 3.582820287216509
8.770120567914626 3.5921571726829726
8.781041563596519 3.601814369758954
8.791939996885798 3.611805057860138
8.8028031752894 3.62214235982053
8.813617167915579 3.632839259072907
8.824366751175907 3.6439085069410124
8.835035358979866 3.655362519658414
8.845605038773108 3.6672132648368874
8.856056414911263 3.6794721372430055
8.86636866099625 3.6921498239090442
8.876519482926087 3.7052561588046298
8.886485114515855 3.7187999675305714
8.896240327629837 3.7327889027671057
8.905758458814718 3.7472292715133606
8.915011454432646 3.7621258554926746
8.92396993625167 3.777481726464237
8.932603289350475 3.7932980585698606
8.940879774025436 3.8095739402472595
8.948766663142706 3.826306188646651
8.956230406049581 3.8434891698829747
8.963236819743411 3.8611146288250016
8.969751307490686 3.879171532447455
8.975739104496101 3.8976459310326876
8.981165549547057 3.916520841683482
8.985996380814747 3.9357761586769024
8.990198053194874 3.9553885951306844
8.993738073741333 3.9753316602496893
8.996585350911886 3.995575676057292
8.998710552538148 4.016087836984556
9.000086466688554 4.036832314988133
9.000688358950574 4.057770411999625
9.000494319155228 4.078860760490892
8.999485590239757 4.100059571794211
8.997646871824921 4.121320930576702
8.994966591197443 4.142597132576859
8.991437134751763 4.163839061415388
8.98705503356364 4.184996599046606
8.981821097634088 4.206019063275217
8.975740494435032 4.2268556647806825
8.968822768674945 4.247455975316966
8.961081801638228 4.267770398230596
8.952535709982163 4.287750632195583
8.943206685438614 4.307350119116971
8.93312077839989 4.326524467508659
8.922307629806214 4.345231843293047
8.910800157036741 4.363433320873443
8.8986342005862 4.381093188454769
8.88584813914541 4.398179202884504
8.872482481268879 4.414662790696038
8.858579442094301 4.4305191935005235
8.844182513578595 4.445727557329817
8.829336036448456 4.460270966925806
8.81408478155727 4.4741364272493716
8.798473547630746 4.487314795604931
8.782546781513831 4.49980066871272
8.766348226047608 4.51159222979158
8.749920599653919 4.522691061231928
8.733305310632765 4.533101928743908
8.716542208124022 4.5428325429707535
8.699669370685912 4.551893304481225
8.682722932526744 4.560297037821174
8.665736946614864 4.568058719940862
8.648743283198451 4.575195207850538
8.63177156169917 4.581724969820979
8.614849113502478 4.587667823865953
8.598000972848919 4.5930446866446335
8.58124989282642 4.597877335325951
8.564616383362678 4.602188184381471
8.548118768105764 4.606000078733173
8.531773257146181 4.609336104187834
8.51559403266022 4.61221941564756
8.499593344728845 4.614673083200473
8.483781614795353 4.616719955867685
8.468167544456907 4.618382542511681
8.452758227529685 4.619682909194336
8.437559263575727 4.620642592106337
8.422574871324908 4.621282525068731
8.40780800066169 4.621622980526809
8.393260442069616 4.621683522910918
8.378932932633543 4.621482973222779
8.364825257888672 4.62103938371446
8.350936348975386 4.620370021555274
8.337264374709378 4.61949136042547
8.32380682830826 4.61841907903048
8.310560608628895 4.6171680655926135
8.297522095865723 4.615752427445242
8.28468722174049 4.614185504925506
8.272051534279171 4.6124798888333345
8.259610257324523 4.610647440795455
8.247358344973563 4.608699315941929
8.235290531160134 4.606645987368635
8.223401374624851 4.604497271921374
8.211685299529329 4.602262356895331
8.200136631979994 4.599949827297524
8.188749632729925 4.597567693369114
8.17751852632603 4.595123418109367
8.166437526964419 4.592623944583594
8.155500861309458 4.590075722833704
8.144702788522853 4.587484736242368
8.13403761773822 4.584856527230453
8.123499723204736 4.5821962221925014
8.113083557310961 4.579508555597047
8.10278366168703 4.576797893197626
8.09259467657033 4.5740682543167335
8.082511348606973 4.571323333179083
8.072528537248642 4.568566519282389
8.06264121989224 4.5658009168039735
8.052844495897888 4.5630293630498056
8.043133589609676 4.560254445959492
8.033503852492927 4.557478520686303
8.023950764491673 4.554703725275773
8.014469934700713 4.551931995469908
8.005057101437876 4.549165078666684
7.995708131793881 4.546404547066406
7.986419020729798 4.54365181003787
7.977185889785039 4.540908125738002
7.968004985452489 4.538174612019072
7.958872677271496 4.5354522566575195
7.949785455684084 4.532741926938196
7.9407399296948284 4.530044378627235
7.9317328243704175 4.527360264366075
7.922760978210838 4.524690141518249
7.913821340420439 4.522034479499582
7.904910968103852 4.519393666621304
7.8960270234086884 4.51676801647451
7.887166770634236 4.514157773883141
7.878327573322976 4.5115631204514886
7.869506891349499 4.508984179731008
7.8607022780194775 4.50642102202998
7.851911377189562 4.503873668888421
7.843131920417523 4.501342097239402
7.834361724150547 4.498826243276844
7.825598686958339 4.49632600604872
7.816840786816603 4.493841250793516
7.808086078445463 4.491371812036808
7.799332690706534 4.488917496463755
7.7905788240615985 4.486478085582443
7.781822748095102 4.484053338192038
7.773062799102221 4.481642992668887
7.764297377743586 4.479246769082887
7.755524946767405 4.476864371155647
7.746744028799293 4.474495488071265
7.7379532041997665 4.472139796149829
7.729151108989102 4.469796960393092
7.720336432838978 4.467466635911196
7.711507917130125 4.46514846923868
7.702664353075024 4.462842099547534
7.693804579904522 4.460547159764468
7.684927483117166 4.458263277599173
7.67603199278988 4.455990076489821
7.667117081948596 4.453727176471685
7.6581817649973445 4.4514741949743355
7.649225096204273 4.4492307475525115
7.640246168243037 4.446996448555415
7.631244110787975 4.444770911738853
7.622218089161472 4.442553750824355
7.613167303031903 4.44034458000909
7.604090985160576 4.43814301443019
7.594988400196059 4.435948670586774
7.585858843514375 4.433761166722801
7.5767016401034475 4.431580123173621
7.5675161434903435 4.429405162678911
7.558301734709768 4.427235910664505
7.549057821312381 4.425071995495427
7.539783836411494 4.422913048702302
7.53047923776674 4.4207587051831405
7.521143506903397 4.4186086033823955
7.511776148266 4.416462385448988
7.502376688404992 4.414319697374962
7.492944675195153 4.412180189116227
7.48347967708461 4.410043514696835
7.473981282373254 4.407909332298037
7.4644490985194425 4.405777304333365
7.454882751473891 4.403647097510841
7.4452818850397 4.401518382883348
7.435646160257504 4.399390835888154
7.425975254814759 4.397264136376449
7.416268862478222 4.395137968633767
7.406526692548713 4.393012021392035
7.396748469337286 4.3908859878339825
7.386933931661952 4.388759565590569
7.377082832364154 4.386632456732055
7.367194937844211 4.38450436775328
7.357270027614966 4.38237500955368
7.347307893872935 4.380244097412549
7.337308341086242 4.378111350959969
7.327271185598697 4.375976494143873
7.317196255249344 4.373839255193593
7.307083389006902 4.371699366580278
7.296932436618461 4.369556564974509
7.286743258271925 4.367410591201422
7.276515724271586 4.365261190193616
7.266249714726376 4.363108110942134
7.255945119250243 4.360951106445734
7.245601836674199 4.35878993365869
7.2352197747695595 4.356624353437326
7.224798849981946 4.354454130485487
7.214338987175623 4.352279033299099
7.2038401193877455 4.350098834110007
7.193302187592149 4.347913308829222
7.18272514047229 4.345722236989724
7.172108934202985 4.343525401688944
7.161453532240592 4.341322589531041
7.150758905121325 4.339113590569081
7.1400250302673465 4.336898198247214
7.129251891800378 4.33467620934294
7.118439480362497 4.33244742390954
7.107587792943856 4.330211645218753
7.096696832717062 4.327968679703763
7.085766608877942 4.325718336902553
7.074797136492452 4.323460429401685
7.0637884363495 4.321194772780561
7.0527405348194385 4.3189211855562
7.041653463718021 4.3166394891285815
7.030527260175608 4.314349507726578
7.0193619665114175 4.312051068354528
7.008157630112626 4.309744000739461
6.996914303318138 4.307428137279014
6.985632043306845 4.305103312990046
6.9743109119902 4.302769365457987
6.962950975908934 4.300426134786927
6.9515523061337845 4.298073463550463
6.940114978170042 4.295711196743317
6.92863907186581 4.293339181733738
6.917124671323807 4.290957268216685
6.905571864816595 4.288565308167819
6.893980744705098 4.286163155798276
6.8823514073602725 4.28375066751027
6.870683953087847 4.281327701853474
6.858978486055972 4.2788941194822385
6.847235114225696 4.276449783113589
6.835453949284158 4.273994557486053
6.8236351065803875 4.27152830931928
6.811778705063616 4.2690509072744645
6.799884867224005 4.2665622219155654
6.78795371903571 4.264062125671327
6.775985389902167 4.26155049279808
6.763980012603545 4.259027199343331
6.751937723246265 4.256492123110125
6.739858661214524 4.253945143622183
6.727742969123715 4.251386142089802
6.715590792775719 4.248815001376507
6.703402281115954 4.246231605966463
6.691177586192144 4.2436358419326154
6.678916863114726 4.241027596905574
6.666620270018835 4.238406760043216
6.654287968027813 4.235773222001009
6.641920121218184 4.2331268749030375
6.629516896586023 4.230467612313735
6.6170784640146865 4.227795329210303
6.6046049962438325 4.225109921955808
6.592096668839698 4.222411288272963
6.579553660166568 4.219699327218557
6.566976151359398 4.21697393915855
6.554364326297546 4.214235025743818
6.54171837157956 4.211482489886517
6.529038476498993 4.208716235737095
6.516324833021186 4.20593616866191
6.503577635761002 4.203142195221464
6.490797081961447 4.200334223149237
6.477983371473162 4.1975121613311135
6.465136706734734 4.194675919785396
6.452257292753811 4.1918254096433865
6.439345337088956 4.188960543130544
6.4264010498322435 4.186081233548194
6.413424643592536 4.183187395255793
6.400416333479428 4.180278943653733
6.387376337087824 4.1773557951666795
6.374304874483115 4.174417867227435
6.3612021681869315 4.171465078261324
6.348068443163444 4.168497347671086
6.33490392680619 4.165514595822269
6.321708848925383 4.162516744029127
6.308483441735713 4.159503714540993
6.295227939844567 4.156475430529143
6.281942580240696 4.153431816074128
6.26862760228327 4.150372796153571
6.255283247691304 4.147298296630431
6.241909760533459 4.144208244241711
6.228507387218157 4.141102566587617
6.215076376484021 4.137981192121155
6.201616979390605 4.134844050138159
6.188129449309404 4.131691070767747
6.174614041915107 4.128522184963201
6.1610710151770975 4.125337324493251
6.14750062935117 4.1221364219337815
6.133903146971445 4.118919410659922
6.120278832842466 4.115686224838554
6.106627954031468 4.112436799421193
6.092950779860794 4.109171070137261
6.079247581900447 4.105888973487742
6.065518633960752 4.102590446739207
6.051764212085139 4.099275427918206
6.037984594542993 4.095943855806035
6.0241800618225945 4.0925956699338455
6.010350896624108 4.089230810578123
5.996497383852623 4.085849218756504
5.982619810611221 4.082450836223936
5.9687184661940655 4.07903560546919
5.9547936420794905 4.07560346971169
5.940845631923083 4.072154372898686
5.926874731550752 4.068688259702743
5.912881238951751 4.065205075519557
5.898865454271666 4.061704766466087
5.8848276798053405 4.058187279378996
5.870768219989732 4.054652561813399
5.856687381396694 4.051100562041928
5.842585472725653 4.047531229054075
5.828462804796199 4.043944512555848
5.8143196905405485 4.040340362969718
5.800156444995892 4.03671873143484
5.7859733852966055 4.033079569807577
5.77177083066631 4.029422830662287
5.757549102409787 4.0257484672923995
5.743308523904722 4.02205643371176
5.729049420593271 4.018346684656239
5.714772119973454 4.014619175585612
5.700476951590344 4.010873862685708
5.686164247027056 4.007110702870794
5.671834339895528 4.003329653786244
5.657487565827083 3.9995306738114316
5.643124262462748 3.995713722062891
5.628744769443358 3.9918787583977133
5.614349428399392 3.9880257434171806
5.599938582940569 3.984154638470647
5.585512578645174 3.9802654056596465
5.57107176304912 3.9763580078422347
5.556616485634724 3.9724324086375566
5.5421470978192096 3.9684885724306413
5.527663952942899 3.9645264643774136
5.513167406257124 3.960546050409928
5.4986578149118115 3.956547297241811
5.4841355379427705 3.9525301723739212
5.4696009362586455 3.9484946441002116
5.455054372627548 3.944440681513798
5.4404962116633495 3.940368254513231
5.425926819811641 3.936277333808961
5.411346565335332 3.9321678909300015
5.396755818299911 3.9280398982307836
5.382154950558334 3.923893328898195
5.367544335735552 3.9197281569588056
5.352924349212675 3.915544357286276
5.338295368110742 3.911341905608941
5.323657771274132 3.907120778517567
5.309011939253563 3.9028809534732845
5.2943582542887215 3.898622408815683
5.279697100290479 3.8943451237710742
5.265028862822715 3.890049078460912
5.250353929083728 3.8857342539103734
5.235672687887242 3.8814006320570895
5.220985529642993 3.8770481957600293
5.206292846336897 3.8726769288085277
5.191595031510796 3.8682868159314556
5.176892480241779 3.863877842806535
5.162185589121065 3.859449996069779
5.147474756232462 3.8550032633250746
5.132760381130384 3.8505376331538845
5.118042864817425 3.8460530951250775
5.103322609721491 3.8415496398048785
5.088600019672497 3.8370272587669323
5.073875499878596 3.8324859446024826
5.059149456901976 3.827925690930657
5.044422298634191 3.8233464924088594
5.029694434271046 3.818748344743256
5.014966274287018 3.8141312446993627
5.000238230409227 3.809495190112725
4.985510715590939 3.804840179899679
4.970784143984619 3.8001662140682027
4.956058930914509 3.7954732937288385
4.941335492848754 3.790761421105699
4.926614247371065 3.786030599547533
4.911895613151908 3.781280833538865
4.8971800099192455 3.776512128711187
4.882467858428801 3.771724491854216
4.8677595804338685 3.7669179309271934
4.853055598654656 3.7620924550702375
4.838356336747167 3.7572480746157346
4.823662219271628 3.752384801099765
4.808973671660444 3.747502647273567
4.794291120185707 3.74260162711502
4.779614991926246 3.737681755840156
4.764945714734213 3.7327430499146814
4.750283717201232 3.727785527065517
4.735629428624086 3.7228092062923355
4.7209832789699595 3.7178141078791094
4.706345698841242 3.7128002534056455
4.691717119439879 3.707767665759115
4.6770979725312944 3.7027163691455653
4.6624886904078755 3.697646389101411
4.647889705852025 3.6925577525048983
4.633301452098788 3.6874504875875376
4.618724362798057 3.682324623945497
4.604158871976355 3.677180192550949
4.589605413998216 3.672017225763374
4.5750644235271425 3.6668357573408015
4.560536335486175 3.6616358224509913
4.546021585018052 3.6564174576825486
4.531520607444989 3.6511807010559636
4.5170338382280635 3.64592559203457
4.502561712926231 3.6406521715354185
4.488104667154958 3.63536048194006
4.473663136544499 3.630050567105223
4.459237556697812 3.6247224723733953
4.444828363148119 3.619376244583284
4.430435991316128 3.6140119320801687
4.416060876466921 3.608629584726119
4.401703453666515 3.603229253910089
4.387364157738095 3.5978109925578727
4.373043423217948 3.5923748551419115
4.358741684311092 3.5869208976909563
4.344459374846613 3.58144917779957
4.330196928232716 3.5759597546374646
4.31595477741151 3.570452688958672
4.301733354813525 3.5649280431105317
4.287533092311973 3.5593858810424996
4.273354421176778 3.553826268314764
4.259197772028361 3.548249272106664
4.245063574791208 3.542654961224901
4.230952258647236 3.5370434061115477
4.216864251988947 3.5314146788518266
4.202799982372402 3.5257688531816753
4.188759876470024 3.5201060044950743
4.174744360023224 3.5144262098511363
4.160753857794891 3.508729547980956
4.14678879352173 3.5030160992941997
4.132849589866486 3.4972859458854453
4.118936668370037 3.491539171540248
4.105050449403411 3.4857758617409447
4.091191352119686 3.479996103672168
4.077359794405845 3.474199986226085
4.063556192834548 3.4683876000073375
4.049780962615868 3.4625590373376887
4.0360345175489964 3.45671439226036
4.022317269973917 3.45085376054406
4.008629630723086 3.4449772396866947
3.994972009073122 3.43908492891875
3.9813448126965114 3.433176929206351
3.9677484476133587 3.4272533432539767
3.954183318143191 3.421314275506835
3.9406498268568253 3.4153598321528875
3.9271483745283247 3.4093901211245226
3.913679360087048 3.40340525209986
3.9002431805698166 3.3974053365036943
3.8868402310732075 3.3913904875080627
3.87347090470599 3.385360820032435
3.8601355925417242 3.379316450743519
3.8468346835715335 3.3732574980546746
3.8335685646570634 3.3671840821249353
3.8203376204836537 3.361096324857626
3.807142233513726 3.3549943498985777
3.7939827839404106 3.34887828263393
3.7808596496414246 3.3427482501875176
3.767773206133224 3.3366043814178354
3.754723826525431 3.3304468069145816
3.7417118814755685 3.324275658994766
3.728737739144107 3.318091071698389
3.7158017651498416 3.3118931807836764
3.702904322525616 3.3056821237218768
3.6900457716744115 3.2994580396916096
3.6772264703258086 3.293221069572762
3.664446773492844 3.286971355939933
3.651707033429274 3.2807090430554178
3.6390075995872664 3.274434276861735
3.626348818575522 3.268147204973685
3.613731034117857 3.261847976669943
3.6011545870122488 3.255536742884183
3.5886198150903685 3.2492136561957263
3.5761270531776064 3.2428788708197187
3.563676633053614 3.236532542596825
3.5512688834133677 3.2301748289824506
3.5389041298287762 3.223805889035472
3.526582694710841 3.2174258834064955
3.514304897272383 3.211034974325621
3.5020710534913513 3.204633325589725
3.489881476074729 3.198221102549257
3.4777364744230437 3.191798472094542
3.4656363545954973 3.1853656026416024
3.453581419275734 3.17892266411748
3.441571967738247 3.1724698279450796
3.4296082958154503 3.166007267027511
3.4176906958654105 3.159535155731951
3.405819456740267 3.1530536698730085
3.393994863755341 3.1465629866956064
3.3822171986589478 3.140063284857366
3.37048673960292 3.133554744410516
3.35880376111386 3.127037546783302
3.3471685340651205 3.120511874760919
3.3355813256495312 3.113977912465959
3.324042399352878 3.1074358453383724
3.3125520149281416 3.100885860114952
3.301110428370511 3.0943281448083377
3.2897178918931695 3.0877628886855466
3.278374653903871 3.081190282246025
3.2670809589823078 3.0746105171992353
3.2558370478582805 3.06802378644177
3.244643157390677 3.061430284034002
3.23349952054726 3.0548302051762732
3.2224063663852807 3.0482237461846227
3.2113639200329134 3.0416111044660625
3.2003724026715226 3.0349924784933973
3.189432031518765 3.028368067779599
3.1785430198125306 3.021738072851741
3.167705576795728 3.0151026952244826
3.156919907701915 3.008462137373128
3.1461862137417835 3.001816602706251
3.135504692090488 2.9951662955378873
3.1248755358758413 2.9885114210593153
3.114298934167355 2.981852185310412
3.1037750719661457 2.975188795150598
3.0933041301956967 2.9685214582293766
3.0828862856934816 2.9618503829564697
3.0725217112034424 2.955175778471557
3.0622105753693347 2.9484978546136227
3.051953042728923 2.9418168218899146
3.0417492737090384 2.9351328914445225
3.0315994246214903 2.9284462750265843
3.0215036476598334 2.9217571849581145
3.011462090896982 2.9150658341014712
3.001474898283678 2.9083724358264664
2.9915422096477995 2.9016772039771146
2.981664160694513 2.894980352838041
2.971840883007264 2.888282097100538
2.9620725040496 2.8815826518282908
2.9523591471678188 2.874882232422766
2.9427009315944472 2.8681810545882733
2.9330979724525315 2.8614793342967064
2.9235503807607404 2.8547772877519666
2.9140582634392773 2.8480751313540704
2.9046217233165894 2.8413730816629577
2.8952408591368677 2.8346713553619884
2.8859157655683374 2.8279701692211487
2.8766465332123192 2.82126974005996
2.8674332486130663 2.814570284710099
2.858275994268362 2.807872019977735
2.84917484864087 2.8011751626055834
2.8401298861702307 2.794479929234684
2.8311411772858937 2.7877865363659025
2.8222087884206806 2.7810952003211677
2.813332782025061 2.7744061372044317
2.8045132165821443 2.7677195628623705
2.795750146623365 2.7610356928448216
2.787043622744863 2.7543547423649604
2.77839369162454 2.7476769262592136
2.7698003960397934 2.74100245894692
2.761263774885899 2.7343315543897306
2.7527838631950576 2.727664426050753
2.7443606921560755 2.7210012868534386
2.7359942891346742 2.7143423491402134
2.727684677694424 2.7076878246308516
2.7194318776182915 2.7010379243805875
2.711235904930778 2.6943928587379697
2.703096771920661 2.6877528373024484
2.6950144871643107 2.6811180688817
2.6869890555495792 2.6744887614486785
2.679020478300255 2.667865122098396
2.671108753001071 2.6612473570044233
2.6632538736232574 2.654635671375106
2.655455830550633 2.6480302694094933
2.647714610606224 2.641431354252968
2.640030197079405 2.634839127952576
2.632402569753557 2.6282537914120407
2.624831704934231 2.621675544346461
2.6173175754778097 2.6151045852366748
2.6098601508206762 2.6085411112832886
2.602459397008861 2.6019853183603505
2.5951152767281855 2.5954374009686636
2.587827749334886 2.5888975521887234
2.580596770886719 2.5823659636332654
2.5734222941745446 2.5758428253994095
2.5663042687543913 2.5693283260203854
2.5592426409799973 2.562822652416825
2.5522373540358347 2.556325989847598
2.545288347970611 2.5498385218601833
2.538395559731264 2.5433604302405466
2.531558923197441 2.5368918949625106
2.524778369216481 2.5304330941365962
2.518053825638899 2.52398420395831
2.511385217354387 2.5175453986558556
2.5047724663283417 2.5111168504372507
2.498215491638928 2.5046987294368153
2.4917142095147016 2.4982912036610134
2.485268533372799 2.4918944389336164
2.478878373857716 2.485508598840162
2.472543638880701 2.479133844671682
2.4662642336597838 2.4727703353676604
2.4600400607604564 2.4664182274582056
2.4538710201370555 2.4600776750053903
2.4477570091748584 2.4537488295437337
2.4416979227329345 2.4474318400197927
2.4356936531877964 2.441126852730824
2.4297440904778798 2.434834011262487
2.423849122148904 2.4285534564255444
2.418008633400159 2.42228532619153
2.4122225071317756 2.416029755627344
2.406490623993025 2.409786876828736
2.400812862431719 2.403556818852642
2.3951890987447664 2.3973397076483316
2.389619207129965 2.391135665987326
2.3841030597390915 2.3849448133920554
2.3786405267323834 2.3787672660632078
2.3732314763344835 2.372603136805731
2.367875774891952 2.3664525349534564
2.362573286932431 2.3603155662922983
2.357323875225573 2.3541923329819925
2.3521274008458417 2.3480829334763413
2.3469837232372996 2.341987462441929
2.3418927002805083 2.335906010675264
2.3368541883616736 2.3298386650183316
2.3318680424441753 2.323785508272517
2.326934116142629 2.3177466191108658
2.322052261799636 2.311722071988674
2.317222330565388 2.305711937052367
2.312444172480305 2.299716280046663
2.3077176365608807 2.2937351622200013
2.303042570888944 2.2877686402282285
2.298418822704532 2.2818167660365387
2.293846238502595 2.275879586819669
2.2893246641337592 2.2699571448603644
2.2848539449093925 2.2640494774461235
2.2804339257112116 2.2581566167642566
2.276064451105711 2.2522785897952837
2.2717453654636763 2.246415418204729
2.2674765130850796 2.2405671182333524
2.263257738329658 2.2347337005859065
2.259088885753491 2.2289151703184826
2.254969800251906 2.2231115267245602
2.2509003272090653 2.217322763219862
2.24688031265458 2.211548867226156
2.242909603427541 2.205789820054147
2.238988047348339 2.2000455967856425
2.235115493398691 2.1943161661551764
2.2312917919102806 2.1886014904313216
2.2275167947624475 2.182901525297934
2.223790355589376 2.177216219735609
2.2201123299972303 2.1715455159036607
2.216482575791724 2.1658893490229607
2.2129009532165944 2.1602476472600243
2.2093673252034858 2.1546203316127612
2.2058815576337447 2.149007315798352
2.202443519612645 2.143408506143759
2.199053083756561 2.1378238014794255
2.1957101264936196 2.132253093036779
2.1924145283783654 2.1266962643501905
2.189166174420967 2.12115319116412
2.1859649544315016 2.115623741346235
2.1828107633798353 2.110107774807344
2.1797035017716304 2.1046051434290782
2.1766430760409734 2.099115691000308
2.17362939896012 2.093639253163372
2.1706623900668185 2.088175657371273
2.1677419761096544 2.082724722857091
2.164868091511819 2.0772862606169262
2.162040678853668 2.071860073407824
2.1592596893743807 2.0664459557621786
2.156525083492979 2.061043694020264
2.1538368313489036 2.055653066382598
2.1511949133622505 2.0502738429839926
2.148599320813707 2.0449057859912223
2.1460500564441056 2.0395486497263744
2.1435471350734154 2.034202180818039
2.141090584238861 2.0288661183826258
2.1386804448517136 2.023540194238198
2.1363167718721496 2.0182241331533155
2.13399963500139 2.01291765313351
2.1317291193901506 2.007620465748093
2.1295053263622172 2.002332276500111
2.1273283741517313 1.9970527852423419
2.125198398652519 1.9917816866423175
2.1231155541775366 1.9865186706994156
2.1210800142261874 1.981263423317122
2.119091972256979 1.9760156269336042
2.1171516424626278 1.9707749612137522
2.1152592605443647 1.9655411038058361
2.1134150844818245 1.9603137311659027
2.111619395294473 1.9550925194529631
2.1098724977901187 1.9498771454979436
2.108174721295608 1.9446672878492162
2.1065264203643346 1.9394626278973723
2.1049279754547165 1.9342628510816644
2.1033797935733176 1.929067648180277
2.1018823088757723 1.923876716686254
2.1004359832181874 1.918689762270524
2.0990413066511855 1.9135065003330098
2.097698797848266 1.9083266576422868
2.096409004459675 1.9031499740636602
2.095172503382524 1.8979762043748623
2.093989900937469 1.8928051201678142
2.0928618329418724 1.8876365118340777
2.0917889646690333 1.8824701906306907
2.090771990682814 1.8773059908221084
2.089811634536764 1.8721437718928668
2.0889086483267576 1.866983420824448
2.0880638120861383 1.8618248544285858
2.0872779330124733 1.8566680217279463
2.0865518445152538 1.8515129063737596
2.085886405074254 1.8463595290885602
2.085282496898812 1.8412079501207435
2.084741024378986 1.8360582716961666
2.0842629123204497 1.830910640450539
2.0838491039560654 1.825765249824887
2.0835005587283795 1.820622342404931
2.0832182498387755 1.8154822121838694
2.0830031615607547 1.8103452067267618
2.0828562863167313 1.8052117292135657
2.082778621519901 1.8000822403368717
2.0827711661850743 1.794957260029566
2.08283491731492 1.7898373689970473
2.0829708660708013 1.7847232100282902
2.083179993740232 1.7796154890599831
2.0834632675160103 1.7745149759682348
2.0838216361051476 1.7694225050629553
2.0842560251888655 1.7643389752610041
2.0847673327580662 1.75926534991558
2.085356424351761 1.7542026562811226
2.086024128228948 1.7491519845952186
2.086771230507246 1.744114486761635
2.087598470304179 1.7390913746216796
2.088506534919353 1.7340839178045304
2.089496055097693 1.729093441151029
2.090567600415497 1.7241213217095999
2.091721674832133 1.7191689853074426
2.0929587124507765 1.7142379027048427
2.094279073531594 1.7093295853453532
2.0956830408001665 1.70444558071957
2.0971708160927327 1.699587467365248
2.098742517377945 1.6947568495314418
2.1003981761923187 1.6899553515391437
2.102137735523399 1.6851846118754317
2.1039610481709103 1.6804462770623387
2.105867875611821 1.6757419953454176
2.107857887390411 1.671073410250243
2.109930661049152 1.6664421540577437
2.1120856826105507 1.6618498412512834
2.114322347614173 1.6572980619896975
2.116639962706986 1.6527883756610573
2.1190377477789712 1.648322304571706
2.121514838629835 1.6439013278241137
2.1240702901466633 1.6395268754353254
2.126703079966657 1.635200322745251
2.1294121125937004 1.6309229851608305
2.132196223932634 1.6266961132782296
2.1350541862007146 1.6225208884207776
2.1379847131720013 1.6183984186254183
2.140986465707332 1.6143297351051134
2.144058057520167 1.610315789208989
2.147198061126966 1.6063574498961988
2.1504050139298894 1.6024555017335442
2.1536774243794845 1.598610643420998
2.1570137781656236 1.5948234868434872
2.160412544386244 1.5910945566417223
2.163872181645387 1.5874242902895859
2.1673911440345317 1.5838130386607
2.170967886954269 1.580261067062339
2.1746008727368107 1.576768556710899
2.178288576033666 1.5733356066197146
2.1820294889369096 1.569962235867148
2.1858221258067663 1.5666483862106069
2.1896650277826155 1.5633939250104307
2.193556766958985 1.5601986484264512
2.1974959502124496 1.5570622848494484
2.2014812226696727 1.5539844985296454
2.2055112708109106 1.5509648933648015
2.2095848252072123 1.5480030168113013
2.2137006628931695 1.5450983638828872
2.2178576093804225 1.5422503812032466
2.2220545403201175 1.539458471080537
2.2262903828252214 1.5367219955740263
2.2305641164659002 1.5340402805253028
2.234874773953159 1.5314126195289262
2.2392214415275795 1.5288382778198788
2.2436032590712687 1.5263164960577207
2.248019419962129 1.523846493989881
2.252469170690215 1.5214274739790283
2.256951810256337 1.5190586243818927
2.2614666893732056 1.516739122769258
2.266013209489306 1.5144681389790728
2.2705908216553916 1.5122448379967244
2.2751990252529914 1.5100683826584715
2.2798373666036893 1.5079379361758294
2.284505437477171 1.5058526644803394
2.289202873515158 1.5038117383896223
2.2939293525873885 1.5018143355969327
2.2986845930948125 1.499859642487575
2.3034683522340966 1.497946855786542
2.308280424236467 1.4960751840425783
2.3131206385928382 1.4942438489545726
2.3179888582760944 1.4924520865467634
2.3228849779703347 1.490699148199678
2.3278089223158642 1.4889843015440702
2.332760644177713 1.487306831225346
2.337740122944517 1.4856660395461103
2.342747362863701 1.4840612469945222
2.347782391418025 1.482491792666125
2.3528452577477923 1.4809570345867453
2.357936031122244 1.4794563499439115
2.363054799462998 1.477989135234064
2.36820166792176 1.47655480633261
2.373376757513946 1.4751527984936215
2.378580203809349 1.4737825662857
2.3838121556805167 1.472443583470236
2.389072774109071 1.4711353428279819
2.39436223104985 1.4698573559395383
2.399680708352412 1.4686091529250351
2.4050283967391675 1.467390282147957
2.4104054948391527 1.4662003098877487
2.4158122082762516 1.4650388199855193
2.4212487488105 1.4639054134668419
2.4267153335309577 1.4627997081453632
2.4322121840985176 1.4617213382106284
2.4377395260369283 1.4606699538032566
2.4432975880702434 1.4596452205803314
2.448886601504843 1.4586468192736168
2.4545067996541685 1.4576744452429675
2.460158417304272 1.4567278080270691
2.465841690218292 1.455806630893441
2.4715568546779765 1.4549106503894154
2.4773041470603907 1.4540396158956381
2.483083803447983 1.4531932891834445
2.488896059270214 1.4523714439773086
2.4947411489749953 1.451573865523417
2.5006193057282493 1.4508003501652693
2.506530761139927 1.4500507049270903
2.512475745014902 1.4493247471057127
2.518454485127202 1.44862230387149
2.524467207016105 1.447943211878696
2.530514133802688 1.4472873168857778
2.5365954860254756 1.4466544733857585
2.5427114814938943 1.4460445442469962
2.5488623351583177 1.4454574003644611
2.555048258995512 1.4448929203216152
2.5612694619083958 1.4443509900629392
2.5675261496390442 1.4438315025771027
2.573818524693958 1.4433343575907258
2.580146786280647 1.4428594612726557
2.5865111302546486 1.4424067259486384
2.5929117490761446 1.4419760698262496
2.599348831775393 1.4415674167299153
2.6058225639262345 1.4411806958458397
2.6123331276269828 1.4408158414766372
2.618880701488055 1.4404727928054515
2.6254654606257266 1.4401514936693365
2.632087576661452 1.43985189234166
2.638747217726218 1.4395739413232829
2.6454445484694333 1.4393175971422727
2.6521797300719006 1.439082820161887
2.658952920262438 1.4388695743965814
2.665764273337754 1.4386778273357759
2.6726139401852085 1.438507549775133
2.6795020683081123 1.4383587156550828
2.6864288018532596 1.438231301906351
2.693394281640384 1.4381252883022322
2.700398645193285 1.4380406573173674
2.7074420267723602 1.437977393992779
2.714524557408327 1.437935485806929
2.7216463649369107 1.437914922552567
2.728807574034315 1.4379156962191348
2.736008306253288 1.4379378008805161
2.743248680059628 1.4379812325879047
2.750528810868978 1.4380459892675868
2.75784881108377 1.4381320706234333
2.7652087901302025 1.4382394780438992
2.7726088544951346 1.438368214513345
2.7800491077627925 1.4385182845274886
2.7875296506512073 1.4386896940128104
2.7950505810482875 1.4388824502497404
2.802611994047465 1.4390965617994549
2.8102139819828396 1.4393320384341262
2.8178566344637686 1.4395888910704668
2.825540038408845 1.4398671317064209
2.833264278079222 1.4401667733608556
2.841029435111241 1.4404878300161172
2.8488355885483263 1.440830316563317
2.8566828148721246 1.441194248750219
2.8645711880328513 1.4415796431316084
2.8725007794788326 1.44198651702202
2.8804716581852197 1.4424148884507182
2.8884838906818597 1.4428647761188158
2.896537541080323 1.443336199358429
2.904632671100057 1.4438291780937726
2.912769340093686 1.4443437328040964
2.920947605071434 1.4448798844883715
2.9291675207246795 1.4454376546316432
2.937429139448641 1.4460170651729642
2.945732511364192 1.446618138474828
2.954077684338818 1.4472408972940292
2.9624647040067114 1.4478853647538739
2.9708936137880184 1.448551564317676
2.9793644549072424 1.449239519763467
2.9878772664108175 1.4499492551598594
2.996432085183857 1.4506807948430034
3.0050289459660875 1.4514341633945778
3.01366788136699 1.4522093856207587
3.0223489218801474 1.4530064865321175
3.0310720958968207 1.453825491324393
3.0398374297187627 1.454666425360094
3.048644947570287 1.4555293141508816
3.0574946716095983 1.4564141833406958
3.066386621939412 1.457321058689574
3.0753208166168644 1.4582499660581327
3.0842972716627366 1.459200931392666
3.0933160010700034 1.4601739807108303
3.102377016811726 1.461169140087879
3.1114803288483 1.4621864356434149
3.1206259451340763 1.4632258935286273
3.129813871623368 1.464287539913988
3.1390441122758617 1.4653714009773764
3.1483166690614475 1.4664775028926027
3.1576315419644807 1.4676058718183114
3.166988728987494 1.4687565338872348
3.1763882261543683 1.4699295151957756
3.1858300275129907 1.4711248417938954
3.195314125137397 1.4723425396752907
3.2048405091294265 1.4735826347678327
3.2144091676198965 1.4748451529242546
3.2240200867693196 1.4761301199130692
3.2336732507681623 1.477437561409695
3.2433686418366774 1.4787675029877814
3.253106240224308 1.480119970110709
3.2628860242086883 1.48149498812326
3.2727079700942503 1.482892582243436
3.2825720522104453 1.4843127775544147
3.2924782429096022 1.4857555989966318
3.3024265125644257 1.487221071359976
3.312416829565158 1.4887092192760856
3.322449160316407 1.4902200672107346
3.332523469233656 1.4917536394563027
3.3426397187394716 1.4933099601243123
3.352797869259414 1.4948890531380299
3.3629978792176676 1.4964909422251182
3.3732397050324026 1.4981156509103353
3.3835233011108747 1.4997632025082677
3.3938486198442788 1.5014336201160947
3.4042156116023654 1.5031269266063736
3.414624224727831 1.5048431446198414
3.4250744055304954 1.5065822965582243
3.4355660982812686 1.5083444045770529
3.44609924520593 1.5101294905784712
3.4566737864787185 1.511937576204042
3.4672896602157492 1.5137686828275358
3.4779468024682667 1.5156228315477054
3.4886451472157427 1.5175000431810357
3.4993846263588266 1.5194003382544687
3.5101651697121645 1.5213237369980999
3.520986704997085 1.523270259337837
3.5318491578341713 1.525239924888026
3.5427524517357267 1.5272327529440317
3.5536965080981324 1.529248762474779
3.5646812461941217 1.5312879721152464
3.575706583164967 1.533350400158908
3.586772434012593 1.535436064550128
3.5978787115916253 1.5375449828764984
3.6090253266013788 1.539677172361122
3.6202121875777977 1.5418326498548367
3.631439200885354 1.5440114318283804
3.642706270708909 1.546213534364496
3.6540132990455514 1.548438973149971
3.665360185696415 1.5506877634676142
3.6767468282584863 1.5529599201881674
3.688173122116407 1.5552554577621496
3.69963896043428 1.5575743902116344
3.7111442341474863 1.5599167311219577
3.72268883195452 1.5622824936333586
3.7342726403088506 1.5646716904325482
3.7458955434108097 1.567084333744209
3.7575574231995255 1.569520435322424
3.7692581593448966 1.5719800064420333
3.78099762923962 1.574463057889922
3.7927757079912796 1.5769695999562334
3.804592268414496 1.579499642425513
3.8164471810231526 1.5820531945677805
3.828340314022698 1.58463026512953
3.840271533302531 1.5872308623246598
3.852240702428484 1.5898549938253304
3.8642476826353906 1.5925026667527529
3.876292332819773 1.5951738876679071
3.888374509532622 1.5978686625621896
3.900494066972306 1.6005869968479935
3.9126508569775935 1.6033288953492197
3.924844729020805 1.6060943622917199
3.9370755302010982 1.6088834012936737
3.949343105237893 1.6116960153558995
3.9616472964644385 1.6145322068520993
3.9739879438215326 1.6173919775190417
3.9863648848513957 1.6202753284466787
3.9987779546917066 1.6231822600682029
4.011226986069807 1.6261127721500428
4.023711809297073 1.6290668637817995
4.0362322522634715 1.6320445333661233
4.0487881404322925 1.6350457786085342
4.061379296835074 1.6380705965071862
4.074005542066722 1.6411189833425786
4.0866666942808205 1.6441909346672126
4.099362569185159 1.6472864452951974
4.1120929800374535 1.6504055092918066
4.124857737641295 1.6535481199629858
4.137656650342307 1.6567142698448152
4.150489524024533 1.659903950692925
4.16335616210705 1.6631171534718694
4.176256365540816 1.666353868344459
4.189189932805751 1.6696140846610537
4.2021566599080735 1.6728977909488176
4.215156340377871 1.6762049749009391
4.228188765266931 1.679535623365816
4.241253723146823 1.6828897223362107
4.25435100010725 1.686267256938374
4.267480379754656 1.689668211421143
4.280641643211112 1.693092569145012
4.293834569113473 1.6965403125711822
4.3070589336128124 1.7000114232505878
4.320314510374142 1.7035058818129056
4.333601070576421 1.7070236679555477
4.346918382912851 1.710564760432639
4.360266213591474 1.7141291370439833
4.373644326336062 1.7177167746240216
4.387052482387317 1.721327649030781
4.400490440504377 1.7249617351348214
4.413957956966633 1.7286190068081784
4.427454785575857 1.732299436913308
4.440980677658658 1.7360029972920341
4.454535382069254 1.7397296587545017
4.468118645192578 1.743479391068138
4.4817302109477 1.7472521629466267
4.495369820791598 1.7510479420388922
4.509037213723263 1.754866694918105
4.522732126288134 1.7587083870707025
4.536454292582892 1.7625729828854337
4.550203444260589 1.7664604456424289
4.563979310536137 1.7703707375022963
4.5777816181921445 1.77430381949525
4.591610091585113 1.7782596515102715
4.605464452651992 1.7822381922843058
4.619344420917099 1.7862393993915004
4.633249713499404 1.790263229232484
4.6471800451201775 1.7943096370236908
4.6611351281110265 1.7983785767867349
4.675114672422284 1.8024700013378336
4.689118385631788 1.8065838622772887
4.703145972954043 1.810720109979021
4.717197137249748 1.8148786935801708
4.731271579035727 1.8190595609707565
4.7453689964952375 1.8232626587834055
4.759489085488666 1.827487932383152
4.773631539564623 1.8317353258573095
4.787796049971424 1.836004782005419
4.801982305668969 1.8402962423292786
4.816189993341027 1.8446096470230535
4.830418797407905 1.848944934963476
4.844668400039532 1.8533020437001302
4.858938481168941 1.8576809094458346
4.873228718506159 1.8620814670671169
4.887538787552499 1.8665036500747891
4.901868361615263 1.870947390614627
4.916217111822863 1.875412619458153
4.930584707140334 1.87989926599353
4.9449708143852815 1.8844072582165667
4.959375098244226 1.8889365227218395
4.973797221289373 1.8934869846939326
4.9882368439957965 1.8980585678988018
5.002693624759038 1.9026511946752631
5.017167219913122 1.9072647859266108
5.031657283748999 1.9118992611123673
5.046163468533396 1.9165545382401703
5.060685424528101 1.921230533857796
5.075222800009658 1.9259271630453285
5.0897752412894866 1.9306443394074713
5.104342392734429 1.935381975066008
5.118923896787711 1.9401399806524189
5.133519393990336 1.9449182653006472
5.148128523002888 1.949716736640029
5.162750920627773 1.9545353007883812
5.177386221831875 1.9593738623452572
5.192034059769634 1.9642323243853688
5.2066940658065555 1.9691105884521816
5.221365869543134 1.9740085545516823
5.2360490988391994 1.9789261211463276
5.250743379838698 1.9838631851491693
5.265448336994878 1.9888196419181665
5.28016359309591 1.9937953852506842
5.294888769290919 1.9987903073781819
5.309623485116444 2.0038042989610942
5.32436735852331 2.00883724908391
5.339120005903929 2.0138890452504468
5.353881042120002 2.0189595733793304
5.368650080530657 2.0240487177996798
5.383426733020989 2.0291563612469954
5.398210610031015 2.0342823848592624
5.413001320585058 2.039426668173266
5.427798472321518 2.04458908912112
5.442601671523079 2.0497695240270204
5.4574105231473045 2.054967847604214
5.472224630857659 2.060183932952193
5.487043597054923 2.065417651554121
5.501867022909013 2.0706688732744793
5.516694508391223 2.075937466356953
5.531525652306837 2.081223297422549
5.546360052328172 2.0865262314679445
5.561197305027998 2.091846131864087
5.576037005913366 2.0971828603550224
5.590878749459821 2.102536277056975
5.605722129146016 2.1079062404576696
5.620566737488711 2.113292607415903
5.635412166078164 2.118695233161364
5.6502580056139 2.124113971294708
5.665103845940878 2.1295486737878813
5.679949276086025 2.134999190984705
5.69479388429516 2.1404653716017155
5.709637258070292 2.145947062729264
5.724478984207288 2.151444109832877
5.739318648833925 2.1569563567548826
5.754155837448301 2.1624836457162964
5.768990134957622 2.168025817318977
5.783821125717351 2.173582710548053
5.798648393570721 2.179154162774607
5.8134715218886095 2.1847400097586447
5.8282900936097715 2.1903400856523243
5.843103691281427 2.1959542230034677
5.857911897100205 2.2015822527593367
5.87271429295344 2.207224004270695
5.8875104604608115 2.2128793052961373
5.902299981016334 2.218547982006703
5.917082435830696 2.2242298589907628
5.931857405973928 2.2299247592591867
5.94662447241843 2.2356325042507943
5.961383216082312 2.241352913838083
5.976133217873094 2.247085806333237
5.99087405873172 2.2528309984944217
6.005605319676914 2.2585883055323577
6.020326581849862 2.2643575411171795
6.035037426559219 2.270138517385577
6.04973743532644 2.275931044948222
6.064426189931442 2.281734932897477
6.079103272458576 2.287549988815393
6.093768265342925 2.2933760187819843
6.108420751416921 2.2992128273837955
6.123060313957274 2.305060217722751
6.1376865367322155 2.3109179914252898
6.152299004049061 2.316785948651782
