6.082710741752588 2.5059745243952682
6.096681773713922 2.512602503732762
6.110632778347049 2.5192440953328292
6.124563291563064 2.5258991091216885
6.138472849331551 2.5325673537812734
6.152360987714363 2.5392486367624127
6.166227242899327 2.5459427642982955
6.180071151233888 2.5526495414182078
6.193892249258646 2.5593687719615534
6.2076900737408165 2.566100258592137
6.221464161707579 2.5728438028127236
6.235214050479308 2.5795992049798593
6.248939277702682 2.5863662643189564
6.262639381383658 2.5931447789396374
6.2763138999202965 2.5999345458513314
6.289962372135434 2.606735360979127
6.303584337309187 2.613547019179865
6.317179335211284 2.6203693142584803
6.3307469061332045 2.6272020389845823
6.344286590920122 2.6340449851092633
6.357797931002643 2.6408979433821456
6.37128046842832 2.647760703568645
6.384733745892943 2.6546330544674626
6.39815730677158 2.661514783928284
6.411550695149381 2.6684056788696937
6.424913455852098 2.67530552529729
6.438245134476359 2.6822141083220017
6.451545277419629 2.689131212178596
6.464813431909898 2.696056620244374
6.478049146035049 2.7029901150580473
6.491251968771913 2.7099314783387896
6.504421450014989 2.716880491005456
6.517557140604834 2.723836933195964
6.530658592356085 2.7308005842868326
6.54372535808513 2.737771222912863
6.556756991637395 2.7447486269869676
6.569753047914247 2.751732573720128
6.582713082899495 2.7587228396414782
6.595636653685482 2.7657192006185114
6.608523318498747 2.772721431877392
6.6213726367252645 2.779729308023371
6.634184168935221 2.786742603061299
6.646957476907341 2.7937610904162193
6.659692123652734 2.8007845429540414
6.672387673438265 2.8078127330022817
6.685043691809416 2.814845432370862
6.697659745612652 2.8218824123729553
6.710235403017247 2.8289234438458775
6.722770233536585 2.8359682971720015
6.735263808048909 2.843016742299694
6.747715698817511 2.850068548764263
6.760125479510339 2.8571234857089
6.772492725219022 2.8641813219056136
6.784817012477291 2.8712418257761363
6.797097919278781 2.8783047654127993
6.809335025094207 2.8853699085993583
6.8215279108878955 2.8924370228317593
6.833676159133654 2.899505875338838
6.8457793538299745 2.906576233102929
6.857837080514547 2.9136478628803837
6.8698489262780695 2.9207205312219746
6.881814479777344 2.927794004493176
6.893733331247647 2.9348680488943053
6.90560507251434 2.9419424304805166
6.91742929700373 2.9490169151816206
6.92920559975315 2.9560912688217256
6.9409335774202425 2.9631652571386793
6.952612828291433 2.9702386458032928
6.964242952289585 2.9773112004383395
6.9758235509808015 2.9843826866372987
6.987354227580378 2.991452869982838
6.998834586957872 2.9985215160650087
7.0102642356412765 3.0055883904991387
7.021642781820286 3.0126532589434016
7.032969835348632 3.0197158871160483
7.044245007745468 3.026776040812269
7.055467912195789 3.0338334859206753
7.066638163549859 3.0408879884393754
7.077755378321638 3.047939314491619
7.088819174686184 3.0549872303409926
7.099829172476003 3.0620315024061355
7.110784993176332 3.0690718972749553
7.121686259919342 3.076108181718317
7.132532597477218 3.0831401227031745
7.143323632254122 3.0901674874051235
7.154058992276984 3.0971900432203414
7.164738307185132 3.104207557776885
7.175361208218709 3.1112197989453154
7.1859273282058655 3.1182265348486222
7.196436301548713 3.125227533871402
7.206887764207987 3.1322225646682735
7.217281353686412 3.1392113961714734
7.227616709010754 3.1461937975976095
7.237893470712494 3.1531695384535285
7.2481112808071355 3.160138388541254
7.258269782772096 3.167100117961954
7.268368621523162 3.174054497118895
7.278407443389465 3.1810012967193346
7.288385896086965 3.1879402877753065
7.298303628690407 3.19487124160324
7.308160291603696 3.201793929822377
7.317955536528699 3.208708124351912
7.327689016432399 3.215613597406811
7.3373603855123966 3.222510121492247
7.346969299160703 3.229397469396586
7.356515413925809 3.2362754141828587
7.365998387472972 3.2431437291786493
7.375417878542704 3.2500021879643337
7.384773546907404 3.256850564359585
7.394065053326104 3.263688632408066
7.403292059497299 3.270516166360242
7.4124542280097945 3.2773329406541993
7.421551222291557 3.284138729894407
7.430582706556506 3.290933308828307
7.439548345749217 3.2977164523206386
7.448447805487477 3.3044879353253958
7.457280752002669 3.311247532855299
7.466046852077912 3.3179950199486745
7.474745772983941 3.324730171633607
7.483377182412657 3.331452762889254
7.491940748408308 3.338162568604169
7.500436139296257 3.344859363531508
7.508863023609281 3.3515429222409594
7.5172210700113595 3.3582130190672457
7.525509947218901 3.3648694280550284
7.533729323919358 3.3715119229000527
7.541878868687181 3.3781402768863313
7.549958249897069 3.3847542628191944
7.557967135634463 3.3913536529539927
7.565905193603231 3.3979382189202405
7.573772091030511 3.404507731640979
7.58156749456866 3.4110619612471207
7.589291070194255 3.4176006769865257
7.596942483104119 3.4241236471275496
7.604521397608325 3.4306306388567815
7.612027477020141 3.43712141817069
7.619460383542877 3.443595749760857
7.626819778153611 3.4500533968924896
7.634105320483754 3.4564941212758553
7.64131666869645 3.462917682930294
7.648453479360766 3.469323840040414
7.655515407322688 3.4757123488040826
7.662502105572901 3.4820829632717842
7.669413225111351 3.4884354351769002
7.676248414808628 3.4947695137564474
7.683007321264148 3.501084945561773
7.689689588661205 3.5073814742586906
7.696294858618914 3.513658840416504
7.702822770041112 3.519916781285339
7.709272958962288 3.52615503056118
7.715645058390624 3.532373318137951
7.721938698148284 3.5385713698459793
7.728153504709036 3.5447489071761185
7.734289101033405 3.550905646988774
7.740345106401518 3.5570413012070463
7.746321136243842 3.5631555764931466
7.752216801970078 3.5692481739072117
7.758031710796468 3.575318788547585
7.763765465571847 3.5813671091715955
7.769417664602789 3.587392817795802
7.774987901478256 3.593395589274632
7.780475764894223 3.59937509085627
7.785880838478775 3.6053309817146193
7.791202700618288 3.611262912456078
7.796440924285319 3.6171705245998145
7.801595076868953 3.6230534500301763
7.806664720008422 3.628911310419788
7.8116494094309 3.6347437166218213
7.816548694794491 3.6405502680298727
7.821362119537538 3.646330551903786
7.826089220735488 3.6520841426597106
7.830729528966724 3.657810601122589
7.835282568188865 3.663509473739214
7.839747855627256 3.6691802917499055
7.844124901677504 3.6748225703167967
7.848413209824132 3.6804358076066364
7.852612276577628 3.6860194838259512
7.856721591432404 3.6915730602063364
7.860740636848409 3.6970959779375847
7.864668888259463 3.702587657046309
7.868505814111602 3.708047495217649
7.87225087593515 3.7134748665576174
7.875903528454476 3.7188691202936095
7.879463219739879 3.7242295794105775
7.882929391406386 3.7295555392203523
7.886301478864752 3.734846265861636
7.889578911630389 3.7401009947281922
7.892761113696549 3.745318928822841
7.895847503978568 3.7504992370349477
7.898837496836671 3.755641052339221
7.9017305026854565 3.760743469913796
7.904525928698908 3.7658055451757924
7.907223179620515 3.7708262917328126
7.90982165868895 3.775804679249155
7.9123207686905515 3.7807396312259254
7.914719913150861 3.785630022694719
7.917018497678378 3.790474677825098
7.919215931474775 3.795272367446785
7.921311629026896 3.800021806488269
7.923305011997015 3.8047216513344795
7.9251955113290204 3.809370497107227
7.926982569589434 3.8139668748733846
7.928665643563473 3.8185092487872114
7.930244207127659 3.8229960131748575
7.9317177544218085 3.827425489570992
7.9330858033445875 3.8317959237196013
7.934347899398111 3.8361054825534526
7.935503619908388 3.8403522511694437
7.936552578649565 3.8445342298201144
7.937494430901108 3.848649330945075
7.93832887896798 3.8526953762699137
7.939055678194711 3.8566700940044427
7.939674643504764 3.860571116176861
7.940185656496875 3.8643959761456395
7.940588673129872 3.868142106336635
7.940883732026898 3.8718068362592284
7.941070963428787 3.875387390862029
7.941150598824437 3.8788808892960307
7.941122981283443 3.8822843441609876
7.940988576512606 3.885594661319094
7.940747984653241 3.8888086403689393
7.94040195283029 3.8919229758818994
7.939951388456807 3.8949342595126977
7.93939737328841 3.8978389831055824
7.938741178211416 3.9006335429273418
7.9379842787354935 3.9033142451679304
7.937128371146621 3.9058773128586615
7.936175389258523 3.908318894366301
7.935127521680719 3.9106350736287117
7.933987229498421 3.912821882303436
7.932757264233772 3.9148753140043073
7.931440685929397 3.9167913408022397
7.930040881163651 3.9185659321640953
7.928561580772879 3.9201950764973392
7.927006877019151 3.9216748054570587
7.925381239903298 3.9230012211553804
7.923689532282642 3.9241705263900277
7.921937023411827 3.925179057978344
7.920129400484266 3.9260233232443196
7.918272777712387 3.9267000396585092
7.916373702448458 3.927206177573538
7.914439157816059 3.9275390059305177
7.9124765612973835 3.927696140734416
7.910493758705576 3.927675596008896
7.908499012966776 3.9274758368444314
7.906500987146102 3.9270958340484756
7.90450872117782 3.926535119794932
7.902531601805239 3.9257938435545663
7.900579325302442 3.924872827471315
7.898661852639915 3.9237736202356186
7.896789356870604 3.922498548399332
7.894972162652423 3.9210507639826453
7.893220677987274 3.919434287147394
7.8915453184433995 3.9176540426590494
7.889956424334296 3.9157158888374206
7.888464171548968 3.913626637709575
7.887078476958776 3.9113940651322543
7.885808899558252 3.9090269097496084
7.884664538721971 3.906534859797219
7.883653931167474 3.9039285269563715
7.882784948394678 3.901219406701147
7.8820646965151315 3.8984198248614823
7.881499420479894 3.895542870441157
7.881094414754194 3.892602315071559
7.8808539424636574 3.8896125198388662
7.880781164946467 3.8865883305806452
7.880878083486985 3.8835449630936067
7.88114549478135 3.8804978800123746
7.88158296139942 3.877462661395314
7.882188798169385 3.874454871274443
7.882960075032846 3.87148992258124
7.883892636513635 3.8685829429406198
7.884981137528832 3.865748643826695
7.886219094862073 3.8630011954954937
7.887598953233729 3.8603541099543697
7.889112164555003 3.8578201340025253
7.890749278656817 3.8554111540915996
7.8925000435496395 3.8531381144227708
7.894353513104476 3.8510109493315277
7.896298159951443 3.849038530628968
7.898321991370685 3.8472286301844023
7.9004126659974405 3.84558789766312
7.9025576092724545 3.8441218529881493
7.904744125731999 3.842834892786782
7.906959506438102 3.8417303098196407
7.909191130087918 3.8408103241777085
7.911426556599964 3.840076124873682
7.913653612242866 3.839527920348465
7.915860465639257 3.839164996359331
7.918035694234239 3.8389857797093274
7.920168341057276 3.8389879063123926
7.922247961822556 3.839168292158961
7.924264662601825 3.8395232058457123
7.926209128463255 3.8400483414535027
7.928072643598942 3.8407388906926343
7.929847103562801 3.841589613378228
7.931525020311235 3.8425949054449315
7.9330995207834265 3.843748863854807
7.934564339778954 3.845045347891067
7.935913807891239 3.846478036460365
7.937142835238931 3.8480404811453965
7.938246891707322 3.8497261548562407
7.939221984371186 3.8515284960223135
7.94006463272206 3.853440948346956
7.9407718422694 3.8554569962136775
7.941341077028613 3.8575701958875928
7.941770231351563 3.859774202698506
7.942057601498215 3.862062794424436
7.942201857293133 3.8644298911172736
7.942202014158215 3.8668695716269545
7.942057405764233 3.8693760870881446
7.9417676574988105 3.8719438716351133
7.94133266090767 3.87456755060732
7.9407525492294235 3.87724194650115
7.940027674111849 3.87996208291317
7.939158583569306 3.882723186707933
7.9381460012166 3.8855206886294624
7.936990806793775 3.8883502225606126
7.9356940179789275 3.89120762361905
7.934256773471697 3.8940889252629756
7.932680317318445 3.8969903555643013
7.930965984440804 3.899908332791895
7.929115187322212 3.902839460433138
7.9271294038016675 3.9057805217682535
7.9250101659202645 3.908728474099028
7.922759049763716 3.911680442721485
7.920377666242773 3.914633714720976
7.9178676527532215 3.917585732657959
7.915230665657544 3.9205340882033894
7.9124683735314765 3.923476515774245
7.909582451120221 3.9264108862120706
7.906574573951054 3.9293352005406192
7.903446413551263 3.932247583832562
7.900199633222798 3.9351462792098637
7.896835884327526 3.938029641997623
7.89335680303964 3.94089613404702
7.889764007524359 3.9437443182393204
7.886059095504713 3.9465728531797386
7.882243642180749 3.949380488087199
7.8783191984680405 3.9521660578836766
7.874287289524747 3.954928478484785
7.870149413538836 3.9576667422916016
7.865907040749252 3.9603799138822504
7.861561612676938 3.963067125900615
7.8571145415435675 3.965727575138552
7.852567209857713 3.9683605188072124
7.847920970149908 3.9709652709924157
7.843177144839691 3.973541199288576
7.83833702621921 3.9760877216052792
7.833401876539383 3.9786043031403735
7.8283729281858925 3.981090453513241
7.8232513839335045 3.983545724051846
7.818038417268266 3.985969705227095
7.812735172768209 3.9883620242280875
7.807342766534061 3.9907223426718876
7.801862286662343 3.9930503544415474
7.796294793754006 3.9953457836462487
7.790641321452492 3.9976083826975777
7.784902877005705 3.999837930496124
7.779080441847022 4.002034230722779
7.77317497219098 4.004197110229296
7.767187399639774 4.006326417522904
7.761118631797135 4.008422021339922
7.7549695528865765 4.010483809303607
7.7487410243713315 4.012511686661587
7.742433885573661 4.0145055750985215
7.736048954291491 4.016465411619771
7.729587027410605 4.018391147502105
7.723048881510856 4.0202827473076335
7.716435273465092 4.022140187957375
7.70974694102966 4.023963457861025
7.702984603425544 4.0257525560996905
7.696148961909333 4.027507491658513
7.68924070033337 4.029228282706269
7.6822604856945444 4.030914955919206
7.6752089686712885 4.032567545846505
7.6680867841484694 4.034186094314916
7.66089455172992 4.035770649870252
7.653632876238443 4.037321267253546
7.646302348203186 4.038838006909809
7.638903544334361 4.040320934527446
7.63143702798529 4.0417701206064915
7.623903349601855 4.043185640053946
7.616303047159438 4.044567571804563
7.608636646587464 4.045915998465586
7.60090466218173 4.047231005983964
7.593107597004665 4.048512683334708
7.585245943273759 4.0497611222291
7.577320182738335 4.050976416841554
7.569330787044939 4.052158663554001
7.561278218091553 4.053307960716744
7.5531629283709165 4.05442440842476
7.54498536130318 4.055508108308534
7.536745951558192 4.0565591633385285
7.528445125367657 4.057577677642458
7.520083300827449 4.058563756334605
7.511660888190344 4.059517505356412
7.5031782901494575 4.0604390313276975
7.494635902112621 4.061328441407816
7.486034112468008 4.06218584316618
7.477373302841244 4.063011344461554
7.468653848344256 4.063805053329594
7.459876117816154 4.064567077878126
7.451040474056351 4.065297526189681
7.442147274050205 4.065996506230854
7.433196869187394 4.066664125768066
7.4241896054732965 4.067300492289326
7.4151258237335735 4.067905712931642
7.4060058598122005 4.068479894413712
7.396830044763159 4.06902314297359
7.387598705036001 4.069535564311009
7.37831216265551 4.070017263534076
7.3689707353956315 4.070468345110079
7.3595747369479 4.07088891282013
7.350124477084529 4.071279069717429
7.34062026181637 4.071638918088919
7.331062393545894 4.07196855942011
7.321451171215398 4.072268094362891
7.311786890450579 4.072537622706133
7.302069843699654 4.072777243348918
7.29230032036817 4.072987054276223
7.282478606949676 4.073167152536908
7.272604987152371 4.07331763422387
7.2626797420219145 4.073438594456212
7.252703150060484 4.073530127363318
7.242675487342262 4.073592326070705
7.232597027625438 4.073625282687535
7.222468042460878 4.0736290882956965
7.212288801297565 4.07360383294034
7.202059571584931 4.073549605621785
7.191780618872179 4.073466494288714
7.1814522069047255 4.073354585832556
7.171074597717838 4.073213966083
7.160648051727584 4.073044719804562
7.1501728278191825 4.072846930694119
7.1396491834328435 4.072620681379385
7.129077374647197 4.072366053418228
7.118457656260376 4.072083127298804
7.107790281868858 4.071771982440429
7.097075503944122 4.071432697195165
7.086313573907224 4.071065348850056
7.075504742201321 4.070670013629974
7.064649258362268 4.070246766701043
7.0537473710873035 4.069795682174591
7.0427993283019275 4.069316833111598
7.03180537722501 4.0688102915276225
7.020765764432202 4.068276128398138
7.009680735917705 4.067714413664295
6.998550537154447 4.067125216239044
6.98737541315273 4.066508604013617
6.976155608517392 4.065864643864329
6.964891367503537 4.065193401659689
6.953582934070871 4.064494942267794
6.942230551936713 4.063769329563976
6.930834464627691 4.063016626438705
6.919394915530197 4.062236894805711
6.907912147939616 4.061430195610325
6.89638640510839 4.060596588838006
6.884817930292938 4.05973613352306
6.873206966799467 4.058848887757518
6.861553758028734 4.057934908700182
6.849858547519747 4.056994252585808
6.838121578992485 4.056026974734427
6.826343096389628 4.05503312956079
6.814523343917359 4.0540127705839355
6.80266256608523 4.052965950436852
6.790761007745163 4.051892720876255
6.778818914129561 4.050793132792446
6.766836530888607 4.0496672362192605
6.754814104126727 4.0485150803441
6.742751880438273 4.047336713518034
6.730650106942425 4.046132183265968
6.718509031317361 4.044901536296885
6.7063289018336745 4.043644818514137
6.694109967387099 4.042362075025799
6.6818524775305335 4.041053350155066
6.669556682505392 4.039718687450712
6.657222833272299 4.038358129697586
6.6448511815411395 4.036971718927143
6.632441979800483 4.035559496428036
6.619995481346393 4.034121502756725
6.60751194031065 4.032657777748134
6.5949916116883704 4.031168360526337
6.582434751365068 4.029653289515281
6.569841616143153 4.028112602449536
6.557212463767872 4.026546336385072
6.5445475529527295 4.024954527710078
6.531847143404365 4.0233372121557895
6.519111495846916 4.021694424807364
6.506340872045884 4.020026200114763
6.49353553483149 4.018332571903677
6.480695748121541 4.0166135733864685
6.467821776943821 4.014869237173139
6.4549138874580025 4.013099595282323
6.441972346977087 4.011304679152312
6.428997423988392 4.009484519652097
6.415989388174079 4.0076391470924415
6.402948510431236 4.0057685912369765
6.389875062891512 4.003872881313326
6.376769318940319 4.001952046024253
6.3636315532356 4.000006113558838
6.3504620417261695 3.998035111603682
6.337261061669629 3.9960390673541375
6.324028891649864 3.9940180075255656
6.310765811594125 3.991971958364628
6.297472102789695 3.989900945660599
6.284148047900147 3.9878049947567185
6.270793930981203 3.9856841305615665
6.257410037496171 3.9835383775604742
6.243996654331003 3.9813677598269672
6.230554069808936 3.9791723010342377
6.217082573704745 3.9769520244666534
6.203582457258592 3.9747069530313044
6.1900540131894894 3.9724371092695754
6.176497535708366 3.970142515368764
6.162913320530739 3.96782319317373
6.149301664888997 3.965479164198586
6.135662867544289 3.9631104496384206
6.121997228798029 3.96071707038107
6.108305050503004 3.9582990470189188
6.094586636074099 3.9558563998607514
6.080842290498619 3.9533891489436384
6.067072320346238 3.9508973140448673
6.053277033778546 3.948380914693919
6.039456740558204 3.9458399701844833
6.025611752057715 3.943274499586523
6.011742381267795 3.940684521758381
5.997848942805353 3.938070055358936
5.98393175292108 3.9354311188598015
5.9699911295066315 3.9327677305575746
5.956027392101427 3.9300799085861335
5.942040861899041 3.927367670928982
5.928031861753195 3.9246310354316436
5.914000716183352 3.9218700198141065
5.899947751379906 3.9190846416833187
5.885873295208962 3.9162749185457337
5.8717776772167145 3.9134408678199093
5.8576612286334155 3.910582506849155
5.843524282376931 3.9076998529142375
5.829367173055882 3.9047929232461334
5.815190236972376 3.90186173503884
5.800993812124316 3.898906305462236
5.7867782382072885 3.8959266516749986
5.772543856616036 3.892922790837577
5.758291010445498 3.8898947401252126
5.744020044491427 3.886842516741026
5.729731305250583 3.8837661379291477
5.715425140920475 3.8806656209879127
5.701101901398693 3.877540983283104
5.686761938281787 3.8743922422612584
5.672405604863708 3.871219415463019
5.658033256133813 3.8680225205365546
5.643645248774416 3.864801575251023
5.629241941157899 3.8615565975100976
5.614823693343365 3.858287605365548
5.6003908670728455 3.854994617030873
5.585943825767045 3.851677650894992
5.571482934520634 3.848336725535988
5.557008560097071 3.8449718597349083
5.542521070922968 3.841583072489618
5.52802083708199 3.8381703830287046
5.51350823030828 3.8347338108254414
5.498983623979412 3.831273375611799
5.484447393108877 3.8277890973925115
5.4698999143380815 3.8242809964591924
5.455341565927874 3.8207490934045043
5.440772727749587 3.817193409136377
5.4261937812755905 3.813613964892275
5.411605109569366 3.8100107822535167
5.397007097275084 3.806383883159636
5.382400130606695 3.8027332899227964
5.36778459733652 3.7990590252422494
5.353160886783352 3.7953611122188358
5.338529389800056 3.7916395743695337
5.323890498760665 3.7878944356420465
5.309244607546987 3.784125720429438
5.2945921115346835 3.780333453584798
5.279933407578868 3.776517660435958
5.265268893999183 3.7726783668002355
5.250598970564362 3.768815598999218
5.235924038476302 3.7649293838735822
5.221244500353597 3.761019748797944
5.20656076021458 3.757086721695742
5.191873223459832 3.7531303310541477
5.177182296854194 3.7491506059390045
5.162488388508241 3.745147576009793
5.1477919078592596 3.741121271534619
5.1330932656516834 3.7370717234052244
5.118392873917031 3.732998963152017
5.103691145953313 3.728903022959116
5.088988496303917 3.7247839356794157
5.074285340735979 3.7206417348496617
5.059582096218229 3.716476454705533
5.044879180898319 3.7122881301967383
5.03017701407963 3.7080767970021147
5.0154760161975585 3.7038424915447266
5.000776608795284 3.69958525100697
4.986079214499019 3.6953051133456705
4.971384256992739 3.691002117307175
4.9566921609924 3.686676302442438
4.942003352219635 3.682327709122092
4.927318257374941 3.677956378551508
4.91263730411035 3.6735623527858334
4.897960921001593 3.669145674745012
4.883289537519752 3.6647063882287783
4.868623584002406 3.6602445379316215
4.8539634916242775 3.6557601694577224
4.839309692367368 3.651253329335852
4.824662618990602 3.6467240650342307
4.810022704998975 3.642172424975349
4.795390384612201 3.637598458550736
4.780766092732881 3.6330022161356825
4.766150264914179 3.628383749103906
4.751543337327018 3.623743109842161
4.736945746726796 3.619080351764782
4.722357930419631 3.6143955293281653
4.707780326228136 3.609688698045175
4.693213372456726 3.604959914499474
4.6786575078564745 3.600209236359778
4.664113171589504 3.5954367223940213
4.649580803192934 3.590642432483436
4.635060842542385 3.5858264276365364
4.620553729815048 3.580988770003003
4.606059905452313 3.5761295228874674
4.591579810121987 3.5712487507631834
4.5771138846800765 3.566346519285587
4.562662570132175 3.5614228953057423
4.548226307594436 3.556477946883656
4.533805538254151 3.551511743301467
4.519400703329942 3.5465243550765053
4.505012244031568 3.5415158539742055
4.4906406015193605 3.5364863130208795
4.47628621686329 3.5314358065163383
4.461949531001684 3.5263644100463614
4.4476309846995905 3.5212722004949972
4.433331018506808 3.5161592560567065
4.419050072715581 3.5110256562483273
4.404788587317977 3.5058714819208645
4.390547001962966 3.500696815271097
4.37632575591318 3.4955017398529917
4.362125288001396 3.4902863405889293
4.3479460365867455 3.4850507037807215
4.333788439510641 3.4797949171204277
4.319652934052462 3.4745190697009574
4.30553995688498 3.4692232520264543
4.291449944029565 3.4639075560224555
4.277383330811161 3.4585720750458226
4.263340551813053 3.453216903894435
4.24932204083144 3.447842138816644
4.235328230829815 3.4424478775204745
4.221359553893186 3.4370342191825793
4.207416441182124 3.431601264456929
4.193499322886671 3.4261491154832373
4.179608628180118 3.420677875895118
4.165744785172655 3.415187650827962
4.151908220864925 3.4096785469265285
4.138099361101482 3.404150672352255
4.124318630524166 3.3986041367902673
4.110566452525429 3.393039051456086
4.096843249201599 3.3874555291020356
4.083149441306114 3.3818536840233357
4.069485448202744 3.376233632063874
4.055851687818797 3.3705954906216604
4.042248576598349 3.3649393786539483
4.0286765294554865 3.3592654166820255
4.0151359597276075 3.353573726795663
4.001627279128766 3.3478644326572207
3.988150897703099 3.3421376595054015
3.974707223778337 3.3363935341586535
3.961296663919428 3.3306321850182066
3.9479196228822717 3.3248537420707502
3.9345765035676035 3.319058336890736
3.9212677069750237 3.3132461026423083
3.907993632157202 3.307417174080855
3.894754676174268 3.301571687554173
3.881551234048405 3.2957097810032483
3.8683836987186626 3.2898315939626386
3.85525246099601 3.2839372675604634
3.8421579095186393 3.2780269445179933
3.8291004307075402 3.272100769148829
3.816080408722362 3.26615888735768
3.8030982254175805 3.2602014466387237
3.7901542602989813 3.2542285960735535
3.777248890480487 3.248240486328708
3.7643824906413323 3.242237269652774
3.751555432983614 3.2362190998730713
3.7387680871902242 3.2301861323919043
3.7260208203831935 3.224138524182386
3.71331399708245 3.218076433783829
3.7006479791650158 3.212000021296701
3.6880231258246594 3.205909448377147
3.675439793532017 3.199804878231066
3.6628983359951977 3.193686475607755
3.650399104120895 3.1875544067931054
3.637942445976014 3.1814088396023616
3.6255287067498294 3.1752499433724326
3.613158228716701 3.16907788895376
3.600831351199348 3.1628928487017407
3.588548410532706 3.156694996467705
3.57630974002838 3.15048450758945
3.564115669939711 3.144261558881325
3.5519665274274606 3.138026328623874
3.539862636526146 3.131778996553036
3.5278043181110217 3.1255197438488964
3.5157918898657368 3.1192487531240047
3.503825666250668 3.1129662084112417
3.491905958471956 3.106672295151255
3.4800330744512475 3.1003672001794547
3.4682073187961637 3.0940511117125737
3.4564289927715017 3.0877242193347962
3.444698394271188 3.081386713983455
3.433015817790989 3.075038787934305
3.4213815544019996 3.0686806347863667
3.4097958917249134 3.062312449446357
3.3982591139050884 3.0559344281126966
3.3867715015884228 3.0495467682591095
3.3753333318980454 3.0431496686178114
3.3639448784118384 3.0367433291622965
3.3526064111407936 3.030327951089722
3.341318196508221 3.0239037368029007
3.3300804973298117 3.0174708898919067
3.3188935727945683 3.0110296151152944
3.307757678446608 3.0045801183809417
3.296673066167852 2.998122606726525
3.285639984161602 2.9916572882996233
3.2746586769370167 2.9851843723374722
3.263729385294489 2.9787040691463607
3.252852346311941 2.9722165900806865
3.242027793332031 2.965722147521675
3.231255955950284 2.9592209548557684
3.2205370600041525 2.9527132264526985
3.209871327563009 2.9461991776432406
3.1992589769190753 2.9396790246966673
3.188700222579295 2.933152984797907
3.1781952752581466 2.9266212760244152
3.16774434187141 2.9200841173227707
3.157347625530879 2.913541728485001
3.1470053255400283 2.906994330124653
3.1367176373906323 2.9004421436526124
3.126484752760343 2.893885391252692
3.116306859511223 2.887324295856984
3.1061841416892326 2.8807590811210018
3.096116779524676 2.8741899713986148
3.0861049494336013 2.867617191716787
3.0761488240201595 2.861040967750133
3.0662485720799113 2.854461525795304
3.056404358604089 2.8478790927452087
3.0466163447848085 2.841293896063093
3.036884688021223 2.8347061637564757
3.0272095419266227 2.8281161243509674
3.017591056336478 2.821524006863971
3.0080293773174094 2.814930040778292
2.998524647177093 2.808334456015653
2.989077004475094 2.8017374829101453
2.9796865840346136 2.795139352181612
2.9703535169551567 2.7885402949089926
2.961077930626105 2.7819405425036257
2.95185994874119 2.775340326682545
2.9426996913138637 2.768739879441758
2.9335972746935526 2.7621394330295406
2.9245528115827937 2.7555392199197524
2.915566411055237 2.74893947278519
2.906638178574514 2.7423404244709912
2.897768216013956 2.735742307968105
2.8889566216771567 2.7291453563868444
2.8802034903193667 2.722549802930534
2.8715089131697136 2.7159558808692665
2.862872977954231 2.7093638235137893
2.8542957689196915 2.7027738641895263
2.84577736685823 2.6961862362107603
2.837317849132743 2.6896011728549865
2.8289172897030554 2.6830189073374515
2.820575759152843 2.6764396727858966
2.812293324717293 2.66986370221552
2.8040700503114953 2.6632912285041694
2.7959059965595494 2.656722484367792
2.787801220824367 2.650157702336145
2.7797557772381705 2.6435971147287916
2.7717697167336564 2.6370409536313955
2.7638430870758217 2.6304894508723273
2.755975932894431 2.62394283799961
2.748168295717115 2.617401346258204
2.740420214003079 2.6108652065676634
2.732731723177408 2.60433464950017
2.725102855665954 2.5978099052589685
2.717533640930788 2.591291203657217
2.7100241055061987 2.584778774097266
2.702574273035221 2.5782728455503916
2.69518416430668 2.571773646536997
2.68785379729273 2.5652814051072905
2.6805831871868704 2.5587963488224745
2.6733723464424233 2.552318704736449
2.666221284811452 2.5458486993780522
2.6591300093841017 2.5393865587338613
2.652098524628342 2.5329325082315584
2.6451268324300994 2.526486772723897
2.638214932133746 2.520049576473272
2.6313628205829382 2.5136211431369184
2.6245704921617796 2.507201695752761
2.6178379388362836 2.500791456725927
2.611165150196118 2.49439064781594
2.604552113496615 2.4879994901246265
2.597998813701013 2.4816182040847368
2.591505233522919 2.4752470094493115
2.5850713534689618 2.468886125281815
2.5786971518816153 2.4625357699470416
2.5723826049821676 2.4561961611028336
2.5661276869138137 2.449867515692616
2.5599323697848395 2.443550049938776
2.553796623711883 2.4372439793369076
2.5477204168632372 2.43094951865094
2.541703715502169 2.424666881909172
2.5357464840302333 2.4183962824012344
2.5298486850305446 2.412137932676001
2.524010279310985 2.4058920445404732
2.518231225947314 2.3996588290596566
2.512511482326149 2.393438496557451
2.5068510041877907 2.3872312566185845
2.50124974566885 2.381037318091605
2.4957076593446526 2.374856889092958
2.4902246962713837 2.3686901770121724
2.4848008060279287 2.3625373885181786
2.4794359367573855 2.356398729566781
2.4741300352081983 2.350274405409313
2.468883046774876 2.3441646206024918
2.463694915538257 2.3380695790195074
2.4585655843052714 2.3319894838623587
2.4534949946481555 2.3259245376754714
2.448483086943074 2.3198749423606166
2.4435298004081 2.3138408991931567
2.4386350731404973 2.307822608839644
2.4337988421532577 2.301820271376794
2.429021043410828 2.295834086311865
2.424301611863981 2.2898642526044544
2.4196404814837535 2.283910968689755
2.4150375852944013 2.2779744325032776
2.41049285540529 2.272054841507073
2.406006223041667 2.266152392717476
2.4015776185742275 2.260267282734386
2.397206971547399 2.2543997077721176
2.3928942107062734 2.2485498636918297
2.388639264022088 2.2427179460355595
2.3844420587161776 2.23690415006188
2.380302521282291 2.2311086707831898
2.3762205775071927 2.2253317030046627
2.3721961524894266 2.2195734413648576
2.368229170656147 2.2138340803780068
2.3643195557779 2.2081138144779904
2.360467230981236 2.2024128380639985
2.356672118759026 2.1967313455478896
2.35293414097836 2.1910695314032385
2.3492532188858797 2.185427590216072
2.3456292731104105 2.179805716737283
2.3420622236627384 2.174204105936708
2.3385519899323755 2.1686229530588474
2.3350984906811547 2.1630624536802086
2.331701644033471 2.1575228037682317
2.3283613674630015 2.1520041997417674
2.325077577775712 2.146506838533055
2.321850191088949 2.1410309176511446
2.318679122806428 2.1355766352467054
2.3155642875888858 2.1301441901781333
2.3125055993201973 2.1247337820788843
2.30950297106871 2.1193456114259237
2.3065563150435695 2.113979879609187
2.3036655425457826 2.1086367890019173
2.3008305639137654 2.103316543031749
2.298051288463114 2.098019346252363
2.2953276244203216 2.092745404415546
2.2926594788501666 2.087494924543453
2.290046757576478 2.082268115000849
2.28748936509599 2.0770651855670943
2.284987204484981 2.071886347507595
2.2825401772983827 2.066731813644433
2.2801481834610646 2.0616017984258495
2.277811121150958 2.0564965179942223
2.275528886673711 2.0514161902521537
2.273301374328556 2.0463610349262495
2.271128476265063 2.0413312736281206
2.269010082330464 2.036327129912118
2.2669460799072376 2.0313488293292514
2.264936353740646 2.0263965994767146
2.2629807857559223 2.0214706700423757
2.2610792548648337 2.016571272843563
2.2592316367613474 2.0116986418594047
2.2574378037061473 2.0068530132559386
2.2556976242997866 2.0020346254031556
2.2540109632442755 1.9972437188830723
2.2523776810929435 1.9924805364878717
2.2507976339884617 1.9877453232070956
2.2492706733889403 1.983038326202801
2.2477966457820924 1.9783597947715323
2.2463753923874883 1.9737099802918976
2.2450067488470236 1.9690891361564677
2.2436905449037656 1.9644975176866537
2.2424266040694665 1.9599353820291576
2.2412147432810903 1.9554029880325225
2.240054772546838 1.9509005961022505
2.2389464945822453 1.9464284680329031
2.2378897044370807 1.9419868668155424
2.2368841891138858 1.9375760564188218
2.2359297271791707 1.933196301542008
2.235026088368439 1.9288478673381648
2.2341730331863836 1.9245310191057277
2.2333703125037982 1.9202460219466724
2.2326176671529443 1.915993140389496
2.231914827523334 1.9117726379752424
2.231261513160119 1.9075847768048386
2.2306574323675026 1.9034298170460793
2.230102281819871 1.8993080163986582
2.229595746183566 1.8952196295157637
2.229137497752512 1.8911649073808825
2.228727196101187 1.88714409663862
2.2283644877586877 1.8831574388785361
2.22804900590793 1.8792051698712355
2.2277803701143086 1.8752875187562037
2.2275581860883955 1.8714047071812037
2.2273820454875324 1.8675569483933878
2.227251525761409 1.863744446282672
2.2271661900469515 1.8599673943783612
2.227125587118041 1.8562259748004961
2.227129251395755 1.8525203571679179
2.2271767030249516 1.8488506974656203
2.2272674480230954 1.8452171368745858
2.2274009785072675 1.8416198005679434
2.2275767730052527 1.838058796478002
2.227794296856514 1.8345342140394296
2.2280530027086787 1.8310461229146142
2.228352331114898 1.8275945717080204
2.2286917112371 1.8241795866771506
2.229070561659697 1.8208011704485076
2.2294882913177547 1.817459300747752
2.2299443005429707 1.8141539291540048
2.230437982230037 1.810884979888984
2.230968723125071 1.8076523486523366
2.231535905236787 1.8044559015151493
2.2321389073699915 1.8012954738841456
2.232777106779744 1.7981708695495082
2.233449880943207 1.795081859829581
2.234156609444818 1.7920281828258686
2.23489667596891 1.7890095428017756
2.2356694703923763 1.7860256096983822
2.2364743909683824 1.7830760188002044
2.2373108465905265 1.7801603705633626
2.23817825912524 1.7772782306178418
2.2390760657986677 1.7744291299545631
2.240003721622745 1.771612565306825
2.240960701843778 1.7688279997342775
2.241946504395548 1.7660748634159964
2.242960652337812 1.7633525546574282
2.2440026962601265 1.7606604411139946
2.2450722166301897 1.7579978612319953
2.246168826065387 1.7553641259051753
2.247292171506014 1.7527585203429221
2.248441936268711 1.7501803061436054
2.24961784195899 1.7476287235640722
2.2508196502224274 1.745102993973823
2.252047164315085 1.7426023224799665
2.253300230475008 1.7401259007067031
2.2545787390782843 1.7376729097109034
2.255882625565024 1.7352425230133344
2.257211871122775 1.7328339097233079
2.2585665031172937 1.7304462377330143
2.259946595263163 1.728078676956596
2.2613522675294924 1.725730402588122
2.2627836857787944 1.7234005983521115
2.26424106114003 1.7210884597200653
2.2657246491197447 1.7187931970666863
2.2672347484580935 1.7165140387400377
2.2687716997393395 1.7142502340208254
2.2703358837690564 1.712001055947276
2.2719277197327203 1.7097658039836805
2.2735476631526126 1.707543806512572
2.275196203661915 1.7053344231326486
2.27687386261655 1.7031370467469085
2.278581190566682 1.7009511054279964
2.280318764610812 1.6987760640504002
2.282087185656077 1.6966114256818545
2.2838870756087157 1.6944567327290476
2.2857190745186644 1.6923115678354448
2.2875838377019235 1.690175554531688
2.28948203286373 1.688048357641566
2.2914143372446554 1.6859296834489423
2.293381434810614 1.6838192796332427
2.2953840135063848 1.6817169349831012
2.2974227625907093 1.6796224788995522
2.2994983700693155 1.6775357807016889
2.3016115202404115 1.6754567487489933
2.3037628913652983 1.6733853293955747
2.30595315347482 1.6713215057923316
2.3081829663204347 1.669265296553574
2.3104529774767606 1.667216754304936
2.3127638206005985 1.665175964129473
2.3151161138496263 1.6631430419286888
2.3175104584622623 1.661118132714915
2.3199474374986195 1.6591014088509526
2.3224276147409935 1.6570930682522476
2.324951533751018 1.655093332566097
2.327519717079427 1.6531024453415075
2.3301326656233323 1.6511206702023786
2.3327908581250347 1.6491482890356683
2.335494750805637 1.6471856002051453
2.3382447771261288 1.6452329168002637
2.341041347668139 1.6432905649286147
2.343884850126211 1.6413588820593428
2.3467756494032295 1.6394382154238711
2.349714087800522 1.637528920479274
2.352700485294121 1.6356313594386616
2.355735139888769 1.633745899872035
2.3588183280413846 1.631872913380206
2.3619503051459185 1.6300127743435837
2.3651313060718158 1.6281658587468983
2.368361545748613 1.6263325430802582
2.371641219789554 1.6245132033163476
2.374970505147495 1.6227082139630251
2.378349560796792 1.6209179471901218
2.38177852843526 1.6191427720288158
2.385257533200749 1.6173830536416243
2.388786684397292 1.6156391526607432
2.392366076226229 1.613911424592232
2.3959957885181122 1.6122002192833442
2.39967588746162 1.6105058804501506
2.403406426326105 1.6088287452624965
2.4071874461747655 1.6071691439832614
2.411018976565818 1.6055273996588493
2.414901036239359 1.6039038278578264
2.4188336337879544 1.6022987364546415
2.422816768309271 1.6007124254553962
2.4268504300393663 1.599145186862698
2.430934600965488 1.5975973045766918
2.4350692554174915 1.5960690543294591
2.4392543606371797 1.5945607036500693
2.4434898773250886 1.59307251185767
2.4477757601643937 1.5916047300801215
2.452111958321792 1.5901576012957932
2.4564984159253447 1.588731360396261
2.460935072519392 1.5873262342677668
2.465421863496762 1.5859424418894241
2.469958720508594 1.5845801944462743
2.4745455718521754 1.5832396954554173
2.479182342837255 1.5819211409035598
2.4838689561313743 1.5806247193944392
2.488605332084784 1.5793506123046874
2.4933913890355615 1.5780989939468146
2.4982270435955876 1.576870031738085
2.5031122109180406 1.5756638863741657
2.5080468049471047 1.5744807120065154
2.5130307386505844 1.573320656422571
2.518063924236133 1.5721838612278787
2.5231462733517995 1.5710704620293845
2.5282776972715877 1.5699805886191887
2.533458107066733 1.5689143651581234
2.538687413763368 1.56787191035859
2.5439655284872593 1.5668533376661458
2.5492923625962622 1.56585875543939
2.5546678278011417 1.5648882671277509
2.560091836275373 1.5639419714468268
2.5655643007545335 1.5630199625509704
2.57108513462586 1.5621223302028588
2.576654252008538 1.5612491599398208
2.5822715678252646 1.5604005332367321
2.5879369978655995 1.5595765276653188
2.593650458841603 1.5587772170497391
2.5994118684362473 1.5580026716183395
2.6052211453450336 1.5572529581515084
2.6110782093112763 1.5565281401255644
2.6169829811554455 1.5558282778526449
2.622935382798974 1.5551534286165705
2.6289353372828925 1.5545036468046818
2.6349827687816574 1.5538789840356562
2.641077602612497 1.553279489283324
2.6472197652406 1.5527052089965179
2.653409184280441 1.5521561872149947
2.6596457884935347 1.551632465681479
2.665929507782873 1.5511340839498884
2.6722602731843077 1.550661079489797
2.6786380168551167 1.5502134877872131
2.685062672059962 1.549791342441737
2.6915341731544675 1.5493946752601813
2.6980524555666006 1.5490235163467267
2.7046174557760447 1.5486778941897015
2.71122911129174 1.548357835745064
2.7178873606277474 1.5480633665166739
2.7245921432775884 1.5477945106334405
2.7313433996872085 1.5475512909234312
2.738141071226688 1.5473337289850282
2.744985100160824 1.5471418452552188
2.751875429618705 1.5469756590751076
2.7588120035623795 1.546835188752731
2.765794766754713 1.5467204516232622
2.7728236647265416 1.5466314641066894
2.7798986437431883 1.5465682417630433
2.787019650770438 1.5465307993452637
2.7941866334400314 1.5465191508497742
2.8013995400147595 1.5465333095648495
2.808658319353209 1.5465732881168446
2.815962920874225 1.546639098514365
2.8233132945211428 1.5467307521904459
2.830709390725836 1.5468482600428095
2.8381511603726315 1.5469916324722732
2.8456385547621266 1.5471608794193699
2.853171525574953 1.547356010399245
2.860750024835517 1.547577034534896
2.8683740048757564 1.5478239605888107
2.876043418298934 1.5480967969930641
2.8837582179434986 1.5483955518779327
2.8915183568470444 1.5487202330990748
2.899323788210377 1.5490708482633366
2.9071744653617193 1.5494474047532323
2.9150703417210697 1.5498499097501435
2.923011370764726 1.5502783702562937
2.9309975059899966 1.5507327931155364
2.939028700880108 1.5512131850330035
2.947104908869321 1.5517195525936587
2.955226083308263 1.552251902279794
2.9633921774294927 1.5528102404875097
2.971603144313298 1.5533945735422172
2.979858936853742 1.5540049077131974
2.988159507724949 1.5546412492272565
2.9965048093476567 1.555303604281507
3.0048947938560184 1.5559919790553065
3.0133294130646715 1.556706379721392
3.021808618436073 1.5574468124562324
3.0303323610480994 1.5582132834496312
3.0389005915619207 1.559005798913608
3.0475132601901427 1.5598243650905828
3.0561703166652214 1.5606689882608922
3.0648717102081537 1.5615396747496584
3.073617389497437 1.5624364309330352
3.0824073026383023 1.5633592632438575
3.091241397132222 1.5643081781767108
3.1001196198466845 1.565283182292443
3.109041916985245 1.5662842822221401
3.118008234057839 1.5673114846705856
3.1270185158513697 1.5683647964192156
3.1360727064005554 1.5694442243285953
3.145170748959049 1.5705497753404303
3.1543125859708128 1.5716814564791255
3.1634981590417595 1.5728392748529143
3.17272740891165 1.5740232376545658
3.1820002754262497 1.5752333521616888
3.191316697509736 1.5764696257366448
3.2006766131373645 1.5777320658260825
3.2100799593083833 1.5790206799601065
3.2195266720191946 1.5803354757510946
3.2290166862367644 1.5816764608921705
3.2385499358722787 1.5830436431553472
3.2481263537550387 1.58443703038935
3.257745871606601 1.5858566305171293
3.2674084200151525 1.5873024515330718
3.2771139284101247 1.5887745014999224
3.286862325037041 1.590272788545422
3.2966535369325993 1.5917973208586744
3.3064874898999843 1.5933481066862436
3.3163641084844113 1.594925154327998
3.3262833159488956 1.5965284721327013
3.3362450342502505 1.5981580684933627
3.346249184015311 1.59981395184235
3.3562956845173777 1.6014961306462754
3.3663844536528886 1.6032046134006552
3.3765154079183075 1.6049394086243585
3.3866884623872338 1.6067005248538386
3.3969035306877347 1.6084879706371662
3.40716052497989 1.6103017545278573
3.417459355933559 1.6121418850785119
3.4277999327063617 1.61400837083426
3.4381821629218763 1.6159012203260257
3.4486059526480504 1.6178204420636095
3.4590712063758313 1.6197660445285986
3.4695778269980067 1.6217380361671037
3.4801257157882595 1.6237364253823308
3.4907147723804393 1.625761220526991
3.501344894748046 1.6278124298955499
3.512015979183924 1.6298900617163246
3.5227279202801762 1.6319941241434273
3.533480610908288 1.634124625248564
3.5442739421994616 1.6362815730126858
3.5551078035251744 1.6384649753175033
3.5659820824779422 1.6406748399368591
3.576896664852302 1.6429111745279696
3.58785143462601 1.6451739866225332
3.5988462739414557 1.6474632836177092
3.6098810630872915 1.6497790727669739
3.620955680480282 1.6521213611708512
3.6320700026473682 1.6544901557675242
3.6432239042079573 1.6568854633233285
3.6544172578564256 1.6593072904231316
3.665649934344846 1.6617556434605982
3.676921802465941 1.6642305286283476
3.6882327290362515 1.6667319519080017
3.6995825788795407 1.6692599190601292
3.7109712148104137 1.6718144356140856
3.7223984976181743 1.6743955068577543
3.7338642860509026 1.6770031378271877
3.745368436799769 1.6796373332961532
3.7569108044835766 1.6822980977655857
3.7684912416335417 1.6849854354529474
3.780109598678302 1.6876993502814988
3.791765723929172 1.6904398458694812
3.803459463565628 1.6932069255192157
3.815190661621038 1.6960005922061177
3.826959159968637 1.6988208485676295
3.8387647983077398 1.7016676968920765
3.8506074141502067 1.7045411391074428
3.862486842807153 1.7074411767700746
3.8744029173759125 1.7103678110533094
3.8863554687272495 1.7133210427360346
3.898344325492831 1.716300872191177
3.910369314052951 1.7193072993741252
3.922430258524514 1.7223403238110884
3.9345269807492826 1.72539994458739
3.9466593002823878 1.728486160335704
3.958827034381102 1.7315989692242284
3.9710299979938837 1.7347383689448064
3.983268003749691 1.7379043567009889
3.9955408619475667 1.741096929196048
4.007848380546502 1.7443160826209378
4.020190365155572 1.7475618126422077
4.032566619024358 1.7508341143898694
4.044976943033646 1.7541329824452203
4.057421135686413 1.7574584108286242
4.069898993099098 1.7608103929872534
4.082410308993171 1.7641889217827913
4.094954874686978 1.7675939894791017
4.107532479087896 1.7710255877298648
4.120142908684782 1.7744837075661803
4.13278594754071 1.777968339384144
4.1454613772860265 1.7814794729323973
4.158168977111699 1.7850170972996529
4.170908523762975 1.7885812009021984
4.183679791533353 1.7921717714713812
4.196482552258862 1.7957887960410759
4.209316575312654 1.799432260935137
4.2221816275999196 1.803102151754841
4.235077473553115 1.8067984533663164
4.248003875127521 1.8105211498879696
4.260960591797111 1.814270224677903
4.273947380550762 1.8180456603213335
4.286963995888783 1.8218474386180108
4.300010189819781 1.8256755405696374
4.313085711857853 1.8295299463672967
4.326190309020125 1.833410635378888
4.339323725824621 1.8373175861365716
4.3524857042884735 1.8412507763242307
4.3656759839264785 1.8452101827649474
4.378894301749995 1.8491957814084976
4.39214039226619 1.85320754731887
4.405413987477636 1.857245454661809
4.418714816882256 1.8613094766923834
4.432042607473624 1.8653995857425905
4.445397083741619 1.8695157532089883
4.4587779676734405 1.873657949540368
4.472184978754978 1.877826144225464
4.485617833972545 1.8820203057807074
4.499076247814974 1.8862404017380237
4.51255993227608 1.8904863986326799
4.526068596857483 1.8947582619911838
4.53960194857181 1.8990559563192364
4.553159691946255 1.9033794450897419
4.566741529026517 1.9077286907308815
4.580347159381113 1.912103654614247
4.593976280106057 1.9165042970430455
4.607628585829924 1.9209305772403724
4.6213037687192875 1.9253824533375583
4.63500151848453 1.9298598823625945
4.6487215223860465 1.9343628202286356
4.662463465240814 1.93889122172259
4.67622702942935 1.9434450404937929
4.690011894903059 1.9480242290427727
4.703817739191951 1.95262873871011
4.717644237412754 1.9572585196653924
4.731491062277409 1.961913520896272
4.745357884101952 1.9665936901976246
4.759244370815781 1.9712989741608178
4.773150187971308 1.9760293181630875
4.7870749987540115 1.980784666357032
4.80101846399286 1.98556496166022
4.814980242171135 1.9903701457449217
4.82895998943764 1.995200159027965
4.842957359618298 2.0000549406607173
4.856972004228142 2.004934428519202
4.871003572483686 2.0098385591943466
4.885051711315694 2.014767267982373
4.899116065382329 2.0197204888753286
4.913196277082701 2.0246981545517597
4.92729198657079 2.0297001963675396
4.941402831769768 2.034726544346846
4.9555284483867 2.0397771271732945
4.969668469927637 2.044851872181235
4.983822527713087 2.0499507053472077
4.99799025089388 2.055073551281565
5.012171266467402 2.0602203332202706
5.0263651992942355 2.065390973016865
5.040571672115148 2.0705853911346117
5.054790305568493 2.075803506638822
5.069020718207964 2.0810452371893695
5.083262526520746 2.086310499033384
5.097515344946019 2.0915992069981444
5.111778785893862 2.0969112744841603
5.126052459764506 2.1022466134584565
5.140335974967966 2.107605134448054
5.154628937944046 2.1129867465336605
5.168930953182693 2.1183913573435644
5.183241623244736 2.1238188730477456
5.197560548782963 2.129269198352195
5.211887328563579 2.134742236493456
5.226221559487997 2.140237889233387
5.240562836615003 2.145756056854145
5.2549107531832515 2.1512966381534038
5.269264900634122 2.1568595304397933
5.2836248686349165 2.162444629528581
5.297990245102392 2.168051829737585
5.312360616226637 2.1736810238833324
5.326735566495277 2.1793321032774524
5.341114678718013 2.185004957723324
5.355497534051489 2.1906994755129667
5.369883712024477 2.1964155434241848
5.384272790563385 2.2021530467179655
5.398664346018074 2.2079118691361352
5.413057953187997 2.213691892899274
5.427453185348636 2.219492998704893
5.441849614278239 2.225315065725878
5.456246810284865 2.2311579716091985
5.470644342233709 2.23702159247489
5.485041777574727 2.242905802915303
5.499438682370538 2.2488104759946332
5.513834621324605 2.254735483248725
5.528229157809691 2.260680694685154
5.542621853896582 2.2666459787835924
5.5570122703830735 2.2726312024964557
5.571399966823211 2.2786362312498385
5.585784501556792 2.2846609289447333
5.600165431739099 2.29070515795854
5.61454231337089 2.296768779146868
5.628914701328606 2.3028516518456277
5.643282149394822 2.308953633873418
5.657644210288912 2.3150745815342106
5.672000435697931 2.3212143496203277
5.686350376307706 2.327372791415721
5.700693581834137 2.3335497586995495
5.715029601054685 2.3397451017500597
5.729357981840054 2.345958669348764
5.743678271186062 2.3521903087849236
5.757990015245674 2.3584398658603387
5.772292759361221 2.3647071848944368
5.786586048096766 2.3709921087296704
5.80086942527064 2.3772944787372197
5.815142433988107 2.383614134823
5.829404616674188 2.389950915433979
5.843655515106608 2.396304657564796
5.85789467044886 2.402675196764693
5.872121623283407 2.409062367144748
5.886335913644974 2.4154660013854214
5.9005370810539475 2.4218859307444025
5.914724664549876 2.4283219850647675
5.928898202725042 2.4347739927834415
5.943057233758122 2.4412417809399645
5.957201295447909 2.4477251751855666
5.971329925247098 2.454223999792544
5.985442660296124 2.460738077663939
5.999539037457037 2.467267230343522
6.013618593347418 2.4738112780260773
6.0276808643743225 2.480370039567983
6.0417253867682295 2.4869433324980963
6.055751696617007 2.4935309730289337
6.0697593298998775 2.5001327760681407
