6.115722477002681 2.43637776792232
7.361339311851791 3.1127234966193256
8.065521219520026 3.694954545622939
8.045774201411707 4.060410525645116
7.424771315724642 4.160412173964558
6.2767019223253175 4.037956904627487
4.837619493674658 3.6865193587133613
3.4636133346537066 3.1222433149563122
2.5393550213124834 2.4634991660830243
2.1947632924436484 1.8979859538523502
2.322030510258227 1.587780599435165
2.88571679911077 1.5044564443800799
3.8761074477283652 1.6724866592136272
5.228250276220748 2.0737080510772166
6.630192460843696 2.703399684808933
7.651355391619136 3.3655941580075392
8.024090852130657 3.8508062973158106
7.734478758744398 4.09197317849614
6.873050867191211 4.0878382131265765
5.5881496717700605 3.8792166766406626
4.144098749905435 3.4366834729024216
2.955351200252837 2.8231338719287904
2.28236753111683 2.189386365492677
2.1710930707745484 1.713054012304744
2.534577140709987 1.5071906244087248
3.311809142747429 1.5369968522839355
4.543818768469782 1.8205258795494879
6.033635923730755 2.3500221676647848
7.403618901184324 3.042690802767336
8.25863865707238 3.6822662412014076
8.413682998816533 4.098234596831374
7.953865283162 4.238059033562152
6.997547515262306 4.172726274951113
5.669636042363337 3.9325693861914512
4.194135715599536 3.47855028566552
2.968924616647233 2.84956890368475
2.2659550391821375 2.193707658370857
2.1404998325005833 1.7326085927497337
2.45303621970098 1.4883240617288644
3.24047443416644 1.5004158708916773
4.459774367914885 1.7920539735587029
5.932244492534812 2.322894680416507
7.293457616937538 3.001100956753318
8.196632251104377 3.625156005326948
8.44007968841489 4.056574578579419
8.02798666441602 4.245543108488027
7.084917240567451 4.1956749933325845
5.730751229635869 3.9471430486627876
4.244453492740911 3.48962245891642
3.009677408008715 2.8463155034083143
2.310358823380392 2.216558671848682
2.165712021676913 1.7305153587708506
2.5048865845520427 1.502437486004523
3.309299141320046 1.5279936960719602
4.522172288207286 1.8043621382511876
6.079835427281609 2.330267133190138
7.519184374145706 3.052074238404152
8.421786775260989 3.707678205070553
8.619926835197264 4.139902763549041
8.184397228241483 4.294474454704062
7.224175829925641 4.240702150998372
5.865338165898208 3.9958726960556112
4.356321708316083 3.5480713268077673
3.077794150992422 2.9210769571753263
2.3427149784880363 2.250121445032325
2.18440811717629 1.7643858708270008
2.4778928012364836 1.532841196111169
3.1845745171544664 1.527929365900826
4.329454001401448 1.7834869021504587
5.733049414166612 2.2682752485941675
7.063295148577952 2.9355475753604336
7.91661721825092 3.5530090805031525
8.10374658301004 3.9846305670724096
7.59635887212233 4.15123786529476
6.566082978974825 4.0877154599662076
5.148272948460255 3.7922345221568885
3.6872299690095924 3.2606552498613017
2.6545822815715105 2.5835828391798654
2.196923611249482 1.982442531974006
2.2506578927988126 1.628636553061457
2.718359377779568 1.4994765908408514
3.613123719051735 1.6086626160368438
4.87374393806307 1.9649205461096089
6.245996810445179 2.5514419093067313
7.328242208560947 3.1991799615608767
7.8123621227079845 3.7282822977587715
7.5878182538015135 4.007038816464285
6.7661276277109925 4.040700670439949
5.494424358414394 3.8395959119588907
4.0967531097921865 3.3873930493506563
2.9432321658043135 2.796321235661316
2.30044686620997 2.183400865590323
2.1925396009252096 1.735901323345782
2.5394951087618547 1.5233301201166445
3.333680354663829 1.5430760167292015
4.52912479786235 1.8392204072402252
5.998758994183524 2.343115677711582
7.40147765490945 3.03646474560956
8.28319013272329 3.673903451608994
8.503550157448075 4.084734011638386
8.06290648439286 4.267326771685594
7.100742941968007 4.198860470768949
5.7273759740502355 3.9582603707655784
4.224721201325156 3.491509450510913
2.9723190498609147 2.8563603752967657
2.2770917065009635 2.2120790852954078
2.1437893270810235 1.7285413889252983
2.463415348762767 1.4898185176116594
3.233170517020663 1.507048018871265
4.442413573531661 1.7941268851340226
5.938851624496881 2.3081220138421523
7.317601959926809 2.9984107696291535
8.24644886144894 3.628634183381697
8.49354347863107 4.08000118568404
8.089252004447651 4.259763566999745
7.142264739336281 4.219428161560556
5.7987754634635875 3.9762822651894005
4.3137360593288765 3.518629213317305
3.0645980630815948 2.895868608747246
2.3458208135949215 2.2545026643847192
2.1664298052854116 1.7820389117561783
2.482854844753227 1.5305962280456105
3.211408325419847 1.5272712672436253
4.376576666170934 1.7885047691684584
5.81661196633312 2.288516126874833
7.22333123668254 2.9471781866291664
8.153210395138208 3.594503835235115
8.402134937747185 4.0338227652847305
8.022751939307259 4.236873498274464
7.080355225059674 4.199858000407063
5.747170102611922 3.9493525738129525
4.261127927945972 3.499189713560201
3.0449628206069357 2.8654241517859997
2.352706727862275 2.2206363238291402
2.2078489109502746 1.7575756634615705
2.5266152701781297 1.5400235246304967
3.285818432380998 1.5664515202812477
4.455771477678172 1.812203785851126
5.886909077228196 2.336445080701692
7.197264929348138 3.0124337878256044
7.977299521575061 3.6161839694079463
8.070322956456287 4.014375256926677
7.527379854734271 4.152495598909575
6.4526781384552185 4.062328889537598
5.051127360852235 3.746995932471154
3.651171264139934 3.2178085341362372
2.6317323852306 2.5659275949339477
2.189724622939239 1.9832530604634755
2.2405488141085743 1.603498620438273
2.7737059987719905 1.4861889928921597
3.7418153092604527 1.6025493655113365
5.0823071945227865 1.9987391129189833
6.559603773589046 2.606614025106956
7.787733347272159 3.292147229770113
8.404768543791052 3.850456823241975
8.308773613146895 4.177352171325043
7.62953012254098 4.2569008848052725
6.4329528790076225 4.107795248075024
4.944716742360319 3.7444211936398997
3.5484110409682525 3.176459872425692
2.6052782185352146 2.5162352708886018
2.207028262397897 1.9581960086834165
2.291082364108474 1.6024656946991256
2.8189534383532644 1.507125041532558
3.769147906309564 1.6468776223721426
5.0886561369452785 2.027679898201026
6.4991595890756875 2.6282106794386495
7.591055672439608 3.29154882792479
8.094324306372433 3.8085528338508627
7.918224685054059 4.094316842351333
7.132894133295172 4.135106082289897
5.879562980655005 3.945000043568005
4.466287977023983 3.5433751335246915
3.214056137060864 2.9647499016342143
2.425803802733167 2.3314666483120594
2.182935913882914 1.8186187125502846
2.4310825697626903 1.5515320142371742
3.1323707732395123 1.5232987442652945
4.246794406771983 1.775401059634853
5.60843818680398 2.24326112950027
6.9325366933870525 2.8857104149057577
7.804704307512538 3.5011518350706963
8.018395460027188 3.936725394580352
7.576726107711509 4.125137447487626
6.597275944045128 4.069032313004841
5.219286192314544 3.7907406794331187
3.7959780683271034 3.3017527401960156
2.7110762197850056 2.647638608098518
2.204071696146796 2.0271232005050637
2.240559456949031 1.6200460728623338
2.724773143360369 1.4851873478107336
3.653405419627909 1.6050609497093522
4.981930768106953 1.9574575227414015
6.447952229790575 2.576272129783153
7.634023700921717 3.250417239403821
8.244859363727791 3.810850953882418
8.17665903776143 4.134342235840781
7.464134701826358 4.2085610522764245
6.274878751813698 4.059848954171964
4.823230431526968 3.69360127958599
3.4165291286492887 3.1180944067226894
2.4978474899617678 2.438250126041172
2.166372481152502 1.9023228283900409
2.2925814544868763 1.579643832359476
2.8600631687366813 1.4885531326863275
3.86185278128504 1.6428115730430761
5.213549676438338 2.0506124201395073
6.700635429236308 2.68355103206873
7.8477891229976775 3.3485989043125173
8.363147857522328 3.901253505102223
8.147440347751791 4.1756175581048
7.346062151747718 4.221080500156664
6.071526578753654 4.029734307975989
4.5803785221961855 3.6214879445742203
3.245100824619073 3.020640495033629
2.4105914607259122 2.3507371564561295
2.1531054073780354 1.831671053662658
2.3724232839253503 1.5479254075290958
3.0287581515256523 1.5004429641248869
4.117218400414026 1.7202426421483576
5.51467037500115 2.1559374927521704
6.9638108863857795 2.808541794783055
8.029957555639747 3.4877231151230523
8.40655368202949 3.9761269545937306
8.126389783176085 4.216154013288392
7.261017901386158 4.218123206641007
5.960549347297395 3.9986101490475594
4.493241650324788 3.578383838341747
3.170458120279313 2.974023322881297
2.400796625435887 2.3194760544720254
2.1818911577296567 1.809224948214101
2.4438395786067595 1.5437950399243592
3.1208779248918206 1.540281749848202
4.205619407289815 1.7612480366465395
5.5891953307167475 2.2250107504473164
6.93042304850391 2.867591343632313
7.806710733852891 3.498861435256372
8.012889564529035 3.936232889204988
7.5764783199214305 4.1150845957004165
6.602857692177548 4.06419273514347
5.280479861713591 3.786882952761123
3.904121542967976 3.2985891962003495
2.855603145438051 2.681888435314512
2.3271955168536933 2.0981816877930184
2.32482523168544 1.70688073650105
2.7519964241330275 1.5554591131379107
3.5944953023249586 1.653388341859158
4.782026641726081 1.9939821475491015
6.083608805380217 2.5313700899202147
7.094045853111956 3.154759295023163
7.5571722104200845 3.6695104524149853
7.319568060604791 3.9350189537773934
6.472913385085867 3.9638608355841045
5.225088405058738 3.7388227770941773
3.909459486582156 3.286452251075504
2.8722805745608553 2.6903440123396307
2.330804589238485 2.12639548481893
2.258223913884608 1.724945008204771
2.6386853729725512 1.5524464962717515
3.436031932970869 1.6063234954928733
4.641681628679312 1.8995131159003695
6.011765655145166 2.428550938613178
7.187613097609218 3.0845643561572262
7.829139967282048 3.648328168687137
7.774137583061312 3.989289231223056
7.106372411871858 4.07393036603662
5.968516771581821 3.951854798260922
4.5759819762848375 3.5709886626270455
3.302377877181557 3.0014698553750616
2.5151992080032697 2.3711586739615784
2.255442005703364 1.8799001451291923
2.4624799919682907 1.6008061873806254
3.075409313107871 1.5628364251982463
4.087336345318582 1.7649860134774205
5.363821014412246 2.1911710338730273
6.622076262359641 2.789155338215774
7.467357864734348 3.4058324443062715
7.617560213212161 3.8341459339646513
7.118469146603859 3.998603825493405
6.097613268353713 3.924372409626302
4.772855621917271 3.6127283746315935
3.4745941825013245 3.1004074307996725
2.565214356610011 2.467157170588761
2.2037380420596793 1.922018180761818
2.3383604046765236 1.5907702108647932
2.902098057304477 1.5055966096969864
3.903729735939758 1.6727734068172566
5.252253321466122 2.088412518787965
6.67020245705808 2.711681362985362
7.703281276836555 3.3625519222445988
8.115588972095354 3.874176832438383
7.852978449679818 4.12900961266542
7.018265016416476 4.132237408108865
5.712514299316942 3.9201372740118905
4.2590595732608 3.4850505599213837
3.024111478468412 2.865702983829277
2.3250060731905706 2.231911318640823
2.1627142973442077 1.7478704777645093
2.4803750046710134 1.5149121351851185
3.266159628220323 1.5311819867968384
4.469368517042624 1.795568327737648
5.967629161353821 2.318354579033114
7.3463044928073975 3.020483144157991
8.230756189573931 3.6514570455281876
8.417941788762098 4.08227505514168
7.943099954644157 4.244104085817526
6.956914058286866 4.1728298424545684
5.5949409166444 3.9161660241236813
4.1310021600789355 3.433742510141567
2.9353885757258262 2.807090938244312
2.2961021140203757 2.175907624022821
2.17666146355173 1.7227531607185735
2.541441695893625 1.503625520944761
3.3662306209311734 1.5457959610600551
4.616968936309192 1.8403986194508877
6.113903027485554 2.3959716978458787
7.44891384381524 3.0841346150773177
8.260717792315202 3.713724394691311
8.356256245397436 4.102583056647147
7.831702966564655 4.244940701835613
6.7721049424892925 4.156744655044561
5.392551836686819 3.8560273905303717
3.913893547119213 3.3566204978662983
2.7866748204230913 2.7077463080633084
2.21270903640143 2.082940839573106
2.182588152333822 1.6537025096035023
2.6056375896884774 1.4849646968387216
3.4659682178381415 1.5560482260357764
4.765043899781162 1.883946579670836
6.278227558543327 2.4440061459270304
7.652587023319689 3.1516098816550837
8.482256958661601 3.783997980399766
8.58577623501922 4.170539383328962
8.047478877436147 4.293505699495242
6.9986383345339656 4.222199672786502
5.569751784391962 3.9358482828721475
4.056419327806413 3.4345988965614933
2.856228600383054 2.7726716129616737
2.2281839263043324 2.1400200347898695
2.129027834706617 1.6775094594970177
2.5000885909688506 1.4720764459019755
3.341125205666467 1.5003286580478004
4.657337317126693 1.7933224342790122
6.31165131711141 2.3838902327859017
7.781542855490153 3.1412814299879415
8.692307871691932 3.7917219721149493
8.96491704883581 4.204257279066775
8.600789505959716 4.388580954929547
7.712915986609205 4.369464590568053
6.388558939120296 4.159099503540377
4.82098837992991 3.742451232855805
3.3815501580614162 3.1319555747264736
2.4410456754106917 2.4177764334052303
2.1298079516871193 1.8649774926213856
2.3046336709600515 1.5427773769307316
2.9282586757737814 1.487828138891397
3.9751517643968652 1.6587697611326866
5.403123638267835 2.0927881943948674
6.88946362120665 2.7448240648627746
8.05738671812908 3.4323500286750863
8.60633257231887 3.954921243136718
8.484078961148242 4.2442613407466245
7.776688168560169 4.299199893561595
6.622040566320181 4.150019620145241
5.160935245447789 3.822689661357563
3.688710818909843 3.265628718644898
2.620075197542687 2.5899848655964974
2.1426023312949916 1.9697944552529532
2.2034923957987043 1.608546243283231
2.6981857579805286 1.460269500243628
3.6707984730566623 1.549542656602371
5.0940616788365505 1.9387241920272666
6.6953329416799585 2.5747336748074585
8.050097262625021 3.298588169540658
8.796309132855479 3.913445737793138
8.863515956589525 4.276740171753578
8.329509679813054 4.400367647828907
7.2562427003826615 4.2983744352097055
5.809080910851028 4.036026562010281
4.237629043986209 3.529963399783577
2.9671501031773406 2.868999786421239
2.2624192987119622 2.195435524728165
2.1363225533378545 1.7032234024922317
2.466187263371313 1.4958580612127683
3.2253227235037625 1.5166622790919415
4.430287385920786 1.771691808725359
5.930537142976108 2.3038774580528396
7.325298299305021 2.9950860265783485
8.225040874275125 3.6430079953213874
8.426515658601332 4.071115001669592
7.973782814829185 4.241928005476906
6.998576247273902 4.188178121122247
5.636936256988533 3.9282348645183345
4.1796793208329515 3.445190916627397
2.98016548708361 2.823870054473726
2.3549565607071496 2.1973907469810285
2.2603434998080814 1.7585955844619094
2.599627657416555 1.5533529407280853
3.351965910128559 1.5870150288511105
4.508497566370155 1.8620685939505877
5.869003360165149 2.373168966742324
7.087633972943254 3.025202659044093
7.7734120025232105 3.6026701523941997
7.784692652123043 3.9712409005431235
7.164628668462203 4.064270749008583
6.082035726716473 3.934177825628353
4.734588760310587 3.6042099008034842
3.447429847545637 3.0771652061960504
2.561990429079176 2.4453593317617366
2.256897797466121 1.9092333120185114
2.428814803941426 1.6129761093945685
3.0332030927001874 1.5567787695677864
4.0289420766777155 1.7477220635865987
5.327485215909868 2.1615929999258245
6.619442100260443 2.785199908216573
7.5051850435126015 3.400854740815419
7.732346054891241 3.835172966763355
7.296196089214005 4.02064865884459
6.335593717126667 3.9641310849517324
5.040055404829584 3.6845448823023927
3.7153728462295854 3.20897635744491
2.731980041834519 2.5850948540404897
2.2827539886320434 2.0395049854556953
2.313118727122571 1.658639357106552
2.767781126386538 1.535842028114407
3.6270550227521667 1.6367465824181122
4.8357112529554245 1.9749858735821193
6.191904469623346 2.543297510713905
7.271089443477571 3.1760347029215725
7.784702258773852 3.707466391410513
7.590436628197472 3.9981831474596885
6.795665338302829 4.040998827490904
5.572302967059549 3.842077652246726
4.172693042979185 3.413210305456934
3.001895193185688 2.823056084580997
2.349137156371859 2.2049633172710794
2.2158913398211575 1.757700469073962
2.5319280988614463 1.5546619907786223
3.2419703213403883 1.5798939884804486
4.331521025789158 1.818108998550446
5.688385240615176 2.2842415364696627
6.962470962763226 2.9387587797140458
7.737271958918153 3.5455693836856326
7.8561335384735544 3.9304968329034162
7.32188065754271 4.080814278893462
6.265902516059266 3.9964387993462975
4.906143265998898 3.6701640330293137
3.5609507089537895 3.158165649796828
2.6045657761843817 2.5132703745474934
2.2280632379174827 1.9571811946483162
2.329645930753718 1.6084016196958943
2.8832940027996257 1.5181897096884784
3.855847013376534 1.6670523970073192
5.173398561694729 2.0712639891726274
6.575265935569261 2.6708909656748108
7.656479309436668 3.3293608377763206
8.135292244461427 3.8394430769634935
7.9375542336364555 4.116547998464279
7.132839073394202 4.139492600537433
5.917033703869343 3.957567132609712
4.478116112549421 3.5435084421490246
3.235924357130208 2.9682294043246116
2.448193480760479 2.3467444876106045
2.1921330863801973 1.8325975610932566
2.4142020501689108 1.5476134077115966
3.0952625175846125 1.522615862365961
4.199553984965136 1.750700359192748
5.600626984628216 2.2219833288944586
6.939790415614524 2.87923665836938
7.8577647655029255 3.5034706697372715
8.116708577134101 3.955750302707013
7.702175675723287 4.141914760428648
6.770270516761618 4.098337839397811
5.441617609748782 3.8613273844702847
4.003957878241105 3.378140367272115
2.8516625961836457 2.738943684401772
2.278690240532236 2.109452279935882
2.2354500969412605 1.703316258798861
2.6143821438218193 1.5118185327500675
3.4379977923951164 1.5802486334575427
4.650388045772839 1.908754623517561
6.036642795829004 2.436527844217708
7.221289246945013 3.0903719259108238
7.857981729710857 3.6644068467493316
7.823301353746118 4.002298399548694
7.143400046078023 4.099213651556627
5.989619927221201 3.941176675991812
4.568172807271002 3.5668446630996815
3.2885744808172275 2.9979752245878233
2.468140187489668 2.369466404196634
2.197940325597036 1.8407019343599376
2.42120633342806 1.5631109472155793
3.086013891838877 1.5134177267409512
4.186697448374115 1.7298824453412012
5.623597929114101 2.196867424100502
7.091075674032731 2.864493981367018
8.103074641460124 3.5297201706502728
8.428471703871317 4.01482976414075
8.098390099420435 4.220615208806102
7.236544388093476 4.211481339326018
5.92797244218012 3.985478704447827
4.444485167179095 3.5765759741307233
3.171954740666067 2.960206370219155
2.37389830921362 2.294914886424787
2.1778221044768427 1.7925686920580632
2.4255399718702684 1.5474521865099922
3.100218306354136 1.5179190163709213
4.205864854502912 1.7622124195600386
5.579792101729847 2.2244169903294115
6.90502288992441 2.8835648059211745
7.753485667927054 3.4987539716245966
7.9549679066323895 3.926830926179463
7.47907958670579 4.113120059479289
6.441865631590602 4.037654479144077
5.05923486585727 3.7313274537107666
3.693192867750458 3.2200541020575177
2.6742181874640027 2.5829019908925823
2.217132993037108 1.9934386779551267
2.2979411250656234 1.6347653924750405
2.790560707249283 1.517858752031124
3.6990512483146043 1.6406695675602325
4.999089661086294 2.0082217415371164
6.432465122138738 2.599464215835876
7.577145506099257 3.2637377384779334
8.138341072635637 3.8000752994738036
7.972469754183281 4.114453494046239
7.209160886770703 4.157422439016117
5.961597985889577 3.982891767418715
4.491275814181745 3.568887152170914
3.1779114796190226 2.9638849475268922
2.41538312472457 2.3146575230272406
2.215825938866456 1.80966773848472
2.465404098923381 1.5515112138685097
3.1874021724635915 1.5360118422455762
4.306449244031802 1.7838654860131182
5.687981602564172 2.273580020909725
6.984897387459024 2.9041027259294023
7.847032101453648 3.5337126214215795
8.043159185242592 3.9579774502190435
7.5878006113270695 4.127439257278438
6.579154967236271 4.065381169635841
5.183663956156936 3.78337750448178
3.7606628533656483 3.276764932488633
2.6775891292289984 2.6253271503158264
2.177106067751256 2.0062435541638686
2.226670160181176 1.616873667391587
2.702974494487623 1.4898783852893795
3.6245622490801397 1.5957101298197662
4.941863224398478 1.9482878863239472
6.446913032895602 2.5357271166304436
7.722053237493325 3.2443570703389186
8.372387677263976 3.82351305956183
8.328786905284542 4.1723884587000635
7.682738405264889 4.24718858674974
6.554965728706247 4.120555786202609
5.106445763014392 3.782693455781296
3.6757253074931375 3.233948522303785
2.6492046437548056 2.5832693249156473
2.196063993217036 1.9756029811214268
2.2780608210072177 1.6124839737168015
2.82686242116415 1.4871287477179798
3.819221898717764 1.6359607114784647
5.2031784215678725 2.04313365816311
6.678852843984367 2.6550846170183258
7.860674172087069 3.3376781776643094
8.424308876889858 3.8927105353239315
8.266921025716076 4.187164856795336
7.5256555078041485 4.233558631345876
6.327625310418872 4.0815177986934135
4.890440196086529 3.70302036860691
3.5058813527017083 3.1483277927801843
2.544426968039065 2.4902182087828
2.1496367273980277 1.911162071679564
2.290328087722952 1.5643568819197902
2.8905955339036566 1.4778168308949733
3.9432839352057756 1.6542269207855627
5.362084924568941 2.095577535768708
6.853833027543289 2.730047224192988
7.985796123257696 3.408832453031138
8.488577343889204 3.9425432310874537
8.300076327904412 4.221276433147229
7.525852417324039 4.25202560199946
6.313883532469021 4.078648138338791
4.8542750399227055 3.715195095662765
3.4554641375182213 3.141411614201899
2.514658346364065 2.47962296704178
2.147387484944229 1.9014617607050721
2.270548415918616 1.5705940279520316
2.8229941424755967 1.4828002407895846
3.8327265811863374 1.6314162457612305
5.204402639123668 2.031010610282181
6.692895520942158 2.648459249705842
7.885975771515179 3.3575995989083487
8.421998621753712 3.9052500304224624
8.294480984950079 4.189452467765079
7.591566777707654 4.239764588648934
6.407039144722305 4.082587837003061
4.970637158159918 3.738145284011632
3.589621955144846 3.189082743688196
2.5978233563585533 2.5445789180386456
2.1829530928678196 1.9573047401335184
2.2619499047989917 1.6073455828801828
2.7641742685762893 1.4861052043091978
3.716946737459007 1.6034166951551723
5.059115306389054 1.9901665126764407
6.571703414361741 2.594331470552013
7.821175019871472 3.2856651194835287
8.471122545528567 3.8503966492637636
8.444073750184113 4.19435438782851
7.788729240457438 4.270212242453102
6.6830287680307405 4.148085232898693
5.268279885976175 3.823783509206555
3.8068337266381893 3.3069624858552014
2.711531764358896 2.6540358073449055
2.2017307989954515 2.033013766898838
2.2289635417081373 1.6398555100366727
2.698598379322653 1.4963985197389833
3.6007885273513196 1.6006890727868344
4.895290340673334 1.951283569517246
6.350131764629788 2.5324905373231585
7.561838680491761 3.2074307759433176
8.17763034580434 3.7889324738713874
8.103707026376652 4.106887980706449
7.4149139597986995 4.190339521103295
6.217515751800713 4.0379329025023445
4.77371251623711 3.6624594038231093
3.431488517841751 3.0970080051375986
2.5144397952758792 2.4421757510517397
2.1860640578816644 1.8953804649480919
2.3319447823591575 1.5860077859236552
2.917367948552751 1.5020538364952543
3.9496993180907993 1.675140510603655
5.319098111357776 2.1018637969111436
6.754101403564562 2.7355887141977324
7.803098251902236 3.398076184564151
8.236625545870654 3.9047845446063643
7.970451085030083 4.157300848893011
7.134249833950357 4.158273133566618
5.880042111814871 3.951936716754264
4.437596217090515 3.543577917960631
3.164414503118769 2.958190102272428
2.384093712125933 2.308662833078099
2.1535586264669835 1.7899090513618572
2.389883148652797 1.5128593831058341
3.119255238215341 1.4844099377027942
4.308659425135912 1.7287050198459697
5.817008380500629 2.2429013958452804
7.284229684886089 2.9124240363717298
8.334093618839379 3.602310966177436
8.676464361765579 4.077861944631917
8.393348498306223 4.290953909966191
7.551296141314775 4.295438183947478
6.268541667080288 4.093741276239464
4.781221376777607 3.689169965267351
3.4167695911401204 3.111535920331789
2.5087262429092725 2.4522548093244323
2.168522283569149 1.8922369923446976
2.3222279359311138 1.5787923856697463
2.9244474546434507 1.51297764431713
3.9388564704677087 1.6845248708759304
5.263899499028357 2.1202024422519465
6.594935434908629 2.736864012837183
7.56524791329022 3.364093314451286
7.892436832692299 3.8578730565785904
7.514597834473325 4.071226225672086
6.580375242662611 4.030935629497687
5.27649853946367 3.771537232245898
3.921735088331044 3.306326713968565
2.827533700373891 2.7026558119114403
2.28980337128434 2.0946487542200867
2.265410492110262 1.7034116240409818
2.6725185506007314 1.5276660267476798
3.502607865759584 1.5891825890874975
4.755565659889357 1.9116954438078202
6.199701241211987 2.472425876543906
7.442838078238854 3.1482265214076426
8.134723882281014 3.728772982242887
8.131550754138065 4.087397862963693
7.484559506228707 4.204227113295651
6.345653886456626 4.059934368174967
4.906110958573317 3.720108815438161
3.5130644159561015 3.163601050102894
2.5469368972520883 2.5022544657375136
2.1545394944366074 1.915901997751343
2.2970085258302646 1.5750151916569413
2.8773250661973906 1.4928179600792706
3.859981019274693 1.6649028267611767
5.168121539496526 2.0778175105889267
6.533713489354995 2.66956281963177
7.5807733071554715 3.3250041179128713
8.003006819533304 3.82361615864761
7.747876905348156 4.071986263428138
6.898811226384413 4.095279173377963
5.637993318561572 3.8822282392893763
4.210011065699895 3.4648863061949005
3.003531525872985 2.845771212560228
2.325995236621806 2.2123907510057204
2.1973036405844755 1.733437416823204
2.542912375971896 1.5123979394564226
3.333238933861316 1.5561101457641975
4.544546163666382 1.8314651756213165
6.004237012539717 2.373166907993483
7.328425895903166 3.0443136590169884
8.142138541854559 3.6635344271564767
8.25140745992686 4.059900033000369
7.742713216096094 4.202047055776004
6.692607981593449 4.110318203958793
5.310648288668784 3.8286430972500383
3.8857344990619263 3.3180434797962866
2.7777619265372957 2.676448066100963
2.2457213304425796 2.069428123310995
2.241315714865625 1.6650730924794
2.6518977120515372 1.5233574647938815
3.489115063043444 1.5810332101083011
4.723735112304499 1.8957932704942864
6.154640282429046 2.4479295156995082
7.386472128844044 3.123219220744452
8.062030834378511 3.7159815641090317
8.053097857277153 4.067783485711656
7.400094372487421 4.157030579168616
6.2754135032186955 4.0271192394167015
4.859595436569249 3.6830551793363355
3.4982240848268837 3.1439200347389256
2.5583831841892346 2.4943863096722803
2.16069090750944 1.9245972941350988
2.285105145910795 1.5659707835229553
2.880608808532346 1.465673574610989
3.960408234177647 1.6286825959776925
5.403212603151192 2.081417094193628
6.919123990945501 2.7402941893837998
8.04955409574927 3.4636373584949163
8.462793642991654 3.977683196870792
8.176142395838506 4.231571089227448
7.318312138467085 4.22444837624527
6.020828934932148 4.023296225930375
4.542878716421368 3.5982733450943956
3.2244244127883848 2.995144264367506
2.4307475596590975 2.339924514264927
2.1849237622343867 1.8395082598545078
2.3964612759636243 1.5614774619284955
3.0413048539332714 1.5366104872625221
4.081675551928274 1.7521128291294144
5.369960882241908 2.1975567199898123
6.629129530707159 2.7951432499261006
7.504253617268523 3.4058088301831813
7.71951639236825 3.850045126770238
7.294053606573961 4.026827312761129
6.297493908531638 3.9721367222333774
4.967715856630072 3.6825423889573865
3.629392561609362 3.178865333408476
2.6689250356204277 2.547910521446112
2.260601566568942 2.000549982369963
2.31542004846969 1.6596226299781918
2.793337298064931 1.5387245072391027
3.692514951830131 1.6441327943955193
4.944791395334855 2.001896638776865
6.340512073020254 2.574118422548349
7.43262342556029 3.2402055279864435
7.919747014642843 3.761717568346087
7.6946862064847465 4.047112563215257
6.8756893860168535 4.088712872304177
5.598640695814246 3.871785438519716
4.163289958177509 3.436292926256372
2.958999090353178 2.8385377392827484
2.2806016979912687 2.189335469682852
2.1599594340416615 1.706573342578769
2.5258288339369788 1.4995406019524902
3.302250585268543 1.5467227572793203
4.477563432164772 1.8241418561905478
5.908712500152045 2.361208381444678
7.205602831547956 3.0117246627536525
7.989865865277362 3.6210949686931864
8.10614268574734 4.020048814172266
7.57826037694585 4.167378601514755
6.501519039581655 4.071369495647269
5.103687222638645 3.763971849423568
3.7001258864913473 3.2316946446621118
2.693293865928315 2.5974148579263265
2.236694207816642 2.019053201813529
2.2927245257127473 1.6464072964495278
2.7470689255650678 1.5190200800073432
3.634795716992046 1.6157287400192974
4.904536667127974 1.9572169612196706
6.3293833997894735 2.5421236799677884
7.46001030596595 3.223043793221921
8.007064241262597 3.7584918407730887
7.88328731262636 4.06247010496722
7.160927671040846 4.123091330310478
5.9687550476374085 3.9521309184271933
4.55721570843526 3.554807497076506
3.317039449528608 2.9928720465276024
2.5102059756157247 2.381433272001187
2.2125334964168 1.8769572686941494
2.3861996133163723 1.5719409826629995
3.0000167080396696 1.5429676816772746
4.015087734730774 1.7150000735423379
5.3487728251057405 2.134672070932908
6.7213009633049925 2.7752415500820216
7.637883804106476 3.4173809773066073
7.9124417858259894 3.8678274249862845
7.548529123216073 4.068826070858951
6.608358418606971 4.0399662466935276
5.3206920388132115 3.7877929586904657
3.9388928142743183 3.3212088824109673
2.8649329499890994 2.696979981896975
2.328427494501646 2.1277951156675887
2.275939795064383 1.7243202201949916
2.6840229058084195 1.5511164467774994
3.526819219560654 1.6239485266472862
4.724981579919313 1.9597243799358748
6.020227459903406 2.490870736190949
7.129855710476836 3.1164613790435003
7.650851385941064 3.6408322819255896
7.526153889372461 3.9492982281122546
6.7746439323874625 4.012589001206435
5.570804680346647 3.836133096107266
4.172628911669412 3.426750979324349
2.99275110419249 2.8186577786986518
2.337942012067872 2.198425948675998
2.2207612905013883 1.7466807305225265
2.53960720685452 1.55959714470615
3.2532015103439083 1.5781780983412377
4.341419316658633 1.8465233124896658
5.581731900711255 2.331978155128305
6.700325516657776 2.9215454282849147
7.347275605211125 3.4719232236794615
7.368048352821233 3.835844962056584
6.720250541558536 3.95316094287255
5.554240733279712 3.8089530850140436
4.213007447971586 3.405978247289825
3.079619357239237 2.8347236159641582
2.407604807960413 2.233000975005108
2.281640215807578 1.78925305981753
2.61107767653009 1.5679908858148666
3.3578142095898387 1.6048944358480117
4.482864963013281 1.8737220683731075
5.813352060869172 2.3757145862917985
6.982380313202239 3.020384859561156
7.622287068999613 3.582212759754043
7.596445010397629 3.912290393627842
6.966644736751796 4.013973741640419
5.865116115615106 3.8771141762137225
4.5263447907356325 3.5263784242866563
3.29507476108917 2.973402446468298
2.512419974107561 2.3622798287209936
2.2649028646911087 1.8732390887157324
2.4726619092646844 1.605369283296998
3.1036505061442488 1.565656390653049
4.142474403528499 1.7717175424317224
5.474430422071324 2.2287527352793894
6.734219961261216 2.8287978993526917
7.577858138863739 3.4394379276702796
7.785551580865839 3.8714265211785137
7.302144590407408 4.049823814170919
6.29389243521819 3.978144960769251
4.939018229780197 3.678793029170651
3.5926803257455813 3.173033391893889
2.6312116130083063 2.5282092681265116
2.228341364070801 1.967789583320419
2.3231887612973963 1.624565877940017
2.8821334273482004 1.5184232846893657
3.877317984107615 1.6555126666092292
5.24713715801456 2.0602125436319754
6.674815877550278 2.695954941379147
7.741875067170373 3.361982921907676
8.18917535608103 3.87771541708496
7.93322108783594 4.132920011091597
7.110250070435067 4.149798394006292
5.866359439325473 3.946515575086441
4.4324575037147875 3.5297265103688735
3.1836978126739224 2.9383413348197
2.4178262125727596 2.3094516801774847
2.193079957352239 1.8148919061952926
2.4516857772601925 1.5405884587493648
3.1638149686099544 1.5294722455303575
4.30215748807693 1.7759014181463804
5.708773088288829 2.2597465373501704
7.063854492756877 2.9215898848570494
7.942988030848705 3.5622636059923867
8.149534816393468 3.9927293391792253
7.692414350073091 4.165529953035346
6.662310732994993 4.100948209124306
5.323865118808824 3.795424557672872
3.9191228900264354 3.3331214215628076
2.823443008196519 2.69942975557129
2.2871148718089698 2.091893166870359
2.2856333422235493 1.6939534005799914
2.6905586838455378 1.538329560713969
3.5307368996773905 1.62282203335048
4.702849236075746 1.9297877047437981
6.078184650912993 2.4567325405876184
7.2476211734353875 3.1158467391328624
7.856337630836494 3.6780900451039096
7.761880891513263 4.014093060439522
7.034412732972483 4.074921769653041
5.862921374870514 3.9152769391224687
4.448756901147459 3.527096568903655
3.2182337358414994 2.9480515654440715
2.437997456679024 2.3313577968517585
2.194764987479311 1.8279171377760464
2.4107640795627163 1.57315262742447
3.0387713353969596 1.5445840566420117
4.059594215066788 1.7359191878394364
5.413651973505463 2.150540764665878
6.7741009844029705 2.7876959005056885
7.718725001116145 3.438815415438383
7.978765635455442 3.911429813431902
7.598101509144514 4.094856197009642
6.680914044379187 4.055378208125963
5.362044872649415 3.811915890621687
3.949936711686296 3.3383568440595495
2.8314314269912377 2.726156308811741
2.252779293573178 2.1040887351840016
2.2134213560116978 1.6796685584788535
2.631459256358813 1.4995893054813092
3.46775631430225 1.5823539509338
4.7023954218989985 1.9027398435087277
6.130897905140723 2.440830749088494
7.34566646815536 3.1108651409168697
8.026451268292004 3.6878696681510377
8.028761042471222 4.052012867360536
7.440649834007914 4.143089940201423
6.3925303887808615 4.035772913468778
5.01906485698909 3.720405574512422
3.6566514600554907 3.2072176404440396
2.66907102994281 2.5670379819671645
2.2219922636780427 1.9918857945278032
2.2825974957066615 1.6322792022008694
2.7676296581686377 1.515325181805347
3.666064528403535 1.6333278122038706
4.937127872886711 1.983162785101577
6.366342107321351 2.5558473668771233
7.545733037956235 3.2322588067816684
8.136714159140576 3.7825564119938933
8.021665743919156 4.1008586263881295
7.30287337100511 4.165703147206338
6.112880519501022 4.01267502157868
4.648172029781767 3.6275828175749885
3.3287752987768005 3.0464918374918986
2.4758844445935617 2.3973152504747075
2.198776928236024 1.856181795426898
2.4051833061964065 1.5674209037262299
3.0523216348676865 1.5204547317062165
4.118611267762897 1.735644847139775
5.484200347673885 2.1879974312327235
6.803329370940467 2.82790618825381
7.703805633038518 3.4584608307747726
7.960548935826613 3.900293019468293
7.504872497159325 4.103712138383383
6.503984568935365 4.037873398220455
5.157681590254716 3.7505883710461405
3.765220732271203 3.261101720662344
2.713172269280836 2.616623192898673
2.226356294219964 2.033437461584326
2.226067506033544 1.6398374695601468
2.6819397952280033 1.4892810811682387
3.575811780725028 1.5899368567900205
4.866661176986025 1.9304242990565272
6.345809385089446 2.525249194547197
7.56154592953745 3.1956011368249815
8.215287280763153 3.7683926879615925
8.167706689681587 4.1163770814849165
7.472092497409336 4.2040965936812
6.328991407288332 4.05532648526074
4.899227850548784 3.704149946494865
3.529692506905157 3.146539228455595
2.589760571047073 2.49648496169397
2.2239551739802885 1.9425023751029062
2.313339509782874 1.613132729721831
2.8621616021353287 1.5088916847923854
3.838352168748562 1.6658283929775506
5.18499896968295 2.0600374045171455
6.615956567878513 2.670917082146178
7.724427311638586 3.3317049432877717
8.237847666829005 3.8612043408680736
8.059568007229366 4.146224589069481
7.268654218164288 4.179395318938923
6.0339596163172065 3.9869217561817702
4.588300436989529 3.595783102381668
3.268708266006871 3.0104060241475428
2.467331756045568 2.355645709837682
2.1954419829319773 1.8516780119123588
2.407408026099075 1.5633237521609165
3.0596287640642 1.518724073235778
4.137073776004089 1.731585955291182
5.536405563913016 2.2030900904524118
6.874054873892081 2.841378280327872
7.803977813310212 3.4702725831898236
8.070785383830843 3.9236658951724026
7.70084140085308 4.126178600035645
6.7742150676377895 4.093094625788396
5.45011306277734 3.844764095382446
4.024652758453382 3.3767727133957712
2.888389965438802 2.7511275995466073
2.295926345963143 2.127918117979626
2.24594106997778 1.7127126734179312
2.639772519371478 1.5282406727974058
3.4551277801101374 1.5938496873329913
4.64283924799457 1.9013946033614804
6.010383218265522 2.440702137316787
