5.069607688679098 2.8841272238486253
5.068973653177376 2.885633518677997
5.068222039000016 2.887095037712576
5.067353075095977 2.888511335759508
5.066367026160084 2.8898819814006873
5.0652641925523945 2.8912065571241734
5.064044910206706 2.8924846594513696
5.062709550528236 2.8937158990599263
5.061258520280478 2.894899900902331
5.059692261461299 2.896036304320153
5.0580112511683115 2.8971247631539025
5.0562160014535324 2.898164945848475
5.054307059167417 2.8991565355541447
5.052285005792279 2.900099230223082
5.050150457265162 2.900992742701358
5.047904063790228 2.901836800816417
5.045546509640689 2.9026311474599797
5.043078512950377 2.903375540666364
5.040500825494992 2.904069753686189
5.037814232463105 2.9047135750554416
5.035019552216978 2.905306808659898
5.032117636043286 2.9058492737948542
5.029109367893808 2.906340805220176
5.025995664116164 2.9067812532106294
5.0227774731746875 2.9071704836014893
5.019455775361514 2.907508377829409
5.016031582497977 2.9077948329685324
5.0125059376263925 2.90802976176185
5.008879914692342 2.908213092647775
5.005154618217538 2.908344769781944
5.001331182963373 2.908424753054226
4.9974107735852655 2.908453018100942
4.9933945842778895 2.908429556312284
4.9892838384114135 2.908354374834941
4.98507978815885 2.9082274965699186
4.980783714114632 2.908048960165566
4.97639692490453 2.9078188200058013
4.971920756787033 2.9075371461935466
4.967356573246311 2.9072040245293738
4.962705764576886 2.9068195564853685
4.9579697474601305 2.9063838591742215
4.953149964532738 2.9058970653135545
4.948247883947278 2.9053593231854933
4.943264998924986 2.9047707965914995
4.938202827300908 2.904131664802474
4.93306291106156 2.903442122504152
4.927846815875219 2.902702379737797
4.92255613061501 2.901912661836221
4.917192466874914 2.9010732093551486
4.911757458478864 2.900184277999936
4.9062527609830715 2.899246138547686
4.900680051171715 2.8982590767647634
4.895041026546188 2.897223393319749
4.88933740480802 2.896139403691854
4.883570923335642 2.8950074380748188
4.877743338655174 2.8938278412763365
4.87185642590536 2.892600972613019
4.865911978296854 2.891327205800945
4.859911806565981 2.8900069288418266
4.8538577384231765 2.888640543904814
4.847751617996242 2.887228467203996
4.841595305268613 2.8857711288716144
4.835390675512783 2.884268972827043
4.82913961871908 2.882722456641565
4.822844039019961 2.881132051398991
4.816505854109987 2.8794982415521657
4.810126994661683 2.8778215247753947
4.803709403737428 2.876102411812851
4.797255036197588 2.8743414263229967
4.79076585810504 2.8725391047190714
4.784243846126292 2.870695996005694
4.777690986929374 2.868812661611634
4.7711092765786765 2.866889675218792
4.76450071992693 2.864927622587452
4.75786733000451 2.8629271013778514
4.751211127406244 2.860888720968131
4.744534139675927 2.858813102268709
4.7378384006887 2.8567008775331493
4.731125950031522 2.8545526901655673
4.72439883238189 2.8523691945246448
4.717659096885006 2.850151055724307
4.710908796529591 2.847898949431119
4.704149987522525 2.845613561658475
4.697384728662508 2.843295588557629
4.690615080712921 2.840945736205643
4.683843105774113 2.838564720390307
4.677070866655248 2.8361532663921025
4.670300426245968 2.833712108763279
4.663533846888009 2.831241991104098
4.656773189746991 2.8287436658363263
4.650020514184571 2.826217893974043
4.643277877131142 2.823665444891825
4.6365473324592665 2.821087096090388
4.629830930358051 2.8184836329597553
4.623130716708641 2.815855848540016
4.616448732461019 2.8132045432797605
4.609787013012316 2.810530524792255
4.603147587586812 2.807834607609434
4.596532478617807 2.805117612933788
4.589943701131575 2.802380368388215
4.583383262133567 2.7996237077639194
4.576853159997052 2.7968484707664327
4.570355383854401 2.794055502759828
4.563891912991172 2.7912456545092166
4.557464716243203 2.788419781921595
4.551075751396884 2.785578745785128
4.5447269645928 2.782723411506945
4.538420289732913 2.779854648849527
4.532157647891479 2.77697333166577
4.525940946729871 2.7740803376327996
4.5197720799154855 2.771176547984624
4.513652926544912 2.7682628472436996
4.5075853505715475 2.7653401229514976
4.501571200237809 2.76240926539815
4.4956123075121495 2.7594711673512604
4.489710487531018 2.756526723783955
4.483867538045953 2.753576831602268
4.478085238875969 2.7506223893719346
4.472365351365409 2.7476642970446785
4.4667096178474175 2.7447034556840775
4.4611197611132125 2.7417407671910934
4.455597483887305 2.7387771340293403
4.450144468308835 2.7358134589501897
4.444762375419171 2.7328506447177796
4.439452844655945 2.729889593834027
4.434217493353662 2.726931208263715
4.429057916251045 2.723976389159748
4.423975685005261 2.721026036588648
4.418972347713179 2.718081049256389
4.414049428439809 2.715142324234641
4.40920842675405 2.712210756687514
4.404450817271911 2.7092872395988823
4.399778049207328 2.7063726635003706
4.395191545930721 2.703467916200093
4.390692704535416 2.7005738825122165
4.386282895412086 2.6976914439874373
4.381963461831307 2.6948214786444527
4.3777357195343924 2.6919648607025084
4.3736009563325995 2.6891224603151023
4.369560431714855 2.6862951433049265
4.365615376464097 2.6834837709001325
4.361766992282375 2.680689199471988
4.3580164514247866 2.6779122802740223
4.354364896342413 2.6751538591827235
4.350813439334304 2.672414776439877
4.3473631622086675 2.6696958663966215
4.344015115953341 2.666997957259294
4.340770320415646 2.6643218708371528
4.337629763991736 2.6616684222920464
4.334594403325522 2.659038419890106
4.331665163017268 2.6564326647555405
4.328842935341946 2.6538519506266067
4.326128579977446 2.651297063613828
4.323522923742708 2.6487687819605386
4.321026760345861 2.6462678758058216
4.318640850142456 2.6437951069499186
4.316365919903856 2.6413512286221774
4.314202662595848 2.6389369852516116
4.312151737167565 2.636553112240138
4.310213768350759 2.6342003357385706
4.3083893464695056 2.631879372425422
4.306679027260383 2.6295909292886024
4.305083331703192 2.6273357034100586
4.303602745862255 2.6251143817534413
4.302237720738364 2.622927640954845
4.3009886721313935 2.6207761471167
4.29985598051365 2.618660555604872
4.298839990913972 2.61658151084903
4.297941012812634 2.6145396461463455
4.297159320047076 2.612535583468588
4.296495150728483 2.610569933272662
4.295948707169267 2.6086432943146605
4.2955201558214275 2.606756253467472
4.295209627225858 2.6049093855420202
4.2950172159725755 2.603103253112166
4.294942980671912 2.6013384063433427
4.294986943936661 2.5996153828249735
4.295149092375183 2.5979347074067136
4.2954293765954965 2.5962968920385756
4.295827711220309 2.5947024356149875
4.2963439749130385 2.5931518238228213
4.296978010414761 2.59164552899345
4.297729624592121 2.5901840099588704
4.298598588496159 2.5887677119119386
4.299584637432051 2.5873970662707593
4.300687471039742 2.586072490547273
4.301906753385429 2.584794388220077
4.303242113063899 2.5835631486115203
4.304693143311658 2.5823791467691155
4.306259402130836 2.5812427433512934
4.307940412423824 2.5801542845175436
4.3097356621386025 2.5791141018229715
4.311644604424718 2.5781225121173015
4.313666657799857 2.5771798174483647
4.315801206326973 2.5762863049700884
4.318047599801907 2.5754422468550295
4.320405153951446 2.5746479002114664
4.322873150641758 2.573903507005082
4.325450838097142 2.5732092939852578
4.328137431129029 2.5725654726160045
4.330932111375157 2.571972239011548
4.333834027548848 2.571429773876592
4.336842295698326 2.57093824245127
4.33995599947597 2.5704977944608167
4.343174190417447 2.5701085640699564
4.346495888230619 2.569770669842037
4.349920081094156 2.5694842147029133
4.353445725965741 2.5692492859095957
4.357071748899791 2.5690659550236705
4.3607970453745954 2.5689342778895017
4.364620480628759 2.5688542946172195
4.368540890006867 2.568826029570504
4.372557079314243 2.5688494913591615
4.376667825180719 2.5689246728365047
4.380871875433282 2.569051551101527
4.3851679494775 2.5692300875058796
4.389554738687602 2.569460227665644
4.394030906805099 2.5697419014778986
4.398595090345821 2.5700750231420715
4.403245899015246 2.5704594911860768
4.407981916132001 2.5708951884972238
4.4128016990593935 2.5713819823578903
4.417703779644852 2.5719197244859515
4.422686664667145 2.5725082510799457
4.427748836291223 2.573147382868971
4.432888752530571 2.573836925167293
4.438104847716912 2.574576667933648
4.443395532977121 2.575366385835223
4.448759196717217 2.5762058383162962
4.454194205113265 2.5770947696715085
4.459698902609059 2.5780329091237584
4.465271612420415 2.579019970906681
4.470910637045941 2.5800556543516953
4.476614258784109 2.5811396439795904
4.482380740256487 2.5822716095966256
4.488208324936956 2.583451206395108
4.494095237686769 2.5846780750584255
4.500039685295275 2.5859518418704988
4.506039857026147 2.5872721188296173
4.512093925168952 2.5886385037666297
4.518200045595886 2.590050580467448
4.524356358323515 2.5915079187998296
4.530560988079346 2.5930100748444005
4.536812044873048 2.5945565910298787
4.543107624572166 2.596146996272452
4.54944580948214 2.5977808061192778
4.555824668930445 2.599457522896049
4.562242259854699 2.601176635858592
4.568696627394539 2.6029376213484463
4.575185805487088 2.6047399429523717
4.581707817465835 2.606583051665749
4.5882606766627525 2.608466386059809
4.5948423870134505 2.6103893724526506
4.6014509436651965 2.612351425083991
4.608084333587617 2.614351946293591
4.614740536185882 2.6163903267033115
4.621417523916199 2.618465945402733
4.628113262903426 2.620578170138293
4.634825713560604 2.622726357505875
4.641552831210236 2.6249098531467974
4.64829256670712 2.6271279919471353
4.655042867062535 2.6293800982403233
4.6618016760696 2.631665486012967
4.668566934929618 2.6339834591138125
4.675336582879204 2.6363333114657985
4.6821085578180135 2.638714327281135
4.6888807969368775 2.641125781279339
4.695651237346157 2.6435669389081626
4.702417816704116 2.646037056567344
4.709178473845134 2.6485353818351154
4.715931149407553 2.6510611536973983
4.722673786460983 2.6536136027796164
4.729404331132859 2.656191951581053
4.736120733234073 2.6587954147116855
4.742820946883484 2.6614231991314248
4.749502931131106 2.6640745043916803
4.756164650579808 2.666748522879186
4.762804076005313 2.6694444400620068
4.769419184974318 2.6721614347376526
4.776007962460549 2.674898679283226
4.782568401458557 2.677655339907521
4.789098503595072 2.6804305769050076
4.795596279737723 2.683223544911612
4.802059750600953 2.686033393162224
4.808486947348922 2.6888592657498456
4.81487591219524 2.6917003018863124
4.821224698999325 2.6945556361644956
4.827531373859212 2.697424398821913
4.833794015700645 2.7003057160056705
4.8400107168622535 2.7031987100386403
4.846179583676639 2.706102499686816
4.852298737047212 2.7090162004277403
4.858366313020577 2.7119389247199424
4.8643804633543155 2.7148697822732895
4.870339356079976 2.7178078803201795
4.876241176061107 2.720752323887485
4.882084125546172 2.7237022160691713
4.887866424716156 2.726656658299505
4.8935863122267165 2.7296147506267614
4.899242045744708 2.732575591987362
4.904831902478913 2.7355382804803465
4.91035417970482 2.738501913642099
4.91580719528329 2.7414655887212502
4.921189288172955 2.7444284029536603
4.926498818936181 2.7473894538374126
4.931734170238464 2.7503478394077243
4.936893747341081 2.753302658511692
4.941975978586866 2.756253011082792
4.946979315878947 2.759197998415051
4.951902235152318 2.7621367234367984
4.956743236838077 2.7650682909839253
4.961500846320217 2.7679918080725576
4.966173614384799 2.7709063841710693
4.970760117661407 2.7738111314713465
4.975258959056712 2.7767051651592234
4.979668768180042 2.7795876036840026
4.983988201760821 2.7824575690269873
4.988215944057735 2.7853141869689315
4.992350707259528 2.7881565873563376
4.996391231877274 2.7909839043665134
5.0003362871280315 2.7937952767713075
5.004184671309755 2.796589848199452
5.007935212167342 2.7993667673974176
5.0115867672497165 2.802125188488717
5.015138224257826 2.804864271231563
5.018588501383462 2.807583181274819
5.02193654763879 2.8102810904121465
5.0251813431764845 2.8129571768342876
5.028321899600394 2.815610625379394
5.031357260266608 2.8182406277813343
5.034286500574863 2.8208463829159
5.037108728250185 2.8234270970448336
5.039823083614685 2.8259819840576124
5.042428739849424 2.8285102657109022
5.0449249032462715 2.8310111718656192
5.047310813449675 2.833483940721522
5.049585743688276 2.8359278190492634
5.051749000996284 2.8383420624198292
5.053799926424568 2.8407259354313026
5.055737895241374 2.8430787119328707
5.057562317122628 2.8453996752460187
5.05927263633175 2.847688118382839
5.060868331888941 2.849943344261382
5.062348917729878 2.852164665918
5.06371394285377 2.8543514067165963
5.064962991460741 2.8565029005547413
5.066095683078484 2.858618492066569
5.067111672678163 2.860697536822412
5.068010650779501 2.862739401525096
5.06879234354506 2.8647434642028538
5.069456512863652 2.8667091143987795
5.070002956422869 2.8686357533567812
5.070431507770708 2.8705227942039695
5.070742036366278 2.8723696621294215
5.07093444761956 2.8741757945592763
5.071008682920224 2.8759406413280995
5.070964719655476 2.8776636648464686
5.070802571216953 2.879344340264729
5.070522286996641 2.8809821556328665
5.070123952371828 2.8825766120564547
5.0696076886791 2.8841272238486213
