5.479297065640354 3.0231996511803407
5.478812858103261 3.024352971332949
5.478217177776118 3.025465198747494
5.477510206108922 3.02653599462873
5.476692158452091 3.0275650328018586
5.475763283990868 3.028551999811884
5.474723865669411 3.029496595019094
5.4735742201046085 3.0303985306906376
5.4723146974896375 3.0312575320881723
5.470945681487288 3.032073337551551
5.469467589113097 3.032845698578527
5.467880870608318 3.0335743799004495
5.46618600930278 3.034259159553928
5.4643835214676555 3.0348998289484475
5.462473956158199 3.0354961929299034
5.4604578950465035 3.0360480698400503
5.458335952244312 3.0365552915718346
5.456108774115959 3.037017703620604
5.453777039081477 3.0374351651311686
5.451341457409947 3.037807548940709
5.4488027710031375 3.0381347416175077
5.446161753169522 3.0384166434955073
5.443419208388718 3.038653168704664
5.440575972066432 3.0388442451971085
5.437632910279991 3.0389898147690904
5.434590919514525 3.0390898330787066
5.43145092638989 3.0391442696594124
5.42821388737841 3.0391531079292973
5.424880788513525 3.039116345196139
5.421452645089438 3.039033992658222
5.4179305013518455 3.0389060754009276
5.414315430179848 3.0387326323890904
5.410608532759148 3.038513716455133
5.406810938246606 3.0382493942829694
5.4029238034263 3.0379397463876936
5.398948312357152 3.037584867091054
5.394885676012252 3.037184864492722
5.3907371319099875 3.0367398604373648
5.386503943737079 3.0362499904775277
5.382187400963653 3.035715403832346
5.377788818450452 3.0351362633420913
5.373309536048321 3.0345127454185663
5.368750918190071 3.0338450399913706
5.364114353474862 3.033133350450046
5.3594012542452205 3.0323778935821215
5.35461305615683 3.0315788995070765
5.349751217741212 3.0307366116062466
5.344817219961445 3.029851286448686
5.339812565761052 3.0289231937130134
5.33473877960618 3.0279526161052677
5.329597407021246 3.0269398492727895
5.324390014118142 3.0258852017141673
5.3191181871191935 3.024788994685264
5.313783531873973 3.0236515621013598
5.308387673370146 3.0224732504354384
5.302932255238485 3.021254418612648
5.297418939252198 3.019995437900968
5.291849404820745 3.0186966917981204
5.286225348478267 3.0173585759147485
5.2805484833668075 3.0159814978539132
5.274820538714471 3.0145658770869326
5.269043259308688 3.0131121448256044
5.263218404964731 3.011620743890859
5.257347749989661 3.0100921285778686
5.25143308264185 3.008526764517665
5.245476204586272 3.0069251285353054
5.239478930345689 3.0052877085046257
5.233443086747928 3.0036150031996285
5.227370512369422 3.001907522142554
5.221263056975153 3.000165785448673
5.215122580955198 2.9983903236678553
5.208950954758036 2.996581677622958
5.202750058320793 2.9947403982450873
5.196521780496593 2.992867046405779
5.190268018479197 2.9909621927461503
5.183990677225097 2.989026417503079
5.177691668873248 2.9870603103324567
5.171372912162614 2.985064470129573
5.1650363318477 2.9830395048466882
5.158683858112255 2.9809860313078436
5.152317425981315 2.978904675020972
5.145938974731782 2.9767960699873606
5.139550447301694 2.974660858508529
5.133153789698395 2.972499690990578
5.1267509504057545 2.97031322574607
5.120343879790649 2.9681021287934977
5.113934529508854 2.9658670736544135
5.107524851910554 2.9636087411482643
5.101116799445637 2.9613278191850076
5.0947123240689605 2.9590250025555696
5.088313376645765 2.9567009927202035
5.081921906357424 2.9543564975948184
5.075539860107704 2.9519922313353413
5.069169181929715 2.949608914120178
5.062811812393746 2.947207271930839
5.056469688016142 2.9447880363308014
5.050144740669425 2.9423519442426644
5.0438388969938295 2.939899737723677
5.037554077810425 2.9374321637397
5.031292197536016 2.9349499739376723
5.025055163599995 2.932453924416654
5.018844875863319 2.9299447754975083
5.012663226039792 2.927423291491303
5.006512097119834 2.9248902404664925
5.000393362796901 2.922346394014957
4.994308886896741 2.919792527016969
4.9882605228096555 2.9172294174051547
4.982250112925937 2.9146578459275325
4.97627948807466 2.9120785959096853
4.970350466965993 2.9094924530161546
4.964464855637201 2.906900205011118
4.958624446902511 2.9043026415184294
4.952831019807 2.9017005537810925
4.9470863390846835 2.8990947344202382
4.94139215462096 2.8964859771936875
4.935750200919578 2.893875076754163
4.9301621965742894 2.891262828407231
4.92462984374535 2.8886500278690437
4.919154827641026 2.8860374710239554
4.913738816004257 2.8834259536820896
4.908383458604657 2.880816271336927
4.903090386735967 2.8782092189229904
4.897861212719154 2.8756055905737004
4.8926975294112784 2.8730061793794737
4.887600909720299 2.8704117771461415
4.882572906125945 2.8678231741537568
4.877615050206819 2.865241158915867
4.872728852173861 2.862666517939326
4.867915800410326 2.860100035484717
4.863177361018406 2.857542493327457
4.858514977372642 2.8549946705196634
4.853930069680258 2.852457343152844
4.849424034548553 2.849931284121495
4.844998244559479 2.8474172628876673
4.840654047851539 2.8449160452465825
4.836392767709135 2.8424283930933645
4.832215702159477 2.8399550641909572
4.828124123577196 2.8374968119393045
4.824119278296764 2.8350543851458547
4.82020238623285 2.8326285277974708
4.8163746405087196 2.8302199788338
4.8126372070928 2.827829471922189
4.808991224443518 2.8254577352342003
4.805437803162504 2.823105491223805
4.801978025656306 2.8207734564073155
4.798612945806666 2.818462341145127
4.795343588649506 2.816172849425337
4.792170950062686 2.8139056786493026
4.789095996462653 2.8116615194192045
4.786119664510064 2.8094410553276834
4.783242860824461 2.8072449627496123
4.780466461708118 2.805073910636064
4.777791312879097 2.8029285603105443
4.775218229213651 2.8008095652675444
4.772747994497988 2.7987175709734817
4.770381361189532 2.7966532146700835
4.768119050187715 2.7946171251802783
4.765961750614384 2.7926099227166485
4.763910119603887 2.7906322186925085
4.761964782102904 2.7886846155356624
4.760126330680084 2.7867677065048992
4.758395325345539 2.7848820755092785
4.756772293380263 2.7830282969302687
4.755257729175514 2.7812069354467823
4.753852094082222 2.7794185458631717
4.752555816270453 2.7776636729402284
4.751369290598985 2.7759428512292446
4.750292878495032 2.774256604909183
4.749326907844149 2.7726054476270083
4.7484716728903535 2.7709898823412233
4.747727434146496 2.7694104011686647
4.7470944183149095 2.7678674852345986
4.746572818218347 2.7663616045261645
4.746162792741251 2.7648932177492145
4.745864466781355 2.763462772188585
4.745677931211635 2.7620707035718515
4.745603242852632 2.760717435936599
4.745640424455146 2.7594033815012593
4.745789464693298 2.758128940539543
4.74605031816799 2.756894501258512
4.746422905420726 2.7557004396803304
4.746907112957818 2.7545471195277216
4.747502793284962 2.753434892113177
4.748209764952158 2.752364096231941
4.749027812608988 2.7513350580588125
4.7499566870702115 2.750348091048787
4.750996105391669 2.749403495841577
4.752145750956471 2.748501560170033
4.753405273571442 2.7476425587724984
4.754774289573791 2.7468267533091195
4.7562523819479825 2.7460543922821437
4.757839100452761 2.7453257109602216
4.759533961758299 2.744640931306743
4.761336449593423 2.7440002619122232
4.7632460149028795 2.7434038979307673
4.765262076014575 2.7428520210206204
4.767384018816767 2.742344799288836
4.769611196945119 2.7418823872400666
4.771942931979601 2.7414649257295016
4.774378513651132 2.741092541919962
4.776917200057941 2.740765349243163
4.779558217891555 2.7404834473651634
4.78230076267236 2.740246922156006
4.785143998994646 2.7400558456635618
4.788087060781087 2.7399102760915803
4.7911290515465526 2.7398102577819636
4.794269044671187 2.739755821201258
4.797506083682667 2.739746982931373
4.800839182547552 2.739783745664531
4.804267325971639 2.739866098202448
4.807789469709231 2.7399940154597426
4.811404540881228 2.7401674584715794
4.815111438301929 2.740386374405537
4.818909032814471 2.7406506965777004
4.822796167634777 2.7409603444729767
4.826771658703925 2.741315223769616
4.830834295048824 2.7417152263679476
4.834982839151088 2.742160230423305
4.839216027323997 2.742650100383142
4.843532570097422 2.7431846870283234
4.847931152610623 2.7437638275185785
4.852410435012754 2.7443873454421035
4.856969052871004 2.745055050869299
4.861605617586213 2.745766740410623
4.866318716815854 2.746522197278548
4.871106914904245 2.747321191353593
4.875968753319863 2.7481634792544227
4.880902751099629 2.7490488044119834
4.885907405300022 2.7499768971476555
4.890981191454894 2.7509474747554017
4.896122564039828 2.7519602415878794
4.901329956942932 2.7530148891465016
4.90660178394188 2.754111096175405
4.9119364391871 2.7552485287593087
4.917332297690927 2.75642684042523
4.922787715822588 2.757645672248021
4.928301031808875 2.7589046529597003
4.933870566240328 2.760203399062548
4.939494622582806 2.76154151494592
4.945171487694266 2.762918593006755
4.950899432346601 2.764334213773736
4.956676711752384 2.7657879460350636
4.96250156609634 2.767279346969809
4.968372221071411 2.7688079622827995
4.974286888419221 2.770373326343003
4.980243766474799 2.7719749623253622
4.986241040715384 2.7736123823560423
4.992276884313143 2.775285087661039
4.998349458691649 2.7769925687181134
5.004456914085918 2.7787343054119944
5.010597390105874 2.7805097671928123
5.016769016303035 2.7823184132377095
5.022969912740278 2.78415969261558
5.029198190564477 2.7860330444548884
5.035451952581873 2.787937898114517
5.0417292938359735 2.789873673357588
5.048028302187822 2.7918397805282105
5.054347058898456 2.793835620731094
5.060683639213369 2.795860586013979
5.067036112948815 2.797914059552823
5.073402545079754 2.799995415839695
5.079780996329288 2.8021040208733066
5.086169523759375 2.804239232352138
5.092566181362675 2.8064003998700886
5.098969020655315 2.808586865114597
5.10537609127042 2.8107979620671686
5.1117854415522155 2.8130330172062528
5.118195119150515 2.8152913497124024
5.1246031716154326 2.8175722716756586
5.131007646992109 2.8198750883050967
5.137406594415304 2.8221990981404623
5.1437980647036445 2.8245435932658474
5.150180110953365 2.8269078595253245
5.156550789131353 2.8292911767404885
5.162908158667323 2.831692818929827
5.169250283044927 2.8341120545298644
5.175575230391644 2.8365481466180014
5.181881074067239 2.839000353136989
5.188165893250644 2.841467927120966
5.194427773525053 2.843950116922993
5.200664807461074 2.8464461664440113
5.206875095197749 2.848955315363157
5.213056745021277 2.851476799369362
5.219207873941235 2.854009850394173
5.225326608264168 2.856553696845708
5.2314110841643275 2.8591075638436965
5.237459448251413 2.86167067345551
5.243469858135132 2.8642422449331324
5.249440482986409 2.8668214949509796
5.255369504095076 2.8694076378445104
5.261255115423868 2.8719998858495472
5.267095524158558 2.8745974493422355
5.272888951254068 2.877199537079573
5.278633631976385 2.8798053564404267
5.284327816440109 2.8824141136669774
5.28996977014149 2.885025014106502
5.295557774486779 2.887637262453434
5.301090127315718 2.8902500629916212
5.306565143420044 2.8928626198367096
5.311981155056811 2.8954741371785753
5.317336512456412 2.898083819523738
5.322629584325102 2.9006908719376745
5.3278587583419155 2.9032945002869646
5.333022441649791 2.9058939114811912
5.3381190613407705 2.9084883137145234
5.343147064935125 2.911076916706908
5.348104920854252 2.913658931944798
5.35299111888721 2.916233572921339
5.357804170650745 2.918800055375948
5.362542610042666 2.921357597533208
5.367204993688429 2.9239054203410015
5.371789901380812 2.9264427477078208
5.376295936512517 2.9289688067391704
5.3807217265015925 2.931482827972998
5.385065923209532 2.9339840456140824
5.389327203351937 2.9364716977673004
5.393504268901594 2.9389450266697077
5.397595847483876 2.941403278921361
5.401600692764308 2.94384570571481
5.405517584828223 2.9462715630631946
5.409345330552353 2.9486801120268655
5.413082763968272 2.9510706189384766
5.416728746617555 2.953442355626465
5.420282167898569 2.95579459963686
5.4237419454047675 2.9581266344533503
5.427107025254408 2.9604377497155387
5.430376382411568 2.9627272414353283
5.433549020998388 2.964994412211363
5.436623974598421 2.9672385714414613
5.439600306551011 2.9694590355329824
5.442477110236613 2.9716551281110535
5.445253509352957 2.9738261802246018
5.4479286581819775 2.9759715305501215
5.4505017418474235 2.978090525593122
5.452971976563088 2.9801825198871845
5.455338609871544 2.9822468761905823
5.457600920873361 2.9842829656803875
5.459758220446692 2.9862901681440177
5.46180985145719 2.9882678721681577
5.463755188958172 2.990215475325004
5.465593640380993 2.9921323843557674
5.467324645715538 2.994018015351388
5.468947677680815 2.9958717939303976
5.4704622418855635 2.997693155413884
5.471867876978855 2.9994815449974945
5.4731641547906245 3.0012364179204383
5.474350680462093 3.002957239631422
5.475427092566046 3.0046434859514837
5.476393063216929 3.006294643233659
5.477248298170726 3.007910208519444
5.4779925369145825 3.009489689692002
5.47862555274617 3.0110326056260686
5.4791471528427325 3.0125384863345026
5.479557178319828 3.0140068731114527
5.479855504279725 3.0154373186720824
5.480042039849446 3.016829387288816
5.480116728208448 3.0181826549240687
5.480079546605935 3.0194967093594083
5.479930506367782 3.0207711503211248
5.47966965289309 3.0220055896021556
5.479297065640355 3.0231996511803376
