5.113532642822763 2.8897949253989608
5.112593246191898 2.8980646823451965
5.122594067722719 2.8894324445331
5.120807528775457 2.9039173702622447
5.086732204562019 2.8978977361820877
5.0661141963905285 2.888977940951663
5.051805136869685 2.8671897472374193
5.063725341744214 2.859643822460134
5.088868906295007 2.857875885103127
5.163809261414494 2.880107464687796
5.2201733241430555 2.9021347623702867
5.240237872741436 2.915664515820538
5.282997705062981 2.930999541306802
5.316875840596967 2.9587462524016845
5.294219004465338 2.95516747376802
5.290302162469776 2.952202879469199
5.279673692666835 2.952450348033014
5.276678797289761 2.9516382905528284
5.288647107493984 2.949239675422714
5.266896914460715 2.9564890345055574
5.226051678715515 2.9667531185918263
5.165462341270189 2.958646165071637
5.044302037716739 2.9168248439631523
4.969887470039511 2.8687583950868807
4.954797944910284 2.833299050226226
4.960901857871045 2.8201906940663064
4.984176425213232 2.8159292901759714
5.03768749937346 2.8310346105275137
5.1062465145889835 2.858000906668582
5.153103984747187 2.8864230718787516
5.161659258871304 2.8993580144202795
5.162003640252766 2.903424363785435
5.163832164952594 2.9070808375887793
5.177638865042001 2.9106021615631987
5.164064937508376 2.9059846029436636
5.183990347999217 2.9151558705976774
5.178097198647137 2.9247215272102247
5.161244901451828 2.9157850936215306
5.164956361950957 2.9262754798441106
5.117623087695453 2.921181807704281
5.0894795445665615 2.898654565683908
5.05888212619579 2.8787089340255183
5.05550585335968 2.8615590182073634
5.075274183394954 2.8701017552801855
5.094892608591147 2.8639857745282153
5.102241017001032 2.884407217232417
5.085518877435949 2.8834533796695485
5.086291273239 2.8889240805699936
5.0544934580525025 2.882021549703962
5.036590148013969 2.8664568931221606
5.031720582605298 2.853421554133455
5.024105920862449 2.8575983726973857
5.058529370735563 2.8552955961718345
5.070760452655229 2.8554460740355494
5.10520013768693 2.8568822836464247
5.172073329487469 2.8743099715215705
5.232825895058023 2.89510718177453
5.279223351578979 2.922230787424264
5.320766718126277 2.948957015985533
5.340518977338521 2.9752658666148917
5.31134549046592 2.9711574583656777
5.271102080228112 2.964558328618457
5.237546067277609 2.946477600399547
5.213113538035656 2.939216817756549
5.171256215586728 2.9428045837862844
5.1255486221326105 2.917527556227395
5.098057757083795 2.8991127300861033
5.070605359194194 2.8934661913964552
5.046540616458047 2.8767928924193686
5.031146627399128 2.862692336848539
5.031517602235769 2.8470140239311306
5.073278575716636 2.8539266581195513
5.113274954463997 2.864257627043051
5.171764264987774 2.876904055761328
5.208657298771416 2.896458161838894
5.216678011118889 2.923645792825439
5.21752562066998 2.9245430652634217
5.200698682873129 2.936639828355833
5.161829071016985 2.9306670208044325
5.123280093641804 2.918815834585871
5.063995022612025 2.891007944523134
5.049277417711787 2.885568914937664
5.010572667733802 2.8643597215908
5.049582890908787 2.84665243598173
5.0858744348189555 2.8553963869762726
5.115832756442032 2.8701961845950117
5.154017096953914 2.8776219617261183
5.192339004887713 2.9089621781227226
5.18705990252854 2.91254974407032
5.2006437484692984 2.921010169432355
5.201525994347796 2.9333373684149446
5.1955249457294 2.917707992358717
5.201459559284859 2.921943556611171
5.183631566205496 2.9221100457706153
5.123380545344555 2.924748285650893
5.082421596240673 2.90732107961893
5.029839605671376 2.8838955698528856
4.992449501006778 2.85948012378375
4.970967061720771 2.843080283196327
4.955421008599203 2.8341665736272317
4.970241074459855 2.828470798026089
4.992772090154829 2.8378605511393498
4.992239154549694 2.840453978595698
5.021187341697089 2.8461461028603248
5.018172336958463 2.865390545559892
5.001666504563302 2.8401092409081574
5.023352018194044 2.850706625907512
5.064386259102701 2.849811840293043
5.099915803277531 2.8699908927554962
5.112620229980849 2.87338017761626
5.158783436146612 2.8902563928118243
5.186932260976694 2.9072425992898046
5.182360136794599 2.904316224183255
5.182455661837498 2.9127760223017227
5.1815130190210335 2.9136817025012305
5.188516347273944 2.9166481812106935
5.180327043519082 2.909938852397495
5.2000054931684865 2.921461736876901
5.215988442722468 2.923214052664046
5.232347852330572 2.929812042268314
5.240170560941533 2.9474154104415202
5.225714346766427 2.944171110407162
5.180186705802946 2.952246768194736
5.097721102089793 2.9311749994589
5.012987615195559 2.9039424490275607
4.955491646197606 2.858807712568687
4.921491575062151 2.8396340634885227
4.886285964311248 2.828637303762068
4.87371155377016 2.8057381719560035
4.875254514969604 2.797134485851778
4.9109211780610105 2.788220303663508
4.973149117188897 2.795702294379956
5.064252271670825 2.8154695990096865
5.152460787204233 2.858182158064384
5.231358508683296 2.8876270010802436
5.294000331275618 2.9276219749295493
5.333442869805401 2.9603963950766605
5.308624894997366 2.976732488974386
5.267111362781914 2.9760826247517307
5.208573157117774 2.950157856668563
5.15385834904469 2.938477110883819
5.071908967189306 2.9131449869303285
5.012469322553377 2.887964479464982
4.948273626412625 2.8560975521903194
4.9168682409231925 2.831041749695206
4.892974027825228 2.810043527648193
4.912013341806661 2.803102678277417
4.97780316488187 2.813456964851925
5.043126654613581 2.8313706059598203
5.082540112453277 2.8509015412458676
5.156083719870374 2.8649640000054153
5.2134183540990024 2.8974610942337655
5.253056329671552 2.913706872266985
5.296304965003982 2.9398222426166356
5.333453262447551 2.965528231364909
5.333478810234288 2.973853708070537
5.291405875071243 2.982777383709185
5.234972702391844 2.9652967150449943
5.186669182542833 2.9463190837671367
5.125821647268331 2.9237865311548137
5.075716421403973 2.9006579693033925
5.019392672517671 2.8873825637881416
4.99053853021006 2.8664723963754244
4.969934881601809 2.8291293124627575
5.004472623673049 2.8287880222858277
5.027272175607381 2.843700186324454
5.066162208301581 2.846329230471734
5.107144610283245 2.8550126903001507
5.156726448447839 2.884511880910373
5.17440648554852 2.899028585795035
5.195445105305798 2.9073929541282104
5.191509927488939 2.9074581364564245
5.224687579985641 2.905213314397379
5.274816876763923 2.9255925111590293
5.304487514470632 2.9398542929282123
5.360936705382218 2.951952061457461
5.412103915303918 2.9721623847901406
5.4343818910806485 3.00130896082912
5.386660686465459 3.019433044163556
5.330643494709356 3.014051781495288
5.251339004017727 2.9758320149467266
5.191140177101235 2.955546242438223
5.140061578429823 2.9387271661129533
5.094135499741363 2.9075347330281116
5.039375430637579 2.882566513439481
5.000753476581996 2.8839489745384825
4.937804897660272 2.8670115886411565
4.836750039418968 2.8349258823115906
4.792269621216249 2.7796112624418603
4.818745405693932 2.752804245175027
4.902361166166277 2.75696543244266
4.998529659660723 2.7820310643308264
5.135102516076998 2.819033082522746
5.257437396898184 2.876518590032832
5.3098017153006145 2.9240290364283794
5.361639203432019 2.9546824745903146
5.364786352436009 2.9876133519680232
5.326723186786229 3.002409305058337
5.23728997479241 2.983828825952234
5.140955724421434 2.9436584791883993
5.102189264314506 2.9023032220754383
5.083562571880853 2.8734963225633545
5.09408993777043 2.875279602413322
5.122625858190329 2.8703788967322414
5.14140699174472 2.894938895883418
5.163666329939642 2.909736999834876
5.160674997759666 2.9087103129686835
5.162463390687592 2.917173843308481
5.149854265351846 2.9162945946724528
5.125594239449637 2.90411709758369
5.129918286766948 2.8936900402597985
5.128961116436485 2.9083615162658067
5.10457758928169 2.9003764136639116
5.078712121184526 2.887914762824365
5.084981043062005 2.876729225194929
5.070109285537335 2.8818803927902747
5.039695326356131 2.8745741702551855
5.031945523919553 2.855728292528814
5.051092475677679 2.849600626902306
5.1041749342524625 2.856410650730618
5.135900584889278 2.8827556404137717
5.1411155700951205 2.899966682377477
5.098393012434421 2.895345431199392
5.080776635311347 2.8894825736786216
5.0711994857492675 2.881260081970176
5.080528567953996 2.8732165506750875
5.121844628869718 2.870458734874498
5.165265303473809 2.8854453648451757
5.198038626580613 2.900750033588051
5.232720530178442 2.921569485737075
5.252588880154702 2.931162600541336
5.262725387249758 2.945857282945735
5.231527188694057 2.958377165232376
5.184283901511474 2.9366739300223266
5.13585043244384 2.9108287082107673
5.118270396666259 2.8957568390599664
5.090504476978519 2.902722904899062
5.084088764591368 2.881546280807471
5.104207455513837 2.8663041844577504
5.135396106259299 2.883224327414905
5.158735457405813 2.885662851460943
5.185546399941685 2.900712553368385
5.23989582851994 2.9063315085338712
5.289340528660029 2.930523494928118
5.304419939426009 2.9566589706408
5.295291565416946 2.9732110375889036
5.263190205428051 2.9653965227836485
5.218625459552755 2.946105888360097
5.16901365338704 2.9353618073379906
5.120318366787261 2.9105504143160403
5.073728163418107 2.8989520843781937
5.051346318804573 2.8849198239417686
5.004974015427641 2.8629768647541507
5.000469936998422 2.8479413566985405
4.984364126756285 2.8414279906564572
5.010208436240744 2.8266865629287325
5.063886453658372 2.8534044073272558
5.091931853304277 2.867715623511477
5.11651827846406 2.8672822666299185
5.168648344587406 2.877035943140624
5.21338385774392 2.8939175234855607
5.287650146547022 2.9148349167620236
5.3608612740084665 2.9382686790985133
5.398227130050229 2.976688249006176
5.405882025618021 2.988480798371988
5.397830791126092 3.008106719865858
5.369124129597205 3.00183473984224
5.32456416258739 2.993017247781966
5.238016041068555 2.999367562640901
5.1298053592681825 2.950352332288373
5.059274984753804 2.905900443651567
5.010424559089458 2.870953186788859
4.9700702137949 2.8494358882730837
4.95098781423151 2.8413203360446895
4.950648814899527 2.829190724035257
4.975118623820543 2.8210552271824567
5.019439445386787 2.8397841714092027
5.02342994962731 2.843246322450628
5.063249838429554 2.859290152096857
5.084033751620017 2.8652427188696428
5.099797083883643 2.871536242669794
5.113337587009741 2.8949181039422633
5.1123204430456965 2.879643903029248
5.109819116321034 2.8874529575739323
5.128802924602708 2.884150474017309
5.149128385740392 2.898539379189669
5.147649753181659 2.8921880425169735
5.155387114152007 2.901944895817563
5.152145342791804 2.8969088818805857
5.161703899072179 2.892487851213495
5.172240520117496 2.915760775879899
5.15458774769941 2.9235003839723053
5.124815369476881 2.9054411741492356
5.092733001673608 2.9040134468048495
5.072641138052717 2.8792674147395045
5.055942052016286 2.871707121081333
5.05086134138022 2.8726527213798674
5.053244301638897 2.8611378376958987
5.074073745799122 2.8567917533918634
5.106701629686721 2.8785760303971446
5.143236001047544 2.8867972682481646
5.136262412754446 2.8814008083331295
5.138506638304967 2.903758271249831
5.114526132456836 2.9019808847198107
5.0901676932203515 2.8789156194674836
5.1039627783926065 2.8643554143047076
5.139905553434492 2.8792634776570356
5.1588285950247315 2.8963857135915045
5.180652015414761 2.9041556125469916
5.2067728388248895 2.911723514214394
5.223731638584955 2.9310977941633545
5.201451498310222 2.9359236271853857
5.1668116489889675 2.9442444659040823
5.121452478502284 2.910575292626947
5.109051319958787 2.9045002871814662
5.064059810349829 2.8856075608284977
5.049785271805092 2.8771090804257753
5.062124984513366 2.863152002828102
5.086064848101988 2.8743104302073585
5.085974529397657 2.8795364810776944
5.058908363658614 2.877086573202955
5.013290562551924 2.8805716475035004
4.984408539987012 2.847109702058894
4.96611122311624 2.840777558297169
5.0138801504717625 2.827415850724057
5.0675177370689815 2.837079242118304
5.111306622531924 2.853749420626582
5.1684625722391795 2.8876498349989403
5.200751903235364 2.9023415978312963
5.204009421870529 2.9182776634334076
5.218954986540658 2.9184827627157928
5.207586640718108 2.9316118347068736
5.1918555327691305 2.926029391367434
5.187818256998656 2.9302801360024393
5.1614920255378625 2.9164229481734107
5.150592300442139 2.9119961200217426
5.140684480759786 2.916053307393855
5.117274207517428 2.8986238657681973
5.109539817007026 2.8870397079113572
5.121974056379294 2.8851258094559507
5.174237139267322 2.9022356470257185
5.181408697929624 2.9167333790713785
5.192728228277476 2.9119376568445676
5.18239407208409 2.911387510936331
5.183632076185927 2.9413582182688636
5.139976222151941 2.9168512798257464
5.1154886651558185 2.918720409034584
5.070283777551306 2.8874542507722816
5.053032178168083 2.8852948072848292
5.030298424813596 2.8726660819568424
5.022612996923923 2.8662878475033695
5.026333275256707 2.8640775582456883
5.032934859102329 2.8506375786614835
5.073351588587048 2.8454059926716355
5.136524251833465 2.880366838629358
5.147212979435648 2.8987217755764716
5.142296527270477 2.8977456520344282
5.1399066134596865 2.905648361455507
5.1416869958200095 2.8957184671360947
5.143114751234555 2.897418937669831
5.133301137064311 2.9097921549204915
5.097967910052932 2.9093310307034805
5.039226797061283 2.9017074230595123
4.986500023960223 2.856478228628851
4.966260154015827 2.8418874500170546
4.958452793776628 2.823914886570929
4.998293251963736 2.8272112391737783
5.042751135055635 2.836989746172801
5.0934931710480695 2.8513771697886368
5.163064625544296 2.8812382885247447
5.209705025829257 2.8844723342684055
5.2649374578490225 2.918543366321968
5.300383742524893 2.940489131909644
5.298340124348631 2.965482290415441
5.256454411047189 2.9771295703937386
5.210659377685095 2.9504974904293646
5.153206153869506 2.932632981034337
5.096831876852964 2.913324705759696
5.046809119199177 2.888116922752001
5.01233038700285 2.8669512698304875
4.993920422210925 2.8513034505394304
5.0186594999713 2.8402252513199873
5.049762793106248 2.8333666091654015
5.133175996445869 2.850230601950541
5.239805465732102 2.8928735701070076
5.310766147820373 2.9252177849692327
5.341647282040792 2.956020805759171
5.353092117928109 2.9837281096019788
5.316602200900157 2.980990858853547
5.279733296760992 2.975968264419763
5.228681200855627 2.9696835706029083
5.179472281514313 2.951381724935498
5.15277619991642 2.9235622188531685
5.127647020534591 2.9160214404547182
5.11429960533732 2.900636929210203
5.10767918477097 2.888299027408498
5.122739491518016 2.888652760178196
5.123976558579949 2.895444795422341
5.0931527262736145 2.8952233438030888
5.071755375539181 2.8864918276407
5.071934501849271 2.872790203851864
5.071796760081077 2.8700979888463207
5.089247555121615 2.8625793701633317
5.11746063384531 2.864643795123436
5.163458068984834 2.8776458384922328
5.231594986555011 2.8909435985534837
5.276307891657849 2.922415437365272
5.316454711838676 2.9462727661401935
5.301620314477945 2.95798647341124
5.263343324158327 2.97829708646699
5.21064997544933 2.9498856776827242
5.134693068049863 2.9358625778508864
5.070152799682921 2.9092099333452266
5.024314579584209 2.8769898462936867
4.992111736558135 2.866529477195473
4.97190769709143 2.822677728864842
4.990275994252786 2.8266649778002466
5.020653696201783 2.8240037396216926
5.074892177019498 2.8467221434479817
5.139073677223301 2.8596661829792676
5.170652475404686 2.8932722485955664
5.184272227214869 2.90819762327628
5.195453068036401 2.915562412853485
5.194303471146466 2.9056310174947195
5.200252856809775 2.910361515550934
5.208924549920601 2.9239167081084037
5.186368807960786 2.9285262478120107
5.166122009460658 2.9212613218512775
5.14034399871034 2.9047135250858496
5.114854190775206 2.8967336835212296
5.098820356824597 2.8935585611575054
5.085807045180304 2.8897055841601302
5.05066704334159 2.88249011724168
5.036606149463952 2.8721157078985486
5.023803359930869 2.8612051584084974
5.028014106432674 2.84831817123514
5.05546415658462 2.857946014681121
5.079056194566929 2.8809931908879367
5.078034405775452 2.871223127951734
5.086132493286657 2.867662858044052
5.09882130909059 2.8848002188891497
5.11130176273149 2.8913021114741158
5.103164142011372 2.9052199218552532
5.045977592789118 2.894748547696775
4.98440351359668 2.875130212433367
4.957307229697164 2.8465310410339564
4.938652453842662 2.8342132554012736
4.944033783784615 2.8227785457823926
4.974663310572845 2.809525798250301
5.03461143447657 2.812037155753138
5.118155851339933 2.8525596779732956
5.16773815123772 2.890470187028774
5.175205621083496 2.910314480720014
5.151290309305128 2.9119590243270905
5.132566000473432 2.9085905484157895
5.122544022859128 2.906472163589475
5.10813056497455 2.885545369893793
5.112929389731232 2.894457027013987
5.132969629233411 2.8820832296931713
5.155459378876456 2.8977604524718
5.160284301733371 2.9172035731915242
5.130469448055658 2.911557094509869
5.084618999633791 2.910582387161261
5.047372385267915 2.8872683332913183
4.981096416239003 2.859795239606614
4.941370374616193 2.8466749862000684
4.937606986488915 2.820620403032931
4.982162141826691 2.8021701748102967
5.0536563981145015 2.8347243627906833
5.113990001099983 2.845324423207348
5.205956889817009 2.8655536951673075
5.277724171335572 2.9193594913899705
5.31584341676265 2.9523726080541732
5.321318460285644 2.9578968083793473
5.288103891779115 2.976515428498247
5.214620359988114 2.9570513312350366
5.204670535521244 2.940213925298529
5.1720476087543 2.9298209677203597
5.130814942406778 2.906827130229383
5.130141796060527 2.894454982669529
5.138011488684879 2.8963308708814983
5.116483800455262 2.9064545819890064
5.10827450165522 2.889951879198293
5.096614808550674 2.882979357211477
5.067536163095132 2.8899822852849595
5.042108686178324 2.8598544272261277
5.051297118245973 2.8541667758469345
5.07233934581437 2.8612877990935313
5.108141636849292 2.8548277243287665
5.14954184996818 2.8779905994100696
5.211381704231973 2.9000989233118895
5.219048375410364 2.934353105332184
5.218436936908679 2.933278345999316
5.192010830387542 2.93610032732326
5.157226788647149 2.9138676071941285
5.124213411250814 2.9118186565240958
5.07082475988115 2.9068740667267696
5.001809797259604 2.8770134753061534
4.946408684970367 2.853791240261271
4.939227440582906 2.8244841956333744
4.965745373129659 2.8165526453959506
5.011772937891385 2.8213243374007106
5.086808394330212 2.8259032574284504
5.192589450405739 2.8654047290559075
5.258885374850947 2.9009817090452756
5.3313201165068875 2.930345428437652
5.345441965349188 2.9617433218398577
5.347118467941345 2.9802752097855816
5.34543189162215 2.980231048846629
5.328376369809394 2.98701489128906
5.275998793098846 2.9793173564897386
5.2064662959174495 2.9699092486773626
5.135128642050446 2.9345350435851723
5.072302260519027 2.9126972556935193
5.0125611693610095 2.8831406862916804
4.980234770041292 2.875742605793567
4.934935993498762 2.852026011047772
4.893345992184968 2.823929315267273
4.896631273661448 2.803287286488205
4.9244072010688456 2.793458598417896
4.984737850028435 2.8064414062763423
5.047583745166697 2.838022407914721
5.076044708349647 2.847998047151657
5.097952583688616 2.8720136872805067
5.105798322517218 2.878148421804104
5.126207199943721 2.8866206039167577
5.130431067775945 2.893101556311481
5.133408271284532 2.896099803499474
5.1199309412561345 2.905642216633866
5.086296579670202 2.9014696397439126
5.065049047378337 2.8843891931097643
5.073770321092133 2.8734952015366555
5.098580638380715 2.871434361936936
5.11133478671825 2.8768735903212
5.1165229110985395 2.888056423037515
5.147124522772382 2.886432476422783
5.1486324341208 2.9131035301855484
5.145462990394298 2.907036858056236
5.125391043898033 2.911228282731567
5.097714077466752 2.893236727578293
5.0960310815573076 2.875798704391874
5.107262827782381 2.8805013904681243
5.133795452474433 2.8767897291689724
5.163959126488606 2.887128117529802
5.192024541623483 2.8971675158825585
5.236703826276695 2.9087462189309066
5.255003953967244 2.9356185952346943
5.251038183442636 2.9408219427947753
5.22520446864967 2.948507634924269
5.186225864496092 2.9449287211157777
5.1177592161076575 2.9187132500618107
5.07619617913525 2.8928595925611646
5.013693541133408 2.8810500065495948
4.988231250368315 2.870377875871423
4.962448245231133 2.83754947268108
4.953370002699678 2.83098515722335
4.952281863785634 2.8228911072103884
4.982456179929046 2.8219463207281996
5.013921506206199 2.840761680509797
5.04475979419587 2.85491028916009
5.059741529597056 2.8624534720290105
5.063167251384267 2.867936635771155
5.084284509607865 2.861674044545057
5.10481731082992 2.8687398881583417
5.12901283333658 2.8893912609052794
5.135750504315124 2.894120053142219
5.119586419292664 2.909991606463249
5.071917363098186 2.8978034354561264
5.05843509431468 2.872089604401187
5.03381736110349 2.8643206294295225
5.011126066499587 2.8538195998549276
5.015175303036161 2.8634121722443626
5.015322315960548 2.8496647688386934
5.0230265963154075 2.8465438036521964
5.0284413180869585 2.8384551981834694
5.066201041441729 2.8500653576434405
5.095795861872646 2.856773674097916
5.125658556511064 2.8851287812446604
5.120906064120661 2.9021089049910147
5.121012862837371 2.8918788253804033
5.0965530537619665 2.8869530556194305
5.113847220578244 2.8781037938654914
5.1474205997607285 2.887179323967692
5.153208850373174 2.8994349613259334
5.127473667071395 2.900801131354789
5.093307414753053 2.887375039350807
5.063768418942983 2.875093950241471
5.067135138613391 2.8651864947825816
5.090455592013261 2.866863497635503
5.138190872455758 2.8770065942825096
5.140333170559682 2.898675535618135
5.140970462187885 2.918762419529411
5.101860155289793 2.9090112912688952
5.083729502891514 2.893753518724829
5.069506728505959 2.887223964379409
5.064887952420003 2.86460861982427
5.088811579417055 2.87554410131016
5.115470872091436 2.8687850182841474
5.144871417237248 2.8791970990886293
5.1562265080863074 2.8988086933165422
5.2214520123907695 2.8911380281352095
5.262712672416905 2.9211209866002785
5.288288331548728 2.9459502785004936
5.259591183341184 2.9652966505800253
5.223038705323185 2.955561030205106
5.181418474885003 2.944435167592618
5.117235339246868 2.9321123285650503
5.056637948837092 2.910412853721872
5.030102701069771 2.8707877132499338
5.017077476980749 2.870618873444927
5.0069810076452095 2.857579489720435
4.996052195182403 2.8466879143889856
5.022436203823642 2.829435992927232
5.06293675605007 2.8454059025991816
5.092084421356564 2.866615799408246
5.113701904653871 2.87072478009852
5.15323720110656 2.878628378852821
5.22813836395744 2.8870951441440322
5.2934494793761875 2.9137969047091317
5.3441434562373615 2.9351614062787608
5.401533931388856 2.978536097617093
5.425593297107364 3.003392808289862
5.399267958418813 3.0056006875306354
5.360823632459809 3.0204674159044664
5.231444961453979 3.0020154873103864
5.0978375293047185 2.9560090048577115
4.985591244910501 2.900408473164225
4.938170138087899 2.8600606218436027
4.908062762259639 2.823799425780308
4.902145708308837 2.809481929340402
4.92659151349123 2.8173948162367877
4.9388436817613055 2.808762991878842
4.969206192583374 2.818393385783956
5.012510145681442 2.8213384287239425
5.074568853066135 2.8404189007448912
5.1616018431530275 2.854658106950228
5.2483230522097575 2.8913628502869497
5.300937849267195 2.9378355374446694
5.313502549790512 2.9561621562794036
5.333874705603658 2.9681671333294815
5.302759741891275 2.9732333193796636
5.271359189391242 2.9667022529371496
5.237535830591687 2.9558342941410523
5.195339332168648 2.940741487263758
5.151064217869295 2.9142765938200665
5.145184189664769 2.887527297946847
5.157910967472796 2.8903888776924656
5.193870621575607 2.8939692985740963
5.2269557429310245 2.92392742951141
5.226016107742664 2.9346412504036596
5.211623552726018 2.938261856842813
5.168369600642817 2.9442984655766886
5.107689666242645 2.9242550551096116
5.057458011205937 2.8978246587746317
5.032883374256515 2.8739097020488105
5.0231223463261045 2.8658257903733735
5.037226326326984 2.847066366211459
5.081223854280801 2.850115486351715
5.10950514477205 2.8713020325597562
5.1534285683389545 2.8785049957062996
5.171104178268454 2.9088066321006045
5.173534053899547 2.920308695989404
5.133203167387913 2.9244425609153044
5.077103377652968 2.895778168529575
5.031067645185265 2.8885956506889006
4.964186505269924 2.865755541280293
4.939032897998046 2.8492107836829548
4.915330400288396 2.8182295314634316
4.917158779597425 2.8039283420960195
4.946768081581684 2.809435823538904
4.983525457336677 2.806395892965368
5.03688797630883 2.8154442743478407
5.150272756217025 2.839952003312333
5.245897404239913 2.876905789372245
5.329160566546734 2.927657747469522
5.370497495540646 2.964912092508858
5.3743490918932615 2.9727051050972073
5.403251439890744 2.9894598017827856
5.345861823797663 3.0067378829785607
5.289388756413943 2.987695813472714
5.21267698947428 2.957067498447519
5.126610973542212 2.933714896666911
5.072820470442501 2.906786992361554
5.030881656555137 2.8774152045115526
5.005346766162312 2.8593099338462706
5.004199817926534 2.841605718710819
5.041514411888536 2.8547199316971272
5.051301375382673 2.862483006479574
5.056816145475614 2.8597651715265684
5.070122077849859 2.8647271760092714
5.061894415335396 2.8846588171688428
5.0372804146735515 2.870839760522741
5.032187660583342 2.8668829008713526
5.039360616546084 2.8515486104453256
5.05248406590971 2.844439096974765
5.116424044774947 2.86859148226619
5.167223338304792 2.8860159070653917
5.201930064049442 2.9055320785169565
5.235128483673343 2.9073385535026617
5.277523546253317 2.942714996025367
5.287657075867539 2.957985101067491
5.248284482112701 2.9669288331653263
5.1980625075623905 2.9530286834025543
5.117355101988423 2.938395892469725
5.047704421799449 2.9051244717955975
4.954445072248863 2.8679973344964274
4.912970936960601 2.8192539247262665
4.926517516663739 2.8122518924663797
4.961530829732742 2.8126608037591527
5.0221535122906635 2.821113503078981
5.078271332836594 2.839007913300071
5.14284397787127 2.8555946600249973
5.191319198444205 2.882721097472907
5.213368804762778 2.913420889220617
5.236627128549943 2.923470190293026
5.214578776107404 2.9449350989432084
5.210510966091443 2.944606127735736
5.1716716584653435 2.942109637517198
5.13443154321328 2.922330352982918
5.0852768020210375 2.913297491502126
5.036315412304633 2.894253357127834
4.9849988928644615 2.8582433658161985
4.9804298052231415 2.8439358952661014
5.016066945913288 2.8359499554271896
5.035238302550943 2.8493546251696382
5.073358308383425 2.855227818788727
5.115119821878884 2.862751663023664
5.148630023753044 2.897530779696339
5.149870482370228 2.903428215509823
5.154252747601674 2.8906812200121363
5.186834860083705 2.8975995070078473
5.170678235690859 2.920554909010326
5.16066200645537 2.909245281961382
5.173998649110844 2.903628403731705
5.188335042888787 2.910616004179151
5.208288859326963 2.9108671744082883
5.2072039725754085 2.9217479488837803
5.18341658333504 2.923644031733014
5.172324730240088 2.9224640361322813
5.1368789397907015 2.908659737097848
5.118975683740376 2.8981583805000937
5.089296149690239 2.885951842131858
5.085852973094703 2.884218645774683
5.055828317530293 2.880739384925814
5.030603325445015 2.863451577969745
5.033475492857699 2.8716807561725863
5.034585121152437 2.8482028550827483
5.066730853574605 2.8603266584392024
5.070143800104633 2.8728053040919477
5.094537279451423 2.876212616946727
5.092372404647318 2.8732989972897385
5.117804305911526 2.8807987315443104
5.133391860201591 2.8767473591088306
5.140503570810567 2.892388415750701
5.147510745098524 2.909265910458223
5.113354731125935 2.9128367513033364
5.076125965313617 2.9013853164319467
5.047841833112297 2.879169905916953
5.035745899038023 2.8747814056188843
5.033263281268208 2.8645527206675445
5.053132839158176 2.8582628757498956
5.09025637113002 2.845746785829847
5.126974276638305 2.8806212819229877
5.112165484659322 2.892251000496874
5.114617105667803 2.883460854656191
5.13351155808098 2.900001848690246
5.112807679024099 2.8994411210023787
5.106568644689304 2.8804852706849418
5.09626171129268 2.890478816136358
5.108600410533418 2.8789341380273332
5.110109844636384 2.8894867837757934
5.118452869762636 2.882923268051081
5.127682895828291 2.8719158776764893
5.1496474868447555 2.890124904148742
5.160839237967195 2.8983760691780094
5.160793102145931 2.898026242424437
5.146190646531512 2.908994509843224
5.1441322610819356 2.909490260554733
5.114145117280723 2.909066851811518
5.079845096591758 2.8950835201026943
5.045025888747432 2.8833755174484983
5.007616572481935 2.8677657106702807
4.996605958844283 2.8561713151463506
4.994603133905616 2.84900089804552
5.000690828178814 2.855638708209083
5.013544017328405 2.843433525516306
5.0194929649656 2.8509147066477434
5.052514510801975 2.8535242872533035
5.06347180975441 2.876741534640168
5.079647681802772 2.871915279567258
5.113887791381952 2.867531882727186
5.145213822286283 2.882903522293608
5.185086323488134 2.892111264711657
5.192372389440925 2.916362825165486
5.197925947707569 2.919642195386333
5.17341563085032 2.9259678026657356
5.1402429230144175 2.920259253891091
5.102956533821676 2.898525028531044
5.073266388578336 2.8863104564092663
5.062413408978149 2.8798267044169963
5.051494876302105 2.872303589876737
5.014082338762791 2.8558750609675085
5.032341804019289 2.8650085610550238
5.02254868219971 2.8686102040317465
5.001223464092873 2.854207137940719
4.967327719984435 2.8490160205260073
4.971453822108466 2.820230747204951
5.027054887079655 2.818727179561117
5.086498917734143 2.846279264679604
5.141836729253954 2.868810448517326
5.192183830362357 2.894707513247588
5.221586390875087 2.9193498525433332
5.235800002164398 2.9380892488830637
5.199752015751485 2.941138244830272
5.175890665655319 2.9260736949567314
5.16992428362486 2.9113743620494383
5.1795305844569395 2.9053270373108186
5.174897092996227 2.9006483945741044
5.185094074796495 2.903719717343611
5.234926119128469 2.9081453623704663
5.240218974062944 2.9488090976310724
5.215462204733601 2.943004659371942
5.180517303428228 2.9347880575155507
5.13123658085881 2.917725527032178
5.08483927728481 2.895387181412996
5.0668524673122 2.8848831586362156
5.060916666117085 2.896436765091761
5.0456518666367876 2.871937941489425
5.039716297645397 2.8645228195503543
5.050161544159119 2.856991736881021
5.065041588513937 2.8683524169298016
5.082949055384873 2.8637970790104372
5.110205583186094 2.8778118857709734
5.128418892834355 2.880400080985691
5.130972599611875 2.890664841134853
5.130358061867156 2.8972324549460935
5.123972739356639 2.8967218934827557
5.099592786069165 2.888683658199429
5.119504290425589 2.896169394837251
5.096309535272203 2.903437798140185
5.049948022373721 2.8931752000604236
5.0242999846684695 2.872198661746466
5.007667631840159 2.8694635672926685
4.9899173513467625 2.860554248129424
4.959264062867629 2.8381971228409273
4.957978567877509 2.8284282147515225
4.994115151583202 2.821381454768199
5.029866690783352 2.842253242127345
5.045567276791238 2.8505826227645183
5.082074493552704 2.840307587954956
5.166120410807265 2.856256146274453
5.232577012464063 2.8841398129385154
5.296788823104777 2.919559046842193
5.34703299913699 2.9588102017906537
5.350650238260874 2.968341423713495
5.338212845562878 2.989654455690832
5.285644776884317 2.987200466990154
5.2064059885899105 2.9697984901085825
5.129047402075345 2.9478029713980756
5.036124958988463 2.9205495882245947
4.96550645555231 2.8633022464699147
4.938546500320692 2.836222692631041
4.916857265919874 2.8193060912683205
4.943653134057731 2.797478999310939
5.012899382243253 2.8041572537943327
5.089576910041996 2.8353258932315795
5.1641067836074726 2.871539772515285
5.208550343938044 2.890215375103754
5.271194965903041 2.9204128661761226
5.297715484650772 2.9445775712257203
5.306292599233681 2.9563546378063266
5.285597466851631 2.951826012617735
5.267386973001149 2.964800291338225
5.219078241025594 2.962631452555163
5.166791246126074 2.9343805617046854
5.123100979140381 2.913269477606757
5.067276498613891 2.8896554012466398
5.0737211322199585 2.8735255217849236
5.079547763787825 2.883416944094121
5.071243594696285 2.881671625221553
5.077699322001002 2.8716298294020874
5.090238376380233 2.8742180721820234
5.116520872055431 2.875923797887835
5.1409620601977295 2.873214735387907
5.176387419511121 2.8963433424879783
5.203447157437749 2.9041868067167176
5.22518572012399 2.909884246958115
5.237025492803112 2.917045572595333
5.277043761434923 2.927312378093562
5.30319334096034 2.956983514206103
5.288942393801263 2.955883158346366
5.276777766572713 2.9710731716221646
5.206276327497674 2.9645869254756105
5.134722849225044 2.9416442460678183
5.077720074618746 2.9033632079387854
5.047306394565643 2.880482023711708
5.021490496263452 2.865817831364978
4.98680929517223 2.8692287704606496
4.960043925212991 2.8392285774190373
4.972147127371409 2.82666343242456
4.998922278779418 2.826057169240365
5.042303772101547 2.8372582927373204
5.087901016344997 2.8476887646784483
5.142224639234768 2.8778686793281145
5.175215518759929 2.8935540016188566
5.183564795212209 2.9025068878918288
5.199333492370247 2.918607178339904
5.18410735918903 2.920225271583591
5.171072347773247 2.9164446310427237
5.17442150628463 2.918503116522158
5.154704851358072 2.9112392502072777
5.120024631354862 2.9271910717655025
5.073799547436147 2.9072713981064706
5.049944427629362 2.882708826046593
5.031842749135348 2.8703937332766456
5.0236614046771475 2.8580620007367097
5.020992566061171 2.858365367591694
5.042515900912405 2.8548687083620385
5.065232707684767 2.857807642248754
5.106251102901142 2.864942746787599
5.13698578397302 2.8880720375791067
5.127206398739001 2.8909624620245427
5.141730337752977 2.889915570011008
5.161220506235183 2.89873385102352
5.1713615487260345 2.903297797209215
5.176461694750716 2.903164576847995
5.187733449632563 2.926378057060755
5.171923934595374 2.9287429703081034
5.112539046322172 2.9258155793471134
5.069833731215929 2.904267954590809
5.0115497476597755 2.881621595147803
4.973413331064753 2.857397150985536
4.951570797905689 2.8368743386245834
4.985394930226509 2.830236265696235
5.014630472893031 2.8226010952441687
5.082768198355351 2.8373295723645633
5.118606505234586 2.866861099981416
5.165805256091397 2.88133362798668
5.204913356515938 2.902696115312757
5.228183209865147 2.9324158780602674
5.2323995436600415 2.929989199485788
5.237618718434796 2.931608548682382
5.229935907592653 2.944173565053241
5.194669946318767 2.9465687798170865
5.142586472708741 2.9393738530374147
5.093782765586953 2.928273543859328
5.020705511411122 2.8973755110999875
4.986481329102712 2.8574047159440754
4.978443921349989 2.832299540149953
5.021325267304059 2.8347890855351983
5.0330436672180845 2.845971895559728
5.074265688830116 2.845587037718961
5.132611558739313 2.871484720757839
5.184701987020424 2.8741662108111816
5.238285517282824 2.901318344292354
5.2809070563505704 2.9279173781352292
5.28321268784706 2.9476445886335254
5.259846877717066 2.9422141827099275
5.236141201305195 2.9336276326802175
5.232464185091078 2.935437174046268
5.238795664940585 2.942919738697379
5.22812950044611 2.9409324712695306
5.218355305518946 2.947977311173462
5.194463900377631 2.9464463128251963
5.123485477649678 2.9341894157854416
5.075425924722769 2.9150204789912153
4.998590253220123 2.884320841063217
4.944707555495847 2.8670448336175114
4.882488068908503 2.834207834283853
4.856877762830045 2.803707055773249
4.86445821782182 2.791320209811079
4.910756272516081 2.7810663334350476
4.974100927578597 2.805380708577302
5.053871068110085 2.815354330374975
5.142430846311175 2.853208356593694
5.222929453605596 2.8873713679213844
5.270629621312391 2.913592962024761
5.324144347751585 2.949849777518515
5.317621014884238 2.967805144284736
5.271472627331111 2.962979169279999
5.218868204005035 2.9625723710690095
5.179700973138245 2.938201943274928
5.108391217699333 2.9338419697671503
5.053000336211711 2.903428193944678
4.991590177449956 2.886261473418161
4.963880275331204 2.839702073518555
4.959634042893708 2.824188940069808
4.993093635239205 2.8153074600094876
5.047459697886113 2.8343949634091428
5.091632016242039 2.856608131367378
5.123163138390392 2.877824959510795
5.115103376051012 2.887396092284836
5.1098325314251865 2.877323800613374
5.137442452516001 2.883951091184036
5.191299388614178 2.8916014991192887
5.225564954478218 2.904926941009489
5.261090269046908 2.9294822412403203
5.256973841443166 2.9416337289941947
5.232637737297463 2.9547409092649
5.2048107701156905 2.943220583712744
