0.196565 26286974.831466466
0.197565 390994.59704121645
0.198565 241433.80865357758
0.199565 177874.54905168546
0.200565 141620.2217362885
0.201565 116586.6847718963
0.202565 97576.12115939513
0.203565 84384.25742242225
0.204565 73236.86709570632
0.205565 64495.36973712219
0.206565 57411.045388659244
0.207565 51332.27091571436
0.208565 46322.51323216211
0.209565 42366.53132333346
0.210565 39472.90896563939
0.211565 36547.459891230275
0.212565 34813.35634337649
0.213565 33217.36393060352
0.214565 32541.6170592583
0.215565 33279.659321846855
0.216565 36882.2190928405
0.217565 46791.489336505
0.218565 127477.5955605098
0.219565 69620.92528536083
