1e-06 6335057.474252622
0.001001 5827045.782612367
0.002001 5359339.678237718
0.003001 4917117.339774892
0.004001 4506678.431853153
0.005001 4129364.7314636353
0.006001 3783933.2227226677
0.007001 3468077.4058407913
0.008001000000000001 3179254.6300010877
0.009001000000000002 2925187.4118162426
0.010001000000000003 2695726.0861689313
0.011001000000000004 2481864.9377132505
0.012001000000000005 2283151.030300871
0.013001000000000006 2099154.858783091
0.014001000000000006 1938586.807037628
0.015001000000000007 1788854.2961442545
0.01600100000000001 1648515.074456876
0.01700100000000001 1525042.4874781119
0.01800100000000001 1408650.8595897572
0.01900100000000001 1303377.7872160056
0.020001000000000012 1205715.6025768553
0.021001000000000013 1117015.696768002
0.022001000000000014 1034128.6642983103
0.023001000000000014 959515.4886185738
0.024001000000000015 890095.3899764202
0.025001000000000016 825827.3181287606
0.026001000000000017 767268.7523307827
0.027001000000000018 713142.0149472834
0.02800100000000002 663104.1434184852
0.02900100000000002 616887.136326501
0.03000100000000002 574208.6955268441
0.03100100000000002 534787.9202740699
0.03200100000000002 498355.7080211851
0.03300100000000002 464660.83662493905
0.034001000000000024 433472.81762640795
0.035001000000000025 404582.44215923146
0.036001000000000026 377800.9242853516
0.03700100000000003 352958.2302428568
0.03800100000000003 329931.54849169677
0.03900100000000003 308592.0716729147
0.04000100000000003 288753.63446262194
0.04100100000000003 270310.92265659955
0.04200100000000003 253208.92098594693
0.04300100000000003 237283.42891757985
0.04400100000000003 222479.46533323528
0.045001000000000034 208702.3413748724
0.046001000000000035 195873.33010386696
0.047001000000000036 183930.13485916326
0.04800100000000004 172798.00440744622
0.04900100000000004 162425.44705000395
0.05000100000000004 152750.94756669633
0.05100100000000004 143727.51373673097
0.05200100000000004 135306.25846625378
0.05300100000000004 127444.2746975313
0.05400100000000004 120101.8981474878
0.05500100000000004 113241.36761016268
0.056001000000000044 106828.9594863816
0.057001000000000045 100832.89807779896
0.058001000000000046 95223.09860735011
0.059001000000000046 89973.94260091717
0.06000100000000005 85057.97853024471
0.06100100000000005 80454.38063058603
0.06200100000000005 76139.67728012314
0.06300100000000004 72093.87949090537
0.06400100000000004 68299.80521920281
0.06500100000000004 72189.5024302811
0.06600100000000005 76640.05952413405
0.06700100000000005 82313.65897111085
0.06800100000000005 86417.3161480226
0.06900100000000005 92949.1190926834
0.07000100000000005 96902.5466436155
0.07100100000000005 100757.82701636585
0.07200100000000005 108411.51722618457
0.07300100000000005 112683.56678592954
0.07400100000000005 117261.21161083393
0.07500100000000005 122186.01142403716
0.07600100000000005 127549.29248996351
0.07700100000000006 133433.92021889985
0.07800100000000006 135380.59781487266
0.07900100000000006 137853.9929452657
0.08000100000000006 145451.02790677926
0.08100100000000006 149116.95607281497
0.08200100000000006 148766.8365028118
0.08300100000000006 153738.4031255486
0.08400100000000006 159424.03322676072
0.08500100000000006 161019.4578326987
0.08600100000000006 163327.05254699825
0.08700100000000006 166285.39330236198
0.08800100000000007 169875.8159349838
0.08900100000000007 169295.4196991476
0.09000100000000007 169263.36350759084
0.09100100000000007 174534.0905287081
0.09200100000000007 175430.62521372756
0.09300100000000007 176697.1081772389
0.09400100000000007 178208.11987968234
0.09500100000000007 175124.9643554701
0.09600100000000007 176767.7391161922
0.09700100000000007 178216.17699646985
0.09800100000000007 179364.55390859643
0.09900100000000008 179939.7819869344
0.10000100000000008 179723.65272470517
0.10100100000000008 178519.38557086568
0.10200100000000008 180487.60973134512
0.10300100000000008 180745.96810333617
0.10400100000000008 178929.11489197967
0.10500100000000008 179049.6418738078
0.10600100000000008 176184.11919115667
0.10700100000000008 178363.77494137903
0.10800100000000008 176284.20869670602
0.10900100000000008 177660.12772012036
0.11000100000000008 177259.43737694153
0.11100100000000009 174019.8325942632
0.11200100000000009 174904.89463362301
0.11300100000000009 174151.43083441714
0.11400100000000009 173923.67606135862
0.11500100000000009 171941.1633281246
0.11600100000000009 173239.9322014968
0.11700100000000009 170378.67931829495
0.11800100000000009 170494.06912287124
0.11900100000000009 167891.6715837144
0.1200010000000001 170057.42116453915
0.1210010000000001 167013.61547317286
0.1220010000000001 166970.8334221748
0.1230010000000001 164766.82157658137
0.1240010000000001 166768.60360323833
0.12500100000000008 166128.9239421447
0.12600100000000009 162794.02014058208
0.12700100000000009 162825.85489368186
0.1280010000000001 161119.66470467043
0.1290010000000001 160254.08494793414
0.1300010000000001 160550.4902996858
