1e-06 9.042294940155674e-54
0.001001 5.78981694810452e-50
0.002001 1.3051524462456724e-46
0.003001 1.249994239355568e-43
0.004001 5.870420233452119e-41
0.005001 1.5115592424607563e-38
0.006001 2.3311754527136166e-36
0.007001 2.312106375385747e-34
0.008001000000000001 1.5627455278588838e-32
0.009001000000000002 7.550558466606706e-31
0.010001000000000003 2.7137239782267425e-29
0.011001000000000004 7.502397663778888e-28
0.012001000000000005 1.641394696425543e-26
0.013001000000000006 2.9116950326355535e-25
0.014001000000000006 4.276273242782819e-24
0.015001000000000007 5.29450095086476e-23
0.01600100000000001 5.613943131781338e-22
0.01700100000000001 5.168594584579502e-21
0.01800100000000001 4.18240792472204e-20
0.01900100000000001 3.00657408710922e-19
0.020001000000000012 1.9384721057668316e-18
0.021001000000000013 1.130482902869318e-17
0.022001000000000014 6.008930979213285e-17
0.023001000000000014 2.930926484609854e-16
0.024001000000000015 1.3199643223780366e-15
0.025001000000000016 5.51931494991548e-15
0.026001000000000017 2.153517688218617e-14
0.027001000000000018 7.876537595200095e-14
0.02800100000000002 2.7118475274549745e-13
0.02900100000000002 8.822218342766887e-13
0.03000100000000002 2.72135526703716e-12
0.03100100000000002 7.985170476292052e-12
0.03200100000000002 2.2353115403462343e-11
0.03300100000000002 5.985934449701647e-11
0.034001000000000024 1.5372182184917224e-10
0.035001000000000025 3.794596826743704e-10
0.036001000000000026 9.02294935359353e-10
0.03700100000000003 2.0708248248315703e-09
0.03800100000000003 4.595639583170792e-09
0.03900100000000003 9.87910248695545e-09
0.04000100000000003 2.0603548710163777e-08
0.04100100000000003 4.175082881070551e-08
0.04200100000000003 8.232073403381721e-08
0.04300100000000003 1.5813501037460362e-07
0.04400100000000003 2.9632330291577926e-07
0.045001000000000034 5.422751781950493e-07
0.046001000000000035 9.70195315184587e-07
0.047001000000000036 1.6987332926811208e-06
0.04800100000000004 2.913620003094102e-06
0.04900100000000004 4.899811349574034e-06
0.05000100000000004 8.086160721635042e-06
0.05100100000000004 1.3105617666283694e-05
0.05200100000000004 2.087709025443603e-05
0.05300100000000004 3.2710888582090195e-05
0.05400100000000004 5.0444389374495476e-05
0.05500100000000004 7.661809477957155e-05
0.056001000000000044 0.00011468277380397468
0.057001000000000045 0.00016927285993411
0.058001000000000046 0.0002465075455445186
0.059001000000000046 0.0003543735980394494
0.06000100000000005 0.0005031611380123333
0.06100100000000005 0.0007059398309482545
0.06200100000000005 0.0009791733130655868
0.06300100000000004 0.0013432708700115163
0.06400100000000004 0.0018233623084424444
0.06500100000000004 0.0024499900517467414
0.06600100000000005 0.003259841979009896
0.06700100000000005 0.004296781926866515
0.06800100000000005 0.005612558274307974
0.06900100000000005 0.007267555548930585
0.07000100000000005 0.0093321187831399
0.07100100000000005 0.011886957394360825
0.07200100000000005 0.015024249196704724
0.07300100000000005 0.018848344689309796
0.07400100000000005 0.023476577179781986
0.07500100000000005 0.02903995096732457
0.07600100000000005 0.035683742969676156
0.07700100000000006 0.04356840057807326
0.07800100000000006 0.05286855402466697
0.07900100000000006 0.06377406611220922
0.08000100000000006 0.07649388602623809
0.08100100000000006 0.09124745574438752
0.08200100000000006 0.10827339862388063
0.08300100000000006 0.12782668677766215
0.08400100000000006 0.1501760781352881
0.08500100000000006 0.17560490125690456
0.08600100000000006 0.20441276320130966
0.08700100000000006 0.23691266653925705
0.08800100000000007 0.2734311198007552
0.08900100000000007 0.3143083896527459
0.09000100000000007 0.35989779353203466
0.09100100000000007 0.41055978721779335
0.09200100000000007 0.46667298713017613
0.09300100000000007 0.5286188677999752
0.09400100000000007 0.5967995028555996
0.09500100000000007 0.6716006846351666
0.09600100000000007 0.7534516246006064
0.09700100000000007 0.8427626202994243
0.09800100000000007 0.9399545715274262
0.09900100000000008 1.045457065471457
0.10000100000000008 1.1597066682388144
0.10100100000000008 1.2831330325293082
0.10200100000000008 1.4161743674217688
0.10300100000000008 1.5593121446497127
0.10400100000000008 1.712939939015853
0.10500100000000008 1.877535796729902
0.10600100000000008 2.0535498803801877
0.10700100000000008 2.241406717386508
0.10800100000000008 2.441580287788655
0.10900100000000008 2.6545408084135307
0.11000100000000008 2.8806828009003493
0.11100100000000009 3.120461159923943
0.11200100000000009 3.374404101800659
0.11300100000000009 3.6428403042232196
0.11400100000000009 3.9263030468230626
0.11500100000000009 4.225211729431058
0.11600100000000009 4.5399924471397055
0.11700100000000009 4.871097520651028
0.11800100000000009 5.218958693580511
0.11900100000000009 5.584038060688913
0.1200010000000001 5.966793230651302
0.1210010000000001 6.3675461810526635
0.1220010000000001 6.786829650487965
0.1230010000000001 7.225039655509712
0.1240010000000001 7.682606128213715
0.12500100000000008 8.159979139638802
0.12600100000000009 8.657597093473962
0.12700100000000009 9.175917775140977
0.1280010000000001 9.7152547435275
0.1290010000000001 10.276001609452976
0.1300010000000001 10.85885104486376
