0.196565 124.32820630528396
0.197565 127.6408611140217
0.198565 131.17440231647615
0.199565 135.05956110087476
0.200565 139.44228677021812
0.201565 144.4438676673735
0.202565 150.17022959880796
0.203565 156.95001913935317
0.204565 164.81299586502132
0.205565 174.1616346853987
0.206565 185.35285911600087
0.207565 198.6872591351638
0.208565 214.9322706961931
0.209565 235.34697464851024
0.210565 262.05460862533334
0.211565 294.82924573364085
0.212565 340.9790498471403
0.213565 402.2325196926567
0.214565 493.1674064290749
0.215565 642.3922430101474
0.216565 931.9276157638495
0.217565 1000
0.218565 1000
0.219565 1000
