0.130881 18302265.099592075
0.131881 214468.99262592217
0.132881 144709.27583120545
0.133881 113393.40502993047
0.134881 94534.7524295298
0.135881 81563.23830071969
0.136881 71930.60394223788
0.137881 64411.38710570374
0.138881 58332.41432728093
0.139881 53288.53661296443
0.140881 49019.05066806318
0.141881 45347.38655733109
0.142881 42149.011705672165
0.143881 39333.159027440546
0.144881 36831.84604999303
0.145881 34592.975259542225
0.146881 32575.8341124417
0.147881 30748.065572947344
0.148881 29083.572174561144
0.14988100000000001 27561.03105737874
0.15088100000000002 26162.819671860998
0.15188100000000002 24874.2240647321
0.15288100000000002 23682.84570546584
0.15388100000000002 22578.1504295015
0.15488100000000002 21551.120829039053
0.15588100000000002 20593.98509429212
0.15688100000000002 19700.003137700114
0.15788100000000002 18863.296182783426
0.15888100000000002 18078.709715395384
0.15988100000000002 17341.702316427014
0.16088100000000002 16648.254770250438
0.16188100000000002 15994.795202169511
0.16288100000000003 15378.136994905106
0.16388100000000003 14795.426973384932
0.16488100000000003 14244.101901093158
0.16588100000000003 13721.85175040369
0.16688100000000003 13226.588529373488
0.16788100000000003 12756.419693920085
0.16888100000000003 12309.625365594084
0.16988100000000003 11884.638724745613
0.17088100000000003 11480.029066696194
0.17188100000000003 11094.487101927522
0.17288100000000003 10726.812155821448
0.17388100000000004 10375.900983297424
0.17488100000000004 10040.737961972996
0.17588100000000004 9720.386466656568
0.17688100000000004 9413.981259941462
0.17788100000000004 9120.721759871052
0.17888100000000004 8839.866067219988
0.17988100000000004 8570.725652785322
0.18088100000000004 8312.660619907492
0.18188100000000004 8065.075469808743
0.18288100000000004 7827.415307692147
0.18388100000000004 7599.162436248228
0.18488100000000005 7379.833290557709
0.18588100000000005 7168.975674593317
0.18688100000000005 6966.166264799888
0.18788100000000005 6771.008350727506
0.18888100000000005 6583.129786533633
0.18988100000000005 6402.181130461989
0.19088100000000005 6227.833952235081
0.19188100000000005 6059.779290735555
0.19288100000000005 5897.72624645791
0.19388100000000005 5741.4006950374915
0.19488100000000005 5590.5441097479015
0.19588100000000006 5444.912482237725
