0.130881 4552.729358578404
0.131881 4243.268099110637
0.132881 4046.294360850284
0.133881 3874.3982612119685
0.134881 3718.2455607473103
0.135881 3573.9206275025267
0.136881 3439.2360758771
0.137881 3312.7712576197546
0.138881 3193.512760256443
0.139881 3080.6903012645666
0.140881 2973.6913399424598
0.141881 2872.0122754310237
0.142881 2775.2284957243296
0.143881 2682.97493289646
0.144881 2594.9328489995714
0.145881 2510.820508730164
0.146881 2430.386381005135
0.147881 2353.404045782094
0.148881 2279.6682866084134
0.14988100000000001 2208.9920300268805
0.15088100000000002 2141.2039042320957
0.15188100000000002 2076.146260114406
0.15288100000000002 2013.673544080041
0.15388100000000002 1953.6509430356266
0.15488100000000002 1895.9532431682119
0.15588100000000002 1840.4638590035388
0.15688100000000002 1787.0739997983833
0.15788100000000002 1735.6819479754047
0.15888100000000002 1686.1924299324933
0.15988100000000002 1638.5160637487666
0.16088100000000002 1592.568871472369
0.16188100000000002 1548.2718460910478
0.16288100000000003 1505.5505651527722
0.16388100000000003 1464.3348444598807
0.16488100000000003 1424.558426408115
0.16588100000000003 1386.158698454432
0.16688100000000003 1349.076437929609
0.16788100000000003 1313.2555800034852
0.16888100000000003 1278.6430060928865
0.16988100000000003 1245.1883503978195
0.17088100000000003 1212.8438225784907
0.17188100000000003 1181.564044857259
0.17288100000000003 1151.3059020570195
0.17388100000000004 1122.028403278663
0.17488100000000004 1093.692554081923
0.17588100000000004 1066.2612381714973
0.17688100000000004 1039.6991077077232
0.17788100000000004 1013.9724814619515
0.17888100000000004 989.0492501236884
0.17988100000000004 964.8987881418329
0.18088100000000004 941.4918715477677
0.18188100000000004 918.8006012651315
0.18288100000000004 896.7983314611103
0.18388100000000004 875.4596025379926
0.18488100000000005 854.7600784024476
0.18588100000000005 834.6764876842595
0.18688100000000005 815.1865686065853
0.18788100000000005 796.2690172368302
0.18888100000000005 777.903438871322
0.18988100000000005 760.0703023284943
0.19088100000000005 742.7508969445948
0.19188100000000005 725.9272920832677
0.19288100000000005 709.5822989859561
0.19388100000000005 693.6994348041799
0.19488100000000005 678.2628886674347
0.19588100000000006 663.2574896520077
