0.196565 5348.190367417139
0.197565 5210.84323558823
0.198565 5078.130532136223
0.199565 4949.853783216613
0.200565 4825.825030228556
0.201565 4705.866155896571
0.202565 4589.808261498008
0.203565 4477.491090731557
0.204565 4368.762496174505
0.205565 4263.477944677465
0.206565 4161.500058401561
0.207565 4062.698188521249
0.208565 3966.9480188985135
0.209565 3874.1311972876365
0.210565 3784.1349918559026
0.211565 3696.8519710086
0.212565 3612.1797046883257
0.213565 3530.0204854826643
0.214565 3450.2810680208954
0.215565 3372.8724252733764
0.216565 3297.709520486552
0.217565 3224.711093594784
0.218565 3153.799461047753
0.219565 3084.900328080644
