0.196565 653.2345796024281
0.197565 638.9226255407391
0.198565 625.0040355072551
0.199565 611.4657475957964
0.200565 598.2952116801748
0.201565 585.4803660874816
0.202565 573.0096154993971
0.203565 560.8718100069759
0.204565 549.0562252496068
0.205565 537.5525435736467
0.206565 526.3508361506127
0.207565 515.4415459989343
0.208565 504.81547185696616
0.209565 494.4637528584649
0.210565 484.37785396489835
0.211565 474.54955211196034
0.212565 464.9709230303389
0.213565 455.6343287034032
0.214565 446.5324054267586
0.215565 437.6580524368607
0.216565 429.004421077867
0.217565 420.5649044778324
0.218565 412.33312770708386
0.219565 404.3029383932594
