0.22 50088.56175595755
0.221 27785.55698948494
0.222 19742.883082595807
0.223 15640.033059865405
0.224 13185.78984614928
0.225 11582.478215086321
0.226 10480.80774274306
0.227 9705.04077440695
0.228 9158.744189158371
0.229 8786.606572818917
0.23 8557.287267780792
0.231 8455.495322649478
0.232 8478.971523242122
0.233 8639.108977452188
0.234 8966.050310689858
0.23500000000000001 9522.481973372862
0.23600000000000002 10440.268366163238
0.23700000000000002 12035.198655685615
0.23800000000000002 15311.760915909093
0.23900000000000002 27184.568502639275
