0.22 3930.6104601695997
0.221 2116.2268271353983
0.222 1457.1110031339313
0.223 1116.5975950850175
0.224 908.8370868663742
0.225 769.0123842925993
0.226 668.6097423986714
0.227 593.1262306535193
0.228 534.4077791498755
0.229 487.52013901412556
0.23 449.30511591800587
0.231 417.65068366463674
0.232 391.09500898643773
0.233 368.59957424506604
0.234 349.41409689052557
0.23500000000000001 332.9952467953899
0.23600000000000002 318.96148899763875
0.23700000000000002 307.08244839328927
0.23800000000000002 297.33814717076393
0.23900000000000002 290.3812648389835
