0.22 3055.5392133545615
0.221 2989.404606367146
0.222 2925.1146979033947
0.223 2862.6055563794994
0.224 2801.815934849217
0.225 2742.687137033512
0.226 2685.162891164216
0.227 2629.1892311171305
0.228 2574.71438434975
0.229 2521.688666195502
0.23 2470.064380099872
0.231 2419.7957234144055
0.232 2370.8386983927844
0.233 2323.151028059014
0.234 2276.6920766414146
0.23500000000000001 2231.422774287953
0.23600000000000002 2187.3055457986798
0.23700000000000002 2144.3042431291956
0.23800000000000002 2102.3840814365317
0.23900000000000002 2061.511578454187
