0.22 400.8712121002651
0.221 393.1199773372832
0.222 385.55622532168877
0.223 378.1745024635044
0.224 370.9695410218662
0.225 363.93625181722473
0.226 357.06971726838617
0.227 350.3651847380739
0.228 343.81806017159636
0.229 337.4239020140805
0.23 331.17841539253607
0.231 325.07744654976847
0.232 319.1169775178842
0.233 313.2931210197852
0.234 307.602115587687
0.23500000000000001 302.04032088827887
0.23600000000000002 296.60421324470826
0.23700000000000002 291.29038134607345
0.23800000000000002 286.0955221356286
0.23900000000000002 281.01643686933795
