0.24000000000000002 276.05002733686524
0.24100000000000002 271.193292237504
0.24200000000000002 266.44332370391135
0.24300000000000002 261.7973039669073
0.24400000000000002 257.25250215491735
0.24500000000000002 252.80627122197268
0.24600000000000002 248.45604499849352
0.24700000000000003 244.19933535935363
0.24800000000000003 240.03372950401203
0.24900000000000003 235.95688734375935
0.25 231.96653899132963
0.251 228.0604823484438
0.252 224.23658078696332
0.253 220.4927609196266
0.254 216.82701045648668
0.255 213.23737614337244
0.256 209.72196177887156
0.257 206.27892630648182
0.258 202.90648197878102
0.259 199.60289259051257
0.26 196.3664717778007
0.261 193.19558138063263
0.262 190.08862986604555
0.263 187.04407080948124
0.264 184.06040143191973
0.265 181.13616119051173
0.266 178.26993042051856
0.267 175.46032902648517
0.268 172.7060152206517
0.269 170.00568430670245
0.27 167.35806750704117
0.271 164.7619308318492
0.272 162.21607398827445
0.273 159.71932932815844
0.274 157.27056083278828
0.275 154.86866313322253
0.276 152.5125605648
0.277 150.20120625450085
0.278 147.93358123989788
0.279 145.70869361846997
0.28 143.5255777261172
0.281 141.38329334376115
0.28200000000000003 139.2809249309671
0.28300000000000003 137.21758088554378
0.28400000000000003 135.19239282817125
0.28500000000000003 133.20451491108787
0.28600000000000003 131.25312314994676
0.28700000000000003 129.33741477799134
0.28800000000000003 127.45660762167677
0.28900000000000003 125.60993949700305
0.29000000000000004 123.79666762575746
0.29100000000000004 122.01606807093782
0.29200000000000004 120.26743519067018
0.29300000000000004 118.550081109937
0.29400000000000004 116.86333520947237
0.29500000000000004 115.20654363119864
0.29600000000000004 113.57906879962394
0.29700000000000004 111.98028895860806
0.29800000000000004 110.40959772296118
0.29900000000000004 108.86640364434352
