0.24000000000000002 2021.6544969977658
0.24100000000000002 1982.781790416108
0.24200000000000002 1944.8635508149903
0.24300000000000002 1907.8709598921803
0.24400000000000002 1871.7762422331077
0.24500000000000002 1836.5526209261661
0.24600000000000002 1802.1742753661247
0.24700000000000003 1768.616301122094
0.24800000000000003 1735.8546717547235
0.24900000000000003 1703.8662024746106
0.25 1672.6285155399664
0.251 1642.1200072994243
0.252 1612.3198167898056
0.253 1583.2077958056866
0.254 1554.7644803618812
0.255 1526.9710634749601
0.256 1499.8093691943186
0.257 1473.2618278173197
0.258 1447.311452227422
0.259 1421.9418152962685
0.26 1397.1370282969494
0.261 1372.881720275285
0.262 1349.1610183317491
0.263 1325.96052876794
0.264 1303.2663190545372
0.265 1281.0649005800997
0.266 1259.3432121421818
0.267 1238.088604144546
0.268 1217.2888234661236
0.269 1196.9319989692854
0.27 1177.0066276167868
0.271 1157.5015611683216
0.272 1138.4059934292604
0.273 1119.7094480255273
0.274 1101.401766680016
0.275 1083.4730979672238
0.276 1065.9138865239638
0.277 1048.7148626951353
0.278 1031.8670325948203
0.279 1015.361668563669
0.28 999.1903000047636
0.281 983.3447045809287
0.28200000000000003 967.8168997574423
0.28300000000000003 952.5991346745215
0.28400000000000003 937.6838823354797
0.28500000000000003 923.0638320962593
0.28600000000000003 908.7318824433835
0.28700000000000003 894.6811340479796
0.28800000000000003 880.9048830832899
0.28900000000000003 867.3966147952605
0.29000000000000004 854.1499973147852
0.29100000000000004 841.1588757013932
0.29200000000000004 828.4172662087867
0.29300000000000004 815.9193507627904
0.29400000000000004 803.6594716428119
0.29500000000000004 791.6321263583233
0.29600000000000004 779.8319627124704
0.29700000000000004 768.2537740448199
0.29800000000000004 756.8924946461051
0.29900000000000004 745.743195337893
