0 0.0
0.01 0.0
0.02 0.0018
0.03 0.0402
0.04 0.1115
0.05 0.1886
0.060000000000000005 0.2288
0.07 0.229
0.08 0.3155
0.09 0.3121
0.09999999999999999 0.3607
0.10999999999999999 0.3542
0.11999999999999998 0.3781
0.12999999999999998 0.3947
0.13999999999999999 0.4068
0.15 0.4271
0.16 0.4185
0.17 0.4296
0.18000000000000002 0.414
0.19000000000000003 0.4204
0.20000000000000004 0.4608
0.21000000000000005 0.4297
0.22000000000000006 0.4736
0.23000000000000007 0.457
0.24000000000000007 0.4526
0.25000000000000006 0.4494
0.26000000000000006 0.4571
0.2700000000000001 0.4489
0.2800000000000001 0.5098
0.2900000000000001 0.4613
