1e-06 0.01
1e-06 0.02
1e-06 0.03
1e-06 0.04
1e-06 0.05
1e-06 0.060000000000000005
1e-06 0.07
1e-06 0.08
1e-06 0.09
1e-06 0.09999999999999999
1e-06 0.10999999999999999
1e-06 0.11999999999999998
1e-06 0.12999999999999998
1e-06 0.13999999999999999
1e-06 0.15
1e-06 0.16
1e-06 0.17
1e-06 0.18000000000000002
1e-06 0.19000000000000003
1e-06 0.20000000000000004
1e-06 0.21000000000000005
1e-06 0.22000000000000006
1e-06 0.23000000000000007
1e-06 0.24000000000000007
1e-06 0.25000000000000006
1e-06 0.26000000000000006
1e-06 0.2700000000000001
1e-06 0.2800000000000001
1e-06 0.2900000000000001
1e-06 0.3000000000000001
1e-06 0.3100000000000001
1e-06 0.3200000000000001
1e-06 0.3300000000000001
1e-06 0.34000000000000014
1e-06 0.35000000000000014
1e-06 0.36000000000000015
1e-06 0.37000000000000016
1e-06 0.38000000000000017
1e-06 0.3900000000000002
1e-06 0.4000000000000002
1e-06 0.4100000000000002
1e-06 0.4200000000000002
1e-06 0.4300000000000002
1e-06 0.4400000000000002
1e-06 0.45000000000000023
1e-06 0.46000000000000024
1e-06 0.47000000000000025
1e-06 0.48000000000000026
1e-06 0.49000000000000027
1e-06 0.5000000000000002
1e-06 0.5100000000000002
1e-06 0.5200000000000002
1e-06 0.5300000000000002
1e-06 0.5400000000000003
1e-06 0.5500000000000003
1e-06 0.5600000000000003
1e-06 0.5700000000000003
1e-06 0.5800000000000003
1e-06 0.5900000000000003
1e-06 0.6000000000000003
1e-06 0.6100000000000003
1e-06 0.6200000000000003
1e-06 0.6300000000000003
1e-06 0.6400000000000003
1e-06 0.6500000000000004
1e-06 0.6600000000000004
1e-06 0.6700000000000004
1e-06 0.6800000000000004
1e-06 0.6900000000000004
1e-06 0.7000000000000004
1e-06 0.7100000000000004
1e-06 0.7200000000000004
1e-06 0.7300000000000004
1e-06 0.7400000000000004
1e-06 0.7500000000000004
1e-06 0.7600000000000005
1e-06 0.7700000000000005
1e-06 0.7800000000000005
1e-06 0.7900000000000005
1e-06 0.8000000000000005
1e-06 0.8100000000000005
1e-06 0.8200000000000005
1e-06 0.8300000000000005
1e-06 0.8400000000000005
1e-06 0.8500000000000005
1e-06 0.8600000000000005
1e-06 0.8700000000000006
1e-06 0.8800000000000006
1e-06 0.8900000000000006
1e-06 0.9000000000000006
1e-06 0.9100000000000006
1e-06 0.9200000000000006
1e-06 0.9300000000000006
1e-06 0.9400000000000006
1e-06 0.9500000000000006
1e-06 0.9600000000000006
1e-06 0.9700000000000006
1e-06 0.9800000000000006
1e-06 0.9900000000000007
0.010001 0.01
0.010001 0.02
0.010001 0.03
0.010001 0.04
0.010001 0.05
0.010001 0.060000000000000005
0.010001 0.07
0.010001 0.08
0.010001 0.09
0.010001 0.09999999999999999
0.010001 0.10999999999999999
0.010001 0.11999999999999998
0.010001 0.12999999999999998
0.010001 0.13999999999999999
0.010001 0.15
0.010001 0.16
0.010001 0.17
0.010001 0.18000000000000002
0.010001 0.19000000000000003
0.010001 0.20000000000000004
0.010001 0.21000000000000005
0.010001 0.22000000000000006
0.010001 0.23000000000000007
0.010001 0.24000000000000007
0.010001 0.25000000000000006
0.010001 0.26000000000000006
0.010001 0.2700000000000001
0.010001 0.2800000000000001
0.010001 0.2900000000000001
0.010001 0.3000000000000001
0.010001 0.3100000000000001
0.010001 0.3200000000000001
0.010001 0.3300000000000001
0.010001 0.34000000000000014
0.010001 0.35000000000000014
0.010001 0.36000000000000015
0.010001 0.37000000000000016
0.010001 0.38000000000000017
0.010001 0.3900000000000002
0.010001 0.4000000000000002
0.010001 0.4100000000000002
0.010001 0.4200000000000002
0.010001 0.4300000000000002
0.010001 0.4400000000000002
0.010001 0.45000000000000023
0.010001 0.46000000000000024
0.010001 0.47000000000000025
0.010001 0.48000000000000026
0.010001 0.49000000000000027
0.010001 0.5000000000000002
0.010001 0.5100000000000002
0.010001 0.5200000000000002
0.010001 0.5300000000000002
0.010001 0.5400000000000003
0.010001 0.5500000000000003
0.010001 0.5600000000000003
0.010001 0.5700000000000003
0.010001 0.5800000000000003
0.010001 0.5900000000000003
0.010001 0.6000000000000003
0.010001 0.6100000000000003
0.010001 0.6200000000000003
0.010001 0.6300000000000003
0.010001 0.6400000000000003
0.010001 0.6500000000000004
0.010001 0.6600000000000004
0.010001 0.6700000000000004
0.010001 0.6800000000000004
0.010001 0.6900000000000004
0.010001 0.7000000000000004
0.010001 0.7100000000000004
0.010001 0.7200000000000004
0.010001 0.7300000000000004
0.010001 0.7400000000000004
0.010001 0.7500000000000004
0.010001 0.7600000000000005
0.010001 0.7700000000000005
0.010001 0.7800000000000005
0.010001 0.7900000000000005
0.010001 0.8000000000000005
0.010001 0.8100000000000005
0.010001 0.8200000000000005
0.010001 0.8300000000000005
0.010001 0.8400000000000005
0.010001 0.8500000000000005
0.010001 0.8600000000000005
0.010001 0.8700000000000006
0.010001 0.8800000000000006
0.010001 0.8900000000000006
0.010001 0.9000000000000006
0.010001 0.9100000000000006
0.010001 0.9200000000000006
0.010001 0.9300000000000006
0.010001 0.9400000000000006
0.010001 0.9500000000000006
0.010001 0.9600000000000006
0.010001 0.9700000000000006
0.010001 0.9800000000000006
0.010001 0.9900000000000007
0.020000999999999998 0.01
0.020000999999999998 0.02
0.020000999999999998 0.03
0.020000999999999998 0.04
0.020000999999999998 0.05
0.020000999999999998 0.060000000000000005
0.020000999999999998 0.07
0.020000999999999998 0.08
0.020000999999999998 0.09
0.020000999999999998 0.09999999999999999
0.020000999999999998 0.10999999999999999
0.020000999999999998 0.11999999999999998
0.020000999999999998 0.12999999999999998
0.020000999999999998 0.13999999999999999
0.020000999999999998 0.15
0.020000999999999998 0.16
0.020000999999999998 0.17
0.020000999999999998 0.18000000000000002
0.020000999999999998 0.19000000000000003
0.020000999999999998 0.20000000000000004
0.020000999999999998 0.21000000000000005
0.020000999999999998 0.22000000000000006
0.020000999999999998 0.23000000000000007
0.020000999999999998 0.24000000000000007
0.020000999999999998 0.25000000000000006
0.020000999999999998 0.26000000000000006
0.020000999999999998 0.2700000000000001
0.020000999999999998 0.2800000000000001
0.020000999999999998 0.2900000000000001
0.020000999999999998 0.3000000000000001
0.020000999999999998 0.3100000000000001
0.020000999999999998 0.3200000000000001
0.020000999999999998 0.3300000000000001
0.020000999999999998 0.34000000000000014
0.020000999999999998 0.35000000000000014
0.020000999999999998 0.36000000000000015
0.020000999999999998 0.37000000000000016
0.020000999999999998 0.38000000000000017
0.020000999999999998 0.3900000000000002
0.020000999999999998 0.4000000000000002
0.020000999999999998 0.4100000000000002
0.020000999999999998 0.4200000000000002
0.020000999999999998 0.4300000000000002
0.020000999999999998 0.4400000000000002
0.020000999999999998 0.45000000000000023
0.020000999999999998 0.46000000000000024
0.020000999999999998 0.47000000000000025
0.020000999999999998 0.48000000000000026
0.020000999999999998 0.49000000000000027
0.020000999999999998 0.5000000000000002
0.020000999999999998 0.5100000000000002
0.020000999999999998 0.5200000000000002
0.020000999999999998 0.5300000000000002
0.020000999999999998 0.5400000000000003
0.020000999999999998 0.5500000000000003
0.020000999999999998 0.5600000000000003
0.020000999999999998 0.5700000000000003
0.020000999999999998 0.5800000000000003
0.020000999999999998 0.5900000000000003
0.020000999999999998 0.6000000000000003
0.020000999999999998 0.6100000000000003
0.020000999999999998 0.6200000000000003
0.020000999999999998 0.6300000000000003
0.020000999999999998 0.6400000000000003
0.020000999999999998 0.6500000000000004
0.020000999999999998 0.6600000000000004
0.020000999999999998 0.6700000000000004
0.020000999999999998 0.6800000000000004
0.020000999999999998 0.6900000000000004
0.020000999999999998 0.7000000000000004
0.020000999999999998 0.7100000000000004
0.020000999999999998 0.7200000000000004
0.020000999999999998 0.7300000000000004
0.020000999999999998 0.7400000000000004
0.020000999999999998 0.7500000000000004
0.020000999999999998 0.7600000000000005
0.020000999999999998 0.7700000000000005
0.020000999999999998 0.7800000000000005
0.020000999999999998 0.7900000000000005
0.020000999999999998 0.8000000000000005
0.020000999999999998 0.8100000000000005
0.020000999999999998 0.8200000000000005
0.020000999999999998 0.8300000000000005
0.020000999999999998 0.8400000000000005
0.020000999999999998 0.8500000000000005
0.020000999999999998 0.8600000000000005
0.020000999999999998 0.8700000000000006
0.020000999999999998 0.8800000000000006
0.020000999999999998 0.8900000000000006
0.020000999999999998 0.9000000000000006
0.020000999999999998 0.9100000000000006
0.020000999999999998 0.9200000000000006
0.020000999999999998 0.9300000000000006
0.020000999999999998 0.9400000000000006
0.020000999999999998 0.9500000000000006
0.020000999999999998 0.9600000000000006
0.020000999999999998 0.9700000000000006
0.020000999999999998 0.9800000000000006
0.020000999999999998 0.9900000000000007
0.030001 0.01
0.030001 0.02
0.030001 0.03
0.030001 0.04
0.030001 0.05
0.030001 0.060000000000000005
0.030001 0.07
0.030001 0.08
0.030001 0.09
0.030001 0.09999999999999999
0.030001 0.10999999999999999
0.030001 0.11999999999999998
0.030001 0.12999999999999998
0.030001 0.13999999999999999
0.030001 0.15
0.030001 0.16
0.030001 0.17
0.030001 0.18000000000000002
0.030001 0.19000000000000003
0.030001 0.20000000000000004
0.030001 0.21000000000000005
0.030001 0.22000000000000006
0.030001 0.23000000000000007
0.030001 0.24000000000000007
0.030001 0.25000000000000006
0.030001 0.26000000000000006
0.030001 0.2700000000000001
0.030001 0.2800000000000001
0.030001 0.2900000000000001
0.030001 0.3000000000000001
0.030001 0.3100000000000001
0.030001 0.3200000000000001
0.030001 0.3300000000000001
0.030001 0.34000000000000014
0.030001 0.35000000000000014
0.030001 0.36000000000000015
0.030001 0.37000000000000016
0.030001 0.38000000000000017
0.030001 0.3900000000000002
0.030001 0.4000000000000002
0.030001 0.4100000000000002
0.030001 0.4200000000000002
0.030001 0.4300000000000002
0.030001 0.4400000000000002
0.030001 0.45000000000000023
0.030001 0.46000000000000024
0.030001 0.47000000000000025
0.030001 0.48000000000000026
0.030001 0.49000000000000027
0.030001 0.5000000000000002
0.030001 0.5100000000000002
0.030001 0.5200000000000002
0.030001 0.5300000000000002
0.030001 0.5400000000000003
0.030001 0.5500000000000003
0.030001 0.5600000000000003
0.030001 0.5700000000000003
0.030001 0.5800000000000003
0.030001 0.5900000000000003
0.030001 0.6000000000000003
0.030001 0.6100000000000003
0.030001 0.6200000000000003
0.030001 0.6300000000000003
0.030001 0.6400000000000003
0.030001 0.6500000000000004
0.030001 0.6600000000000004
0.030001 0.6700000000000004
0.030001 0.6800000000000004
0.030001 0.6900000000000004
0.030001 0.7000000000000004
0.030001 0.7100000000000004
0.030001 0.7200000000000004
0.030001 0.7300000000000004
0.030001 0.7400000000000004
0.030001 0.7500000000000004
0.030001 0.7600000000000005
0.030001 0.7700000000000005
0.030001 0.7800000000000005
0.030001 0.7900000000000005
0.030001 0.8000000000000005
0.030001 0.8100000000000005
0.030001 0.8200000000000005
0.030001 0.8300000000000005
0.030001 0.8400000000000005
0.030001 0.8500000000000005
0.030001 0.8600000000000005
0.030001 0.8700000000000006
0.030001 0.8800000000000006
0.030001 0.8900000000000006
0.030001 0.9000000000000006
0.030001 0.9100000000000006
0.030001 0.9200000000000006
0.030001 0.9300000000000006
0.030001 0.9400000000000006
0.030001 0.9500000000000006
0.030001 0.9600000000000006
0.030001 0.9700000000000006
0.030001 0.9800000000000006
0.030001 0.9900000000000007
0.040001 0.01
0.040001 0.02
0.040001 0.03
0.040001 0.04
0.040001 0.05
0.040001 0.060000000000000005
0.040001 0.07
0.040001 0.08
0.040001 0.09
0.040001 0.09999999999999999
0.040001 0.10999999999999999
0.040001 0.11999999999999998
0.040001 0.12999999999999998
0.040001 0.13999999999999999
0.040001 0.15
0.040001 0.16
0.040001 0.17
0.040001 0.18000000000000002
0.040001 0.19000000000000003
0.040001 0.20000000000000004
0.040001 0.21000000000000005
0.040001 0.22000000000000006
0.040001 0.23000000000000007
0.040001 0.24000000000000007
0.040001 0.25000000000000006
0.040001 0.26000000000000006
0.040001 0.2700000000000001
0.040001 0.2800000000000001
0.040001 0.2900000000000001
0.040001 0.3000000000000001
0.040001 0.3100000000000001
0.040001 0.3200000000000001
0.040001 0.3300000000000001
0.040001 0.34000000000000014
0.040001 0.35000000000000014
0.040001 0.36000000000000015
0.040001 0.37000000000000016
0.040001 0.38000000000000017
0.040001 0.3900000000000002
0.040001 0.4000000000000002
0.040001 0.4100000000000002
0.040001 0.4200000000000002
0.040001 0.4300000000000002
0.040001 0.4400000000000002
0.040001 0.45000000000000023
0.040001 0.46000000000000024
0.040001 0.47000000000000025
0.040001 0.48000000000000026
0.040001 0.49000000000000027
0.040001 0.5000000000000002
0.040001 0.5100000000000002
0.040001 0.5200000000000002
0.040001 0.5300000000000002
0.040001 0.5400000000000003
0.040001 0.5500000000000003
0.040001 0.5600000000000003
0.040001 0.5700000000000003
0.040001 0.5800000000000003
0.040001 0.5900000000000003
0.040001 0.6000000000000003
0.040001 0.6100000000000003
0.040001 0.6200000000000003
0.040001 0.6300000000000003
0.040001 0.6400000000000003
0.040001 0.6500000000000004
0.040001 0.6600000000000004
0.040001 0.6700000000000004
0.040001 0.6800000000000004
0.040001 0.6900000000000004
0.040001 0.7000000000000004
0.040001 0.7100000000000004
0.040001 0.7200000000000004
0.040001 0.7300000000000004
0.040001 0.7400000000000004
0.040001 0.7500000000000004
0.040001 0.7600000000000005
0.040001 0.7700000000000005
0.040001 0.7800000000000005
0.040001 0.7900000000000005
0.040001 0.8000000000000005
0.040001 0.8100000000000005
0.040001 0.8200000000000005
0.040001 0.8300000000000005
0.040001 0.8400000000000005
0.040001 0.8500000000000005
0.040001 0.8600000000000005
0.040001 0.8700000000000006
0.040001 0.8800000000000006
0.040001 0.8900000000000006
0.040001 0.9000000000000006
0.040001 0.9100000000000006
0.040001 0.9200000000000006
0.040001 0.9300000000000006
0.040001 0.9400000000000006
0.040001 0.9500000000000006
0.040001 0.9600000000000006
0.040001 0.9700000000000006
0.040001 0.9800000000000006
0.040001 0.9900000000000007
0.050001000000000004 0.01
0.050001000000000004 0.02
0.050001000000000004 0.03
0.050001000000000004 0.04
0.050001000000000004 0.05
0.050001000000000004 0.060000000000000005
0.050001000000000004 0.07
0.050001000000000004 0.08
0.050001000000000004 0.09
0.050001000000000004 0.09999999999999999
0.050001000000000004 0.10999999999999999
0.050001000000000004 0.11999999999999998
0.050001000000000004 0.12999999999999998
0.050001000000000004 0.13999999999999999
0.050001000000000004 0.15
0.050001000000000004 0.16
0.050001000000000004 0.17
0.050001000000000004 0.18000000000000002
0.050001000000000004 0.19000000000000003
0.050001000000000004 0.20000000000000004
0.050001000000000004 0.21000000000000005
0.050001000000000004 0.22000000000000006
0.050001000000000004 0.23000000000000007
0.050001000000000004 0.24000000000000007
0.050001000000000004 0.25000000000000006
0.050001000000000004 0.26000000000000006
0.050001000000000004 0.2700000000000001
0.050001000000000004 0.2800000000000001
0.050001000000000004 0.2900000000000001
0.050001000000000004 0.3000000000000001
0.050001000000000004 0.3100000000000001
0.050001000000000004 0.3200000000000001
0.050001000000000004 0.3300000000000001
0.050001000000000004 0.34000000000000014
0.050001000000000004 0.35000000000000014
0.050001000000000004 0.36000000000000015
0.050001000000000004 0.37000000000000016
0.050001000000000004 0.38000000000000017
0.050001000000000004 0.3900000000000002
0.050001000000000004 0.4000000000000002
0.050001000000000004 0.4100000000000002
0.050001000000000004 0.4200000000000002
0.050001000000000004 0.4300000000000002
0.050001000000000004 0.4400000000000002
0.050001000000000004 0.45000000000000023
0.050001000000000004 0.46000000000000024
0.050001000000000004 0.47000000000000025
0.050001000000000004 0.48000000000000026
0.050001000000000004 0.49000000000000027
0.050001000000000004 0.5000000000000002
0.050001000000000004 0.5100000000000002
0.050001000000000004 0.5200000000000002
0.050001000000000004 0.5300000000000002
0.050001000000000004 0.5400000000000003
0.050001000000000004 0.5500000000000003
0.050001000000000004 0.5600000000000003
0.050001000000000004 0.5700000000000003
0.050001000000000004 0.5800000000000003
0.050001000000000004 0.5900000000000003
0.050001000000000004 0.6000000000000003
0.050001000000000004 0.6100000000000003
0.050001000000000004 0.6200000000000003
0.050001000000000004 0.6300000000000003
0.050001000000000004 0.6400000000000003
0.050001000000000004 0.6500000000000004
0.050001000000000004 0.6600000000000004
0.050001000000000004 0.6700000000000004
0.050001000000000004 0.6800000000000004
0.050001000000000004 0.6900000000000004
0.050001000000000004 0.7000000000000004
0.050001000000000004 0.7100000000000004
0.050001000000000004 0.7200000000000004
0.050001000000000004 0.7300000000000004
0.050001000000000004 0.7400000000000004
0.050001000000000004 0.7500000000000004
0.050001000000000004 0.7600000000000005
0.050001000000000004 0.7700000000000005
0.050001000000000004 0.7800000000000005
0.050001000000000004 0.7900000000000005
0.050001000000000004 0.8000000000000005
0.050001000000000004 0.8100000000000005
0.050001000000000004 0.8200000000000005
0.050001000000000004 0.8300000000000005
0.050001000000000004 0.8400000000000005
0.050001000000000004 0.8500000000000005
0.050001000000000004 0.8600000000000005
0.050001000000000004 0.8700000000000006
0.050001000000000004 0.8800000000000006
0.050001000000000004 0.8900000000000006
0.050001000000000004 0.9000000000000006
0.050001000000000004 0.9100000000000006
0.050001000000000004 0.9200000000000006
0.050001000000000004 0.9300000000000006
0.050001000000000004 0.9400000000000006
0.050001000000000004 0.9500000000000006
0.050001000000000004 0.9600000000000006
0.050001000000000004 0.9700000000000006
0.050001000000000004 0.9800000000000006
0.050001000000000004 0.9900000000000007
0.060001000000000006 0.01
0.060001000000000006 0.02
0.060001000000000006 0.03
0.060001000000000006 0.04
0.060001000000000006 0.05
0.060001000000000006 0.060000000000000005
0.060001000000000006 0.07
0.060001000000000006 0.08
0.060001000000000006 0.09
0.060001000000000006 0.09999999999999999
0.060001000000000006 0.10999999999999999
0.060001000000000006 0.11999999999999998
0.060001000000000006 0.12999999999999998
0.060001000000000006 0.13999999999999999
0.060001000000000006 0.15
0.060001000000000006 0.16
0.060001000000000006 0.17
0.060001000000000006 0.18000000000000002
0.060001000000000006 0.19000000000000003
0.060001000000000006 0.20000000000000004
0.060001000000000006 0.21000000000000005
0.060001000000000006 0.22000000000000006
0.060001000000000006 0.23000000000000007
0.060001000000000006 0.24000000000000007
0.060001000000000006 0.25000000000000006
0.060001000000000006 0.26000000000000006
0.060001000000000006 0.2700000000000001
0.060001000000000006 0.2800000000000001
0.060001000000000006 0.2900000000000001
0.060001000000000006 0.3000000000000001
0.060001000000000006 0.3100000000000001
0.060001000000000006 0.3200000000000001
0.060001000000000006 0.3300000000000001
0.060001000000000006 0.34000000000000014
0.060001000000000006 0.35000000000000014
0.060001000000000006 0.36000000000000015
0.060001000000000006 0.37000000000000016
0.060001000000000006 0.38000000000000017
0.060001000000000006 0.3900000000000002
0.060001000000000006 0.4000000000000002
0.060001000000000006 0.4100000000000002
0.060001000000000006 0.4200000000000002
0.060001000000000006 0.4300000000000002
0.060001000000000006 0.4400000000000002
0.060001000000000006 0.45000000000000023
0.060001000000000006 0.46000000000000024
0.060001000000000006 0.47000000000000025
0.060001000000000006 0.48000000000000026
0.060001000000000006 0.49000000000000027
0.060001000000000006 0.5000000000000002
0.060001000000000006 0.5100000000000002
0.060001000000000006 0.5200000000000002
0.060001000000000006 0.5300000000000002
0.060001000000000006 0.5400000000000003
0.060001000000000006 0.5500000000000003
0.060001000000000006 0.5600000000000003
0.060001000000000006 0.5700000000000003
0.060001000000000006 0.5800000000000003
0.060001000000000006 0.5900000000000003
0.060001000000000006 0.6000000000000003
0.060001000000000006 0.6100000000000003
0.060001000000000006 0.6200000000000003
0.060001000000000006 0.6300000000000003
0.060001000000000006 0.6400000000000003
0.060001000000000006 0.6500000000000004
0.060001000000000006 0.6600000000000004
0.060001000000000006 0.6700000000000004
0.060001000000000006 0.6800000000000004
0.060001000000000006 0.6900000000000004
0.060001000000000006 0.7000000000000004
0.060001000000000006 0.7100000000000004
0.060001000000000006 0.7200000000000004
0.060001000000000006 0.7300000000000004
0.060001000000000006 0.7400000000000004
0.060001000000000006 0.7500000000000004
0.060001000000000006 0.7600000000000005
0.060001000000000006 0.7700000000000005
0.060001000000000006 0.7800000000000005
0.060001000000000006 0.7900000000000005
0.060001000000000006 0.8000000000000005
0.060001000000000006 0.8100000000000005
0.060001000000000006 0.8200000000000005
0.060001000000000006 0.8300000000000005
0.060001000000000006 0.8400000000000005
0.060001000000000006 0.8500000000000005
0.060001000000000006 0.8600000000000005
0.060001000000000006 0.8700000000000006
0.060001000000000006 0.8800000000000006
0.060001000000000006 0.8900000000000006
0.060001000000000006 0.9000000000000006
0.060001000000000006 0.9100000000000006
0.060001000000000006 0.9200000000000006
0.060001000000000006 0.9300000000000006
0.060001000000000006 0.9400000000000006
0.060001000000000006 0.9500000000000006
0.060001000000000006 0.9600000000000006
0.060001000000000006 0.9700000000000006
0.060001000000000006 0.9800000000000006
0.060001000000000006 0.9900000000000007
0.07000100000000001 0.01
0.07000100000000001 0.02
0.07000100000000001 0.03
0.07000100000000001 0.04
0.07000100000000001 0.05
0.07000100000000001 0.060000000000000005
0.07000100000000001 0.08
0.07000100000000001 0.09
0.07000100000000001 0.09999999999999999
0.07000100000000001 0.10999999999999999
0.07000100000000001 0.11999999999999998
0.07000100000000001 0.12999999999999998
0.07000100000000001 0.13999999999999999
0.07000100000000001 0.15
0.07000100000000001 0.16
0.07000100000000001 0.17
0.07000100000000001 0.18000000000000002
0.07000100000000001 0.19000000000000003
0.07000100000000001 0.20000000000000004
0.07000100000000001 0.21000000000000005
0.07000100000000001 0.22000000000000006
0.07000100000000001 0.23000000000000007
0.07000100000000001 0.24000000000000007
0.07000100000000001 0.25000000000000006
0.07000100000000001 0.26000000000000006
0.07000100000000001 0.2700000000000001
0.07000100000000001 0.2800000000000001
0.07000100000000001 0.2900000000000001
0.07000100000000001 0.3000000000000001
0.07000100000000001 0.3100000000000001
0.07000100000000001 0.3200000000000001
0.07000100000000001 0.3300000000000001
0.07000100000000001 0.34000000000000014
0.07000100000000001 0.35000000000000014
0.07000100000000001 0.36000000000000015
0.07000100000000001 0.37000000000000016
0.07000100000000001 0.38000000000000017
0.07000100000000001 0.3900000000000002
0.07000100000000001 0.4000000000000002
0.07000100000000001 0.4100000000000002
0.07000100000000001 0.4200000000000002
0.07000100000000001 0.4300000000000002
0.07000100000000001 0.4400000000000002
0.07000100000000001 0.45000000000000023
0.07000100000000001 0.46000000000000024
0.07000100000000001 0.47000000000000025
0.07000100000000001 0.48000000000000026
0.07000100000000001 0.49000000000000027
0.07000100000000001 0.5000000000000002
0.07000100000000001 0.5100000000000002
0.07000100000000001 0.5200000000000002
0.07000100000000001 0.5300000000000002
0.07000100000000001 0.5400000000000003
0.07000100000000001 0.5500000000000003
0.07000100000000001 0.5600000000000003
0.07000100000000001 0.5700000000000003
0.07000100000000001 0.5800000000000003
0.07000100000000001 0.5900000000000003
0.07000100000000001 0.6000000000000003
0.07000100000000001 0.6100000000000003
0.07000100000000001 0.6200000000000003
0.07000100000000001 0.6300000000000003
0.07000100000000001 0.6400000000000003
0.07000100000000001 0.6500000000000004
0.07000100000000001 0.6600000000000004
0.07000100000000001 0.6700000000000004
0.07000100000000001 0.6800000000000004
0.07000100000000001 0.6900000000000004
0.07000100000000001 0.7000000000000004
0.07000100000000001 0.7100000000000004
0.07000100000000001 0.7200000000000004
0.07000100000000001 0.7300000000000004
0.07000100000000001 0.7400000000000004
0.07000100000000001 0.7500000000000004
0.07000100000000001 0.7600000000000005
0.07000100000000001 0.7700000000000005
0.07000100000000001 0.7800000000000005
0.07000100000000001 0.7900000000000005
0.07000100000000001 0.8000000000000005
0.07000100000000001 0.8100000000000005
0.07000100000000001 0.8200000000000005
0.07000100000000001 0.8300000000000005
0.07000100000000001 0.8400000000000005
0.07000100000000001 0.8500000000000005
0.07000100000000001 0.8600000000000005
0.07000100000000001 0.8700000000000006
0.07000100000000001 0.8800000000000006
0.07000100000000001 0.8900000000000006
0.07000100000000001 0.9000000000000006
0.07000100000000001 0.9100000000000006
0.07000100000000001 0.9200000000000006
0.07000100000000001 0.9300000000000006
0.07000100000000001 0.9400000000000006
0.07000100000000001 0.9500000000000006
0.07000100000000001 0.9600000000000006
0.07000100000000001 0.9700000000000006
0.07000100000000001 0.9800000000000006
0.07000100000000001 0.9900000000000007
0.080001 0.02
0.080001 0.03
0.080001 0.04
0.080001 0.05
0.080001 0.060000000000000005
0.080001 0.07
0.080001 0.08
0.080001 0.09
0.080001 0.09999999999999999
0.080001 0.10999999999999999
0.080001 0.11999999999999998
0.080001 0.12999999999999998
0.080001 0.13999999999999999
0.080001 0.15
0.080001 0.16
0.080001 0.17
0.080001 0.18000000000000002
0.080001 0.19000000000000003
0.080001 0.20000000000000004
0.080001 0.21000000000000005
0.080001 0.22000000000000006
0.080001 0.23000000000000007
0.080001 0.24000000000000007
0.080001 0.25000000000000006
0.080001 0.26000000000000006
0.080001 0.2700000000000001
0.080001 0.2800000000000001
0.080001 0.2900000000000001
0.080001 0.3000000000000001
0.080001 0.3100000000000001
0.080001 0.3200000000000001
0.080001 0.3300000000000001
0.080001 0.34000000000000014
0.080001 0.35000000000000014
0.080001 0.36000000000000015
0.080001 0.37000000000000016
0.080001 0.38000000000000017
0.080001 0.3900000000000002
0.080001 0.4000000000000002
0.080001 0.4100000000000002
0.080001 0.4200000000000002
0.080001 0.4300000000000002
0.080001 0.4400000000000002
0.080001 0.45000000000000023
0.080001 0.46000000000000024
0.080001 0.47000000000000025
0.080001 0.48000000000000026
0.080001 0.5000000000000002
0.080001 0.5100000000000002
0.080001 0.5200000000000002
0.080001 0.5300000000000002
0.080001 0.5400000000000003
0.080001 0.5500000000000003
0.080001 0.5600000000000003
0.080001 0.5700000000000003
0.080001 0.5800000000000003
0.080001 0.5900000000000003
0.080001 0.6000000000000003
0.080001 0.6100000000000003
0.080001 0.6200000000000003
0.080001 0.6300000000000003
0.080001 0.6400000000000003
0.080001 0.6500000000000004
0.080001 0.6600000000000004
0.080001 0.6700000000000004
0.080001 0.6800000000000004
0.080001 0.6900000000000004
0.080001 0.7000000000000004
0.080001 0.7100000000000004
0.080001 0.7200000000000004
0.080001 0.7300000000000004
0.080001 0.7400000000000004
0.080001 0.7500000000000004
0.080001 0.7600000000000005
0.080001 0.7700000000000005
0.080001 0.7800000000000005
0.080001 0.7900000000000005
0.080001 0.8000000000000005
0.080001 0.8100000000000005
0.080001 0.8200000000000005
0.080001 0.8300000000000005
0.080001 0.8400000000000005
0.080001 0.8500000000000005
0.080001 0.8600000000000005
0.080001 0.8700000000000006
0.080001 0.8800000000000006
0.080001 0.8900000000000006
0.080001 0.9000000000000006
0.080001 0.9100000000000006
0.080001 0.9200000000000006
0.080001 0.9300000000000006
0.080001 0.9400000000000006
0.080001 0.9500000000000006
0.080001 0.9600000000000006
0.080001 0.9700000000000006
0.080001 0.9800000000000006
0.080001 0.9900000000000007
0.090001 0.01
0.090001 0.02
0.090001 0.04
0.090001 0.05
0.090001 0.060000000000000005
0.090001 0.07
0.090001 0.08
0.090001 0.09
0.090001 0.09999999999999999
0.090001 0.10999999999999999
0.090001 0.11999999999999998
0.090001 0.12999999999999998
0.090001 0.15
0.090001 0.16
0.090001 0.18000000000000002
0.090001 0.19000000000000003
0.090001 0.20000000000000004
0.090001 0.21000000000000005
0.090001 0.22000000000000006
0.090001 0.23000000000000007
0.090001 0.24000000000000007
0.090001 0.25000000000000006
0.090001 0.26000000000000006
0.090001 0.2700000000000001
0.090001 0.2800000000000001
0.090001 0.2900000000000001
0.090001 0.3000000000000001
0.090001 0.3100000000000001
0.090001 0.3200000000000001
0.090001 0.3300000000000001
0.090001 0.34000000000000014
0.090001 0.35000000000000014
0.090001 0.36000000000000015
0.090001 0.37000000000000016
0.090001 0.38000000000000017
0.090001 0.3900000000000002
0.090001 0.4000000000000002
0.090001 0.4100000000000002
0.090001 0.4200000000000002
0.090001 0.4300000000000002
0.090001 0.4400000000000002
0.090001 0.46000000000000024
0.090001 0.47000000000000025
0.090001 0.48000000000000026
0.090001 0.49000000000000027
0.090001 0.5000000000000002
0.090001 0.5100000000000002
0.090001 0.5200000000000002
0.090001 0.5300000000000002
0.090001 0.5400000000000003
0.090001 0.5500000000000003
0.090001 0.5600000000000003
0.090001 0.5700000000000003
0.090001 0.5800000000000003
0.090001 0.5900000000000003
0.090001 0.6000000000000003
0.090001 0.6100000000000003
0.090001 0.6200000000000003
0.090001 0.6300000000000003
0.090001 0.6400000000000003
0.090001 0.6500000000000004
0.090001 0.6600000000000004
0.090001 0.6700000000000004
0.090001 0.6800000000000004
0.090001 0.6900000000000004
0.090001 0.7000000000000004
0.090001 0.7100000000000004
0.090001 0.7200000000000004
0.090001 0.7300000000000004
0.090001 0.7400000000000004
0.090001 0.7500000000000004
0.090001 0.7600000000000005
0.090001 0.7700000000000005
0.090001 0.7800000000000005
0.090001 0.7900000000000005
0.090001 0.8000000000000005
0.090001 0.8100000000000005
0.090001 0.8200000000000005
0.090001 0.8300000000000005
0.090001 0.8400000000000005
0.090001 0.8500000000000005
0.090001 0.8600000000000005
0.090001 0.8700000000000006
0.090001 0.8800000000000006
0.090001 0.8900000000000006
0.090001 0.9000000000000006
0.090001 0.9100000000000006
0.090001 0.9200000000000006
0.090001 0.9300000000000006
0.090001 0.9400000000000006
0.090001 0.9500000000000006
0.090001 0.9600000000000006
0.090001 0.9700000000000006
0.090001 0.9800000000000006
0.090001 0.9900000000000007
0.10000099999999999 0.02
0.10000099999999999 0.03
0.10000099999999999 0.04
0.10000099999999999 0.05
0.10000099999999999 0.060000000000000005
0.10000099999999999 0.07
0.10000099999999999 0.09
0.10000099999999999 0.10999999999999999
0.10000099999999999 0.11999999999999998
0.10000099999999999 0.12999999999999998
0.10000099999999999 0.13999999999999999
0.10000099999999999 0.15
0.10000099999999999 0.16
0.10000099999999999 0.17
0.10000099999999999 0.18000000000000002
0.10000099999999999 0.19000000000000003
0.10000099999999999 0.20000000000000004
0.10000099999999999 0.21000000000000005
0.10000099999999999 0.22000000000000006
0.10000099999999999 0.23000000000000007
0.10000099999999999 0.24000000000000007
0.10000099999999999 0.25000000000000006
0.10000099999999999 0.26000000000000006
0.10000099999999999 0.2700000000000001
0.10000099999999999 0.2800000000000001
0.10000099999999999 0.2900000000000001
0.10000099999999999 0.3000000000000001
0.10000099999999999 0.3100000000000001
0.10000099999999999 0.3200000000000001
0.10000099999999999 0.3300000000000001
0.10000099999999999 0.34000000000000014
0.10000099999999999 0.35000000000000014
0.10000099999999999 0.36000000000000015
0.10000099999999999 0.37000000000000016
0.10000099999999999 0.38000000000000017
0.10000099999999999 0.3900000000000002
0.10000099999999999 0.4100000000000002
0.10000099999999999 0.4200000000000002
0.10000099999999999 0.4300000000000002
0.10000099999999999 0.4400000000000002
0.10000099999999999 0.45000000000000023
0.10000099999999999 0.46000000000000024
0.10000099999999999 0.47000000000000025
0.10000099999999999 0.48000000000000026
0.10000099999999999 0.49000000000000027
0.10000099999999999 0.5000000000000002
0.10000099999999999 0.5100000000000002
0.10000099999999999 0.5200000000000002
0.10000099999999999 0.5300000000000002
0.10000099999999999 0.5400000000000003
0.10000099999999999 0.5500000000000003
0.10000099999999999 0.5600000000000003
0.10000099999999999 0.5700000000000003
0.10000099999999999 0.5900000000000003
0.10000099999999999 0.6000000000000003
0.10000099999999999 0.6100000000000003
0.10000099999999999 0.6200000000000003
0.10000099999999999 0.6300000000000003
0.10000099999999999 0.6400000000000003
0.10000099999999999 0.6500000000000004
0.10000099999999999 0.6600000000000004
0.10000099999999999 0.6700000000000004
0.10000099999999999 0.6800000000000004
0.10000099999999999 0.6900000000000004
0.10000099999999999 0.7000000000000004
0.10000099999999999 0.7100000000000004
0.10000099999999999 0.7200000000000004
0.10000099999999999 0.7300000000000004
0.10000099999999999 0.7400000000000004
0.10000099999999999 0.7500000000000004
0.10000099999999999 0.7600000000000005
0.10000099999999999 0.7700000000000005
0.10000099999999999 0.7800000000000005
0.10000099999999999 0.7900000000000005
0.10000099999999999 0.8000000000000005
0.10000099999999999 0.8100000000000005
0.10000099999999999 0.8200000000000005
0.10000099999999999 0.8300000000000005
0.10000099999999999 0.8500000000000005
0.10000099999999999 0.8600000000000005
0.10000099999999999 0.8700000000000006
0.10000099999999999 0.8800000000000006
0.10000099999999999 0.8900000000000006
0.10000099999999999 0.9000000000000006
0.10000099999999999 0.9100000000000006
0.10000099999999999 0.9200000000000006
0.10000099999999999 0.9300000000000006
0.10000099999999999 0.9400000000000006
0.10000099999999999 0.9500000000000006
0.10000099999999999 0.9600000000000006
0.10000099999999999 0.9700000000000006
0.10000099999999999 0.9800000000000006
0.10000099999999999 0.9900000000000007
0.11000099999999999 0.060000000000000005
0.11000099999999999 0.07
0.11000099999999999 0.08
0.11000099999999999 0.09
0.11000099999999999 0.09999999999999999
0.11000099999999999 0.12999999999999998
0.11000099999999999 0.13999999999999999
0.11000099999999999 0.17
0.11000099999999999 0.18000000000000002
0.11000099999999999 0.19000000000000003
0.11000099999999999 0.20000000000000004
0.11000099999999999 0.21000000000000005
0.11000099999999999 0.22000000000000006
0.11000099999999999 0.23000000000000007
0.11000099999999999 0.24000000000000007
0.11000099999999999 0.25000000000000006
0.11000099999999999 0.26000000000000006
0.11000099999999999 0.2700000000000001
0.11000099999999999 0.2900000000000001
0.11000099999999999 0.3000000000000001
0.11000099999999999 0.3100000000000001
0.11000099999999999 0.3200000000000001
0.11000099999999999 0.3300000000000001
0.11000099999999999 0.34000000000000014
0.11000099999999999 0.35000000000000014
0.11000099999999999 0.36000000000000015
0.11000099999999999 0.37000000000000016
0.11000099999999999 0.38000000000000017
0.11000099999999999 0.3900000000000002
0.11000099999999999 0.4000000000000002
0.11000099999999999 0.4100000000000002
0.11000099999999999 0.4200000000000002
0.11000099999999999 0.4300000000000002
0.11000099999999999 0.4400000000000002
0.11000099999999999 0.45000000000000023
0.11000099999999999 0.46000000000000024
0.11000099999999999 0.47000000000000025
0.11000099999999999 0.48000000000000026
0.11000099999999999 0.49000000000000027
0.11000099999999999 0.5000000000000002
0.11000099999999999 0.5100000000000002
0.11000099999999999 0.5200000000000002
0.11000099999999999 0.5300000000000002
0.11000099999999999 0.5400000000000003
0.11000099999999999 0.5500000000000003
0.11000099999999999 0.5600000000000003
0.11000099999999999 0.5700000000000003
0.11000099999999999 0.5800000000000003
0.11000099999999999 0.5900000000000003
0.11000099999999999 0.6000000000000003
0.11000099999999999 0.6100000000000003
0.11000099999999999 0.6200000000000003
0.11000099999999999 0.6300000000000003
0.11000099999999999 0.6400000000000003
0.11000099999999999 0.6500000000000004
0.11000099999999999 0.6600000000000004
0.11000099999999999 0.6700000000000004
0.11000099999999999 0.6800000000000004
0.11000099999999999 0.6900000000000004
0.11000099999999999 0.7000000000000004
0.11000099999999999 0.7100000000000004
0.11000099999999999 0.7200000000000004
0.11000099999999999 0.7300000000000004
0.11000099999999999 0.7400000000000004
0.11000099999999999 0.7500000000000004
0.11000099999999999 0.7600000000000005
0.11000099999999999 0.7700000000000005
0.11000099999999999 0.7800000000000005
0.11000099999999999 0.7900000000000005
0.11000099999999999 0.8000000000000005
0.11000099999999999 0.8100000000000005
0.11000099999999999 0.8200000000000005
0.11000099999999999 0.8300000000000005
0.11000099999999999 0.8400000000000005
0.11000099999999999 0.8500000000000005
0.11000099999999999 0.8600000000000005
0.11000099999999999 0.8700000000000006
0.11000099999999999 0.8800000000000006
0.11000099999999999 0.8900000000000006
0.11000099999999999 0.9000000000000006
0.11000099999999999 0.9100000000000006
0.11000099999999999 0.9200000000000006
0.11000099999999999 0.9300000000000006
0.11000099999999999 0.9400000000000006
0.11000099999999999 0.9500000000000006
0.11000099999999999 0.9600000000000006
0.11000099999999999 0.9700000000000006
0.11000099999999999 0.9800000000000006
0.11000099999999999 0.9900000000000007
0.12000099999999998 0.07
0.12000099999999998 0.09999999999999999
0.12000099999999998 0.10999999999999999
0.12000099999999998 0.12999999999999998
0.12000099999999998 0.17
0.12000099999999998 0.18000000000000002
0.12000099999999998 0.19000000000000003
0.12000099999999998 0.21000000000000005
0.12000099999999998 0.22000000000000006
0.12000099999999998 0.23000000000000007
0.12000099999999998 0.24000000000000007
0.12000099999999998 0.25000000000000006
0.12000099999999998 0.26000000000000006
0.12000099999999998 0.2700000000000001
0.12000099999999998 0.2800000000000001
0.12000099999999998 0.3000000000000001
0.12000099999999998 0.3200000000000001
0.12000099999999998 0.34000000000000014
0.12000099999999998 0.35000000000000014
0.12000099999999998 0.36000000000000015
0.12000099999999998 0.37000000000000016
0.12000099999999998 0.38000000000000017
0.12000099999999998 0.3900000000000002
0.12000099999999998 0.4000000000000002
0.12000099999999998 0.4100000000000002
0.12000099999999998 0.4200000000000002
0.12000099999999998 0.4400000000000002
0.12000099999999998 0.45000000000000023
0.12000099999999998 0.46000000000000024
0.12000099999999998 0.47000000000000025
0.12000099999999998 0.48000000000000026
0.12000099999999998 0.49000000000000027
0.12000099999999998 0.5000000000000002
0.12000099999999998 0.5100000000000002
0.12000099999999998 0.5200000000000002
0.12000099999999998 0.5300000000000002
0.12000099999999998 0.5400000000000003
0.12000099999999998 0.5500000000000003
0.12000099999999998 0.5600000000000003
0.12000099999999998 0.5700000000000003
0.12000099999999998 0.5800000000000003
0.12000099999999998 0.5900000000000003
0.12000099999999998 0.6000000000000003
0.12000099999999998 0.6100000000000003
0.12000099999999998 0.6300000000000003
0.12000099999999998 0.6400000000000003
0.12000099999999998 0.6500000000000004
0.12000099999999998 0.6600000000000004
0.12000099999999998 0.6700000000000004
0.12000099999999998 0.6800000000000004
0.12000099999999998 0.6900000000000004
0.12000099999999998 0.7000000000000004
0.12000099999999998 0.7100000000000004
0.12000099999999998 0.7200000000000004
0.12000099999999998 0.7300000000000004
0.12000099999999998 0.7400000000000004
0.12000099999999998 0.7500000000000004
0.12000099999999998 0.7600000000000005
0.12000099999999998 0.7700000000000005
0.12000099999999998 0.7800000000000005
0.12000099999999998 0.7900000000000005
0.12000099999999998 0.8000000000000005
0.12000099999999998 0.8100000000000005
0.12000099999999998 0.8200000000000005
0.12000099999999998 0.8300000000000005
0.12000099999999998 0.8400000000000005
0.12000099999999998 0.8500000000000005
0.12000099999999998 0.8600000000000005
0.12000099999999998 0.8800000000000006
0.12000099999999998 0.8900000000000006
0.12000099999999998 0.9000000000000006
0.12000099999999998 0.9100000000000006
0.12000099999999998 0.9200000000000006
0.12000099999999998 0.9300000000000006
0.12000099999999998 0.9400000000000006
0.12000099999999998 0.9500000000000006
0.12000099999999998 0.9600000000000006
0.12000099999999998 0.9700000000000006
0.12000099999999998 0.9800000000000006
0.12000099999999998 0.9900000000000007
0.13000099999999998 0.09999999999999999
0.13000099999999998 0.10999999999999999
0.13000099999999998 0.15
0.13000099999999998 0.16
0.13000099999999998 0.18000000000000002
0.13000099999999998 0.19000000000000003
0.13000099999999998 0.20000000000000004
0.13000099999999998 0.21000000000000005
0.13000099999999998 0.22000000000000006
0.13000099999999998 0.25000000000000006
0.13000099999999998 0.26000000000000006
0.13000099999999998 0.3000000000000001
0.13000099999999998 0.3100000000000001
0.13000099999999998 0.37000000000000016
0.13000099999999998 0.3900000000000002
0.13000099999999998 0.4100000000000002
0.13000099999999998 0.4300000000000002
0.13000099999999998 0.4400000000000002
0.13000099999999998 0.45000000000000023
0.13000099999999998 0.46000000000000024
0.13000099999999998 0.47000000000000025
0.13000099999999998 0.48000000000000026
0.13000099999999998 0.49000000000000027
0.13000099999999998 0.5000000000000002
0.13000099999999998 0.5300000000000002
0.13000099999999998 0.5400000000000003
0.13000099999999998 0.5500000000000003
0.13000099999999998 0.5700000000000003
0.13000099999999998 0.5800000000000003
0.13000099999999998 0.5900000000000003
0.13000099999999998 0.6000000000000003
0.13000099999999998 0.6100000000000003
0.13000099999999998 0.6200000000000003
0.13000099999999998 0.6300000000000003
0.13000099999999998 0.6400000000000003
0.13000099999999998 0.6500000000000004
0.13000099999999998 0.6600000000000004
0.13000099999999998 0.6700000000000004
0.13000099999999998 0.6800000000000004
0.13000099999999998 0.7000000000000004
0.13000099999999998 0.7200000000000004
0.13000099999999998 0.7300000000000004
0.13000099999999998 0.7400000000000004
0.13000099999999998 0.7500000000000004
0.13000099999999998 0.7600000000000005
0.13000099999999998 0.7700000000000005
0.13000099999999998 0.7800000000000005
0.13000099999999998 0.7900000000000005
0.13000099999999998 0.8000000000000005
0.13000099999999998 0.8100000000000005
0.13000099999999998 0.8200000000000005
0.13000099999999998 0.8300000000000005
0.13000099999999998 0.8400000000000005
0.13000099999999998 0.8500000000000005
0.13000099999999998 0.8600000000000005
0.13000099999999998 0.8700000000000006
0.13000099999999998 0.8800000000000006
0.13000099999999998 0.8900000000000006
0.13000099999999998 0.9000000000000006
0.13000099999999998 0.9100000000000006
0.13000099999999998 0.9200000000000006
0.13000099999999998 0.9300000000000006
0.13000099999999998 0.9400000000000006
0.13000099999999998 0.9500000000000006
0.13000099999999998 0.9600000000000006
0.13000099999999998 0.9700000000000006
0.13000099999999998 0.9900000000000007
