0.22 0.017000000000000008
0.221 0.023000000000000013
0.222 0.025000000000000015
0.223 0.028000000000000018
0.224 0.02900000000000002
0.225 0.03300000000000002
0.226 0.03200000000000002
0.227 0.03400000000000002
0.228 0.03300000000000002
0.229 0.03400000000000002
0.23 0.036000000000000025
0.231 0.03200000000000002
0.232 0.03300000000000002
0.233 0.03100000000000002
0.234 0.02900000000000002
0.23500000000000001 0.027000000000000017
0.23600000000000002 0.025000000000000015
0.23700000000000002 0.02100000000000001
0.23800000000000002 0.016000000000000007
0.23900000000000002 0.008
