0.196565 0.001
0.197565 0.002
0.198565 0.003
0.199565 0.004
0.200565 0.005
0.201565 0.006
0.202565 0.007
0.203565 0.009000000000000001
0.204565 0.010000000000000002
0.205565 0.011000000000000003
0.206565 0.012000000000000004
0.207565 0.014000000000000005
0.208565 0.015000000000000006
0.209565 0.016000000000000007
0.210565 0.016000000000000007
0.211565 0.017000000000000008
0.212565 0.01800000000000001
0.213565 0.01900000000000001
0.214565 0.02000000000000001
0.215565 0.02000000000000001
0.216565 0.01900000000000001
0.217565 0.017000000000000008
0.218565 0.010000000000000002
0.219565 0.012000000000000004
