23.179084369102714 6.114434577193906
23.42059570458537 6.128609842905815
23.665179680212177 6.142766395259231
23.912878981963317 6.15690378036461
24.163736997600488 6.1710215445325085
24.417797830698095 6.185119234311096
24.675106315016677 6.199196396523702
24.93570802922802 6.213252578306369
25.19964931200169 6.227287327145424
25.46697727746308 6.241300190915045
25.737739831033377 6.255290717914822
26.011985685661973 6.269258456907304
26.289764378462564 6.283202957155524
26.57112628776404 6.297123768460496
26.85612265058811 6.311020441198673
27.144805580565468 6.324892526359357
27.437228086303186 6.338739575582062
27.73344409021594 6.352561141193813
28.033508447834446 6.3663567762463735
28.33747696760462 6.380126034553406
28.64540643119159 6.393868470727539
28.95735461430308 6.407583640217347
29.273380308047045 6.421271099344234
29.59354334083899 6.434930405339203
29.917904600875012 6.4485611163795165
30.246526059186813 6.462162791625235
30.57947079329577 6.475734991255622
30.9168030114834 6.489277276505413
31.258588077696437 6.502789209700944
31.604892537104973 6.516270354296119
31.955784142332977 6.529720274908228
32.31133188038098 6.543138537353585
32.67160600026148 6.5565247086830025
33.03667804136803 6.56987835721708
33.406620862600086 6.5831990525813
33.781508672265915 6.5964863657409305
34.161417058786995 6.609739869035724
34.54642302222779 6.622959136214401
34.936605006675926 6.6361437424689225
35.33204293349816 6.649293264468528
35.73281823549884 6.66240728039355
36.13901389200805 6.675485369968983
36.550714464927815 6.688527114497809
36.96800613576547 6.701532096894071
37.39097674368449 6.714499901715683
37.819715824603826 6.727430115196978
38.25431465137808 6.740322325280984
38.69486627509171 6.753176121651414
39.1414655675019 6.765991095764376
39.594209264665444 6.778766840879787
40.05319601178652 6.7915029520924985
40.51852640932353 6.804199026363102
40.99030306039409 6.816854662548434
41.46863061951909 6.829469461431767
41.95361584274767 6.842043025752668
42.44536763920678 6.854574960236538
42.943997124120145 6.867064871623813
43.449617673343354 6.879512368698829
43.96234497946312 6.891917062318336
44.48229710951045 6.90427856543967
45.00959456433937 6.916596493148565
45.544360339724456 6.928870462686601
46.08671998923236 6.941100093478294
46.63680168892437 6.9532850071578105
47.19473630394919 6.965424827595307
47.76065745708693 6.977519180922889
48.33470159930778 6.98956769556019
48.9170080824107 7.001570002239552
49.507719233810086 7.0135257340308215
50.10698043354058 7.0254345263657445
50.71494019355261 7.037296017061957
51.331750239374095 7.049109846346574
51.95756559421613 7.060875656879366
52.59254466560329 7.072593093775524
53.236849334612344 7.084261804628001
53.890645047805535 7.095881439529448
54.55410091194849 7.107451651093705
55.22738979160521 7.118972094476886
55.91068840970651 7.130442427398017
56.604177451191305 7.141862310159252
57.30804166982417 7.153231405665648
58.02246999829565 7.164549379444499
58.74765566171632 7.175815899664238
59.48379629461915 7.187030637152884
60.23109406158887 7.198193265416051
60.989755781641634 7.209303460654504
61.759993056482166 7.220360901781271
62.54202240277076 7.231365270438294
63.33606538853692 7.242316251012635
64.1423487738812 7.253213530652222
64.96110465611252 7.264056799281138
65.79257061947285 7.274845749614452
66.63698988960701 7.285580077172596
67.49461149294109 7.296259480295269
68.36569042113848 7.306883660154896
69.25048780080904 7.3174523207696085
70.14927106865294 7.3279651690157745
71.0623141522273 7.338421914640059
71.98989765653063 7.348822270271019
72.9323090566067 7.359165951430242
73.88984289637725 7.369452676543012
74.86280099391975 7.379682166948515
75.85149265341452 7.389854146909582
76.85623488399358 7.399968343621964
77.87735262573122 7.410024487223146
78.91517898302558 7.420022310800699
79.97005546562833 7.429961550400168
81.04233223758952 7.439841945032496
82.13236837439301 7.449663236680998
83.24053212856815 7.459425170307857
84.36720120407277 7.469127493860182
85.51276303975291 7.478769958275595
86.67761510219474 7.488352317487363
87.8621651882952 7.497874328429089
89.0668317378884 7.50733575103893
90.29204415677647 7.516736348263383
91.53824315052398 7.52607588606061
92.8058810693884 7.535354133403322
94.09542226476911 7.5445708622812155
95.40734345757114 7.553725847702967
96.74213411889104 7.562818867697792
98.10029686344572 7.5718497033165555
99.48234785617707 7.58081813863246
100.88881723247842 7.589723960741291
102.32024953250175 7.598566959761239
103.77720415001743 7.607346928832293
105.26025579631154 7.616063664115205
106.7699949796183 7.624716964790046
108.30702850059905 7.633306633054332
109.87197996439039 7.641832474120738
111.46549030975868 7.650294296214411
113.08821835590832 7.658691910569863
114.74084136750417 7.667025131427467
116.42405563848006 7.675293776029551
118.13857709521483 7.6834976646160955
119.88514191966854 7.691636620420041
121.66450719307969 7.699710469662199
123.47745156083248 7.707719041545793
125.32477591911008 7.715662168250596
127.20730412395446 7.723539684926719
129.12588372335765 7.7313514296880035
131.08138671300927 7.739097243605062
133.07471031632684 7.746776970697943
135.10677778938893 7.754390457928448
137.1785392513877 7.761937555192083
139.29097254120518 7.769418115309671
141.4450841007065 7.776831994018608
143.64190988532255 7.784179049963787
145.88251630247467 7.79145914468818
148.16800117836362 7.7986721426230945
150.49949475361132 7.805817911078097
152.87816070820315 7.812896320230621
155.30519721612816 7.819907243115257
157.7818380300579 7.826850555612728
160.30935359633696 7.83372613643856
162.8890522004791 7.840533867131459
165.52228114327437 7.847273632041375
168.21042794750636 7.853945318317295
170.95492159516343 7.860548815894734
173.75723379488903 7.867084017482956
176.61888027926526 7.873550818551913
179.54142213134938 7.8799491173189224
182.5264671396846 7.886278814735069
185.5756711807881 7.892539814471357
188.69073962786638 7.898732022904608
191.87342878423146 7.9048553491031015
195.12554733957492 7.910909704811986
198.44895784690792 7.916895004438441
201.8455782175809 7.922811165036617
205.31738323136182 7.928658106292341
208.8664060580606 7.934435750507606
212.49473978664818 7.940144022584845
216.20453895721354 7.945782850010994
219.9980210904313 7.951352162841351
223.87746820847397 7.956851893683236
227.84522834047522 7.962281977679461
231.90371700474333 7.967642352491607
236.05541865891766 7.972932958283127
240.30288810814832 7.978153737702262
244.648751860154 7.983304635864797
249.09570941466225 7.988385600336643
253.64653447324918 7.993396581116266
258.3040760539602 7.998337530616957
263.0712594932969 8.003208403648955
267.9510873161835 8.008009157401428
272.9466399523678 8.012739751424315
278.06107627534493 8.01740014761003
283.297633937308 8.021990310175054
288.65962947080664 8.026510205641394
294.1504581247194 8.030959802817922
299.7735933987931 8.035339072781618
305.53258623736514 8.039647988858695
311.4310638389339 8.043886526605633
317.47272803396396 8.048054663790108
323.66135317869504 8.052152380371844
330.0007835077348 8.056179658483371
336.4949298828579 8.060136482410712
343.14776586968037 8.06402283857399
349.9633230677263 8.06783871550797
356.94568561284296 8.071584103842534
364.09898376395125 8.07525899628311
371.4273864787451 8.078863387591024
378.9350928751869 8.082397274563833
386.62632246751025 8.08586065601559
394.5053040569713 8.08925353275709
402.57626314882754 8.092575907576064
410.84340775804645 8.095827785217363
419.31091245711985 8.099009172363104
427.9829005102228 8.102120077612808
436.86342392890845 8.105160511463517
445.9564412757807 8.1081304862899
455.26579303430947 8.111030016324364
464.7951743554158 8.113859117637153
474.54810498495453 8.116617808116462
484.5278961711014 8.119306107448553
494.7376143473359 8.121924037097882
505.1800413856723 8.124471620287256
515.8576312165906 8.126948881977995
526.772462617382 8.129355848850139
537.9261879800706 8.131692549282665
549.3199778845076 8.133959013333758
560.9544613225513 8.136155272721112
572.829661446419 8.138281360802269
584.9449267493845 8.140337312555015
597.2988576311585 8.142323164557824
609.8892283546745 8.144238954970351
622.7129044668844 8.146084723513994
635.7657558347446 8.147860511452507
649.0425655400602 8.149566361572688
662.5369349843338 8.151202318165142
676.2411856782027 8.152768427005094
690.1462583301477 8.154264735333314
704.2416100062769 8.155691291837087
718.5151103070929 8.1570481466313
732.9529376975579 8.158335351239595
747.5394773321739 8.159552958575617
762.2572219349406 8.160701022924362
777.0866775217329 8.161779599923623
792.0062759854752 8.162788746545527
806.9922967967524 8.163728521078186
822.0188002971059 8.164598983107457
837.0575752706036 8.165400193498796
852.0781036612386 8.166132214379244
867.0475454477927 8.166795109119521
881.9307467811643 8.167388942316231
896.6902745180483 8.167913779774207
911.2864802349192 8.168369688488959
925.6775966631886 8.168756736629266
939.8198692366409 8.169074993519894
953.6677250738404 8.169324529624433
967.1739812219337 8.169505416528288
980.2900933585548 8.169617726921796
992.9664453848354 8.169661534583481
1005.1526794501444 8.16963691436346
1016.7980649404702 8.169543942166984
1027.8519038573054 8.169382694938129
1038.26396884047 8.169153250643637
1047.9849688824245 8.168855688256908
1056.9670365863835 8.16849008774214
1065.1642296849434 8.168056530038623
1072.5330385129794 8.167555097045204
1079.0328902726094 8.16698587160489
1084.626640291802 8.166348937489627
1089.2810401094068 8.16564437938523
1092.967172157229 8.164872282876486
1095.6608410815995 8.164032734432423
1097.342912365529 8.163125821391736
1097.9995898740376 8.162151631948388
1097.6226252280997 8.16111025513739
1096.2094534777139 8.160001780820734
1093.7632513368037 8.158826299673516
1090.2929161934348 8.157583903170227
1085.8129661400662 8.156274683571223
1080.3433632970018 8.154898733909361
1073.909264644483 8.153456147976835
1066.5407063565153 8.151947020312171
1058.2722291735142 8.150371446187414
1049.1424536055617 8.148729521595495
1039.1936146839992 8.14702134323778
1028.471066554507 8.145247008511804
1017.0227674260537 8.143406615499188
1004.8987552705169 8.141500262953748
992.1506242358663 8.139528050289785
978.8310110322739 8.13749007757056
964.9930996248936 8.135386445496968
950.69015147425 8.133217255396394
935.9750673616868 8.130982609211758
920.8999855783787 8.128682609490752
905.5159199929293 8.126317359375278
889.8724402893886 8.123886962591056
874.0173955217704 8.121391523437449
857.996681091668 8.118831146777461
841.8540483426848 8.116205938027942
825.6309551913643 8.11351600314998
809.3664555839791 8.110761448639488
793.0971250804713 8.107942381517992
776.8570195144281 8.105058909323597
760.6776634506836 8.102111140102174
744.588065046655 8.099099182398717
728.6147539049446 8.096023145248914
712.7818385673845 8.092883138170901
697.1110804290216 8.089679271157221
681.6219810296443 8.086411654666978
666.3318798966 8.083080399618181
651.256060353559 8.07968561738029
636.4078609648383 8.076227419766958
621.7987905448794 8.072705919028968
607.4386449201193 8.069121227847365
593.3356238799252 8.065473459326787
579.4964469900947 8.06176272698899
565.9264671634846 8.05798914476657
552.6297810855409 8.05415282699688
539.6093357767171 8.050253888416146
526.8670307385615 8.046292444153773
514.4038152758258 8.04226860972685
502.2197807139084 8.03818250103485
490.3142473403097 8.03403423435452
478.68584599167895 8.029823926334974
467.3325942858947 8.025551693992972
456.25196756277444 8.021217654708398
445.44096464896313 8.016821926219928
434.89616860364686 8.012364626620888
424.61380263337765 8.007845874355318
414.58978138770766 8.003265788214213
404.8197578637278 7.998624487331955
395.299166158036 7.993922091182954
386.0232603101117 7.989158719578461
376.9871494824082 7.984334492663577
368.1858297204542 7.979449530914458
359.6142125315647 7.974503955135695
351.26715051396104 7.969497886457898
343.13946025971114 7.964431446335453
335.2259427453323 7.959304756544481
327.5214014135157 7.954117939180967
320.02065813853767 7.94887111665909
312.7185672567463 7.943564411709728
305.610027832285 7.938197947379151
298.6899943170593 7.9327718470278965
291.95348575303507 7.927286234329832
285.395593654345 7.921741233271389
279.01148869646704 7.916136968150993
272.7964263299647 7.9104735635786625
266.74575142699507 7.904751144475792
260.854902060001 7.898969836075116
255.1194125037325 7.893129763920845
249.53491554399255 7.887231053868985
244.09714416925 7.88127383208783
238.80193271452225 7.875258225058633
233.64521752066224 7.869184359576446
228.62303716638883 7.86305236275114
223.73153232503932 7.856862362008596
218.9669452930903 7.850614485092063
214.3256192329506 7.844308860063693
209.80399716836615 7.8379456153062455
205.39862076695852 7.831524879524958
201.10612894092745 7.825046781749585
196.92325629376194 7.818511451336605
192.84683143789704 7.811919017971598
188.87377520560707 7.805269611671776
185.00109877302333 7.798563362788691
181.22590171497725 7.791800402011098
177.54537000639345 7.7849808603679795
173.95677398416146 7.778104869231739
170.45746628179532 7.771172560321543
167.04487974772474 7.764184065706829
163.71652535674048 7.75713951781097
160.46999012292687 7.750039049415094
157.3029350213423 7.742882793662061
154.21309292474692 7.73567088406059
151.1982665608123 7.728403454489543
148.2563264944741 7.721080639202362
145.38520913939584 7.713702572831653
142.5829148018931 7.706269390393921
139.84750576011496 7.698781227294452
137.1771043807882 7.69123821933235
134.56989127539225 7.683640502705707
132.02410349724533 7.675988214016929
129.53803278063918 7.668281490278201
127.1100238228562 7.660520468917091
124.73847260963579 7.652705287782305
122.42182478442322 7.644836085149571
120.15857406152725 7.636912999727669
117.94726068313493 7.628936170664595
115.78646991997648 7.62090573755386
113.67483061529767 7.61282184044093
111.6110137716822 7.604684619829788
109.59373118016744 7.596494216689643
107.62173409101345 7.588250772461755
105.69381192541405 7.579954429066402
103.80879102738076 7.571605328909964
101.96553345498262 7.563203614892143
100.16293581008557 7.554749430413303
98.39992810570584 7.546242919381936
96.67547267006805 7.537684226222249
94.98856308644284 7.529073495881875
93.33822316782778 7.5204108738396975
91.7235059655295 7.511696506113805
90.14349281070375 7.502930539269548
88.59729238791236 7.494113120427723
87.08403983976122 7.485244397272864
85.60289590169279 7.476324518061649
84.15304606601633 7.467353631631414
82.73369977427276 7.458331887408784
81.34408963704537 7.449259435418405
79.98347068034359 7.440136426291783
78.65111961770438 7.430963011276231
77.34633414717442 7.421739342243916
76.06843227235419 7.412465571701013
74.81675164670611 7.40314185279695
73.5906489403476 7.3937683393337625
72.3894992285714 7.384345185775533
71.21269540135481 7.374872547257939
70.05964759314169 7.365350579597882
68.92978263219985 7.355779439303215
67.82254350887865 7.346159283582561
66.73738886211079 7.336490270355218
65.6737924835232 7.326772558261148
64.63124283854124 7.317006306671057
63.609242603890436 7.307191675696555
62.607308220919236 7.297328826200399
61.62496946418433 7.28741791980681
60.66176902476004 7.277459118911878
59.71726210774974 7.267452586694035
58.791016043496114 7.2573984871246076
57.882609912003524 7.247296984978435
56.99163418010293 7.237148245844567
56.11769035090579 7.226952436137025
55.26039062510941 7.216709723105628
54.41935757373149 7.206420274846888
53.59422382186655 7.196084260314968
52.784631743071415 7.185701849332696
51.99023316400089 7.175273212602643
51.21068907892838 7.164798521718257
50.44566937379942 7.154277949175049
49.694852559478534 7.143711668381835
48.957925513862484 7.133099853672027
48.234583232544615 7.1224426803149745
47.52452858772634 7.111740324527348
46.827472095083465 7.100992963484575
46.143131688304855 7.090200775332308
45.47123250103216 7.07936393919794
44.81150665593867 7.068482635202155
44.163693060695195 7.057557044470516
43.52753721058012 7.046587349145082
42.902790997499714 7.035573732396059
42.28921252519321 7.02451637843348
41.686565930405756 7.013415472518911
41.09462120982013 7.002271200977179
40.51315405254566 6.991083751208123
39.9419456779706 6.979853311698363
39.380782678791014 6.968580072033091
38.82945686903609 6.957264222907864
38.28776513691676 6.945905956140424
37.755509302330374 6.934505464682514
37.23249597886068 6.923062942631709
36.71853644011823 6.911578585243246
36.21344649027165 6.900052588941858
35.71704633862622 6.888485151333604
35.22916047811104 6.876876471217701
34.74961756754133 6.8652267485983405
34.27825031752709 6.853536184696505
33.81489537990444 6.841804981961762
33.35939324056982 6.830033344084053
32.91158811560229 6.818221476005456
32.47132785056271 6.806369583931935
32.038463822863044 6.79447787534506
31.612850847102727 6.782546559013705
31.194347083272632 6.770575845005708
30.782813947730986 6.758565944699515
30.37811602685889 6.746517070795767
29.980120993306443 6.73442943732887
29.588699524743582 6.722303259678502
29.203725225033015 6.710138754581097
28.825074547745363 6.697936140141263
28.45262672193951 6.68569563584316
28.086263680134053 6.673417462561816
27.725869988398255 6.661101842574394
27.37133277849325 6.6487489995713895
27.02254168199718 6.636359158667771
26.679388766349717 6.623932546414046
26.341768472754147 6.6114693908072635
26.009577555877083 6.5989699213019355
25.682715025288044 6.5864343688208855
25.361082088583252 6.573862965766013
25.0445820961398 6.561255946028975
24.73312048744827 6.548613545001777
24.42660473897369 6.535935999587273
24.124944313496428 6.523223548209573
23.82805061088636 6.510476430824344
23.535836920265147 6.497694888929016
23.248218373512994 6.484879165572877
22.965111900078004 6.472029505367057
22.686436183047302 6.4591461544944
22.41211161644077 6.446229360719219
22.142060263689505 6.433279373396923
21.876205817262242 6.420296443483527
21.614473559404505 6.407280823545023
21.356790323956186 6.3942327677666295
21.1030844592145 6.381152531961885
20.853285791810453 6.3680403735816205
20.60732559156784 6.35489655172277
20.365136537315035 6.34172132713704
20.12665268362066 6.3285149622394234
19.891809428425237 6.315277721116553
19.66054348154194 6.302009869534893
19.432792834000228 6.288711674948767
19.20849672820725 6.275383406508213
18.987595628902636 6.262025335066661
18.770031194882964 6.248637733188438
18.555746251473256 6.2352208751560845
18.34468476372325 6.221775036977479
18.13679181030721 6.2083004963927815
17.932013558106572 6.19479753288117
17.730297237455407 6.181266427667378
17.53159111802934 6.167707463728031
17.335844485359242 6.15412092579777
17.143007617951525 6.140507100375154
16.953031764997448 6.126866275728356
16.765869124654543 6.113198741900625
16.581472822883608 6.099504790715524
16.39979689282539 6.085784715781934
16.22079625470152 6.072038812498819
16.04442669622473 6.058267378059757
15.870644853503933 6.044470711457208
15.699408192430093 6.030649113486551
15.530674990529366 6.016802886749848
15.36440431927028 6.002932335659353
15.200556026812274 5.989037766440762
15.039090721183225 5.975119487136183
14.87996975387398 5.961177807606835
14.723155203838287 5.947213039535469
14.568609861886937 5.933225496428505
14.41629721546514 5.919215493617875
14.26618143380263 5.905183348262579
14.118227353426231 5.891129379349937
13.97240046402497 5.87705390769654
13.82866689465806 5.862957255948896
13.686993400296519 5.848839748583754
13.547347348689227 5.834701711908124
13.409696707544771 5.820543474058963
13.274010032020463 5.8063653650025415
13.140256452510334 5.792167716533473
13.008405662724021 5.777950862273411
12.87842790804884 5.763715137669406
12.750293974187432 5.749460879991914
12.623975176063695 5.735188428332454
12.499443346989883 5.720898123600914
12.376670828087974 5.706590308522497
12.255630457958613 5.6922653276342965
12.13629556259111 5.677923527281517
12.018639945508237 5.663565255613307
11.90263787813961 5.649190862578222
11.788264090417808 5.634800699919305
11.675493761591365 5.620395121168779
11.564302511249084 5.605974481642349
11.454666390550205 5.591539138433108
11.346561873655135 5.577089450405046
11.239965849351593 5.5626257781861534
11.134855612871204 5.548148484161117
11.031208857891675 5.533657932463601
10.929003668719828 5.519154488968119
10.828218512650949 5.504638521281476
10.728832232499961 5.490110398733796
10.630824039300144 5.475570492369114
10.534173505165159 5.461019174935539
10.438860556310313 5.4464568208749835
10.344865466229104 5.431883806312448
10.252168849021174 5.417300509044867
10.160751652867924 5.402707308529506
10.07059515365214 5.388104585871912
9.981680948718104 5.373492723813404
9.893990950768716 5.35887210671811
9.807507381896302 5.344243120559548
9.722212767743816 5.329606152906737
9.638089931793314 5.314961592909847
9.555121989778556 5.300309831285375
9.473292344218798 5.285651260300855
9.392584679070806 5.270986273759087
9.312982954496295 5.256315266981894
9.23447140174199 5.241638636793396
9.157034518129672 5.226956781502804
9.080657062153549 5.2122701008867285
9.00532404868244 5.197578996171002
8.931020744264282 5.1828838700120095
8.857732662530552 5.168185126477538
8.785445559698266 5.153483171027124
8.714145430167276 5.138778410491909
8.64381850221063 5.124071253054008
8.57445123375584 5.10936210822537
8.506030308254967 5.0946513868261505
8.438542630641454 5.07993950096258
8.37197532337171 5.065226864004336
8.306315722549547 5.050513890561409
8.241551374131486 5.0358009964604795
8.177670030211232 5.021088598720781
8.114659645381348 5.006377115529471
8.052508373170557 4.991666966216497
7.991204562554841 4.9769585712289635
7.93073675454074 4.962252352104992
7.871093678819241 4.9475487314470925
7.812264250488649 4.932848132895025
7.754237566844944 4.918150981098167
7.697002904238117 4.903457701687386
7.640549714993027 4.888768721246407
7.5848676243933815 4.874084467282699
7.52994642772744 4.859405368197852
7.475776087394122 4.844731853257483
7.422346730068164 4.8300643525606315
7.369648643923124 4.815403297008686
7.3176722759109065 4.800749118273818
7.26640822909667 4.786102248766935
7.21584726004788 4.771463121605156
7.16598027627639 4.756832170578817
7.116798333732428 4.7422098301179965
7.068292634349368 4.727596535258578
7.020454523638269 4.712992721607847
6.9732754883310815 4.6983988253096305
6.926747154071582 4.683815283008976
6.880861283152978 4.669242531816386
6.83560977230128 4.6546810092716
6.790984650503468 4.640131153306937
6.746978076879554 4.625593402210209
6.70358233859765 4.611068194587195
6.660789848831172 4.596555969323693
6.618593144757323 4.582057165547159
6.576984885596064 4.567572222587929
6.535957850688725 4.553101579940033
6.495504937615506 4.53864567722162
6.455619160351096 4.524204954134981
6.41629364745766 4.5097798504261934
6.377521640314466 4.495370805844389
6.339296491383465 4.480978260100649
6.3016116625101075 4.466602652826541
6.264460723258754 4.4522444235323055
6.227837349281993 4.437904011564692
6.191735320723253 4.423581856064469
6.156148520652086 4.4092783959235975
6.1210709335315 4.394994069742097
6.086496643716753 4.3807293157846
6.052419833985065 4.366484571936607
6.018834784095631 4.35226027566046
5.985735869379448 4.338056863951032
5.953117559358372 4.32387477329116
5.92097441639293 4.309714439606808
5.889301094358349 4.295576298222002
5.858092337348332 4.281460783813516
5.827342978406081 4.2673683303653505
5.797047938282144 4.253299371122986
5.767202224218548 4.239254338547454
5.7378009287588885 4.225233664269209
5.70883922858384 4.211237779041836
5.680312383371737 4.1972671126955925
5.652215734683782 4.183322094090801
5.624544704873508 4.169403151071115
5.597294796020088 4.15551071041665
5.570461588885123 4.141645197797023
5.544040741892565 4.127807037724279
5.518027990131374 4.113996653505752
5.492419144380614 4.100214467196853
5.4672100901566125 4.0864608995538045
5.442396786781884 4.07273636998634
5.417975266475491 4.0590412965103795
5.39394163346453 4.045376095700693
5.3702920631164535 4.031741182643575
5.3470228010919385 4.018136970889539
5.324130162518008 4.004563872406045
5.301610531181151 3.9910222975302845
5.279460358740158 3.977512654922027
5.257676163958437 3.9640353515165545
5.236254531955549 3.9505907924776897
5.215192113477716 3.9371793811509432
5.194485624187096 3.923801519016788
5.174131843969572 3.91045760564408
5.1541276162608565 3.8971480386436426
5.134469847390696 3.8838732136220298
5.115155505944973 3.870633524135482
5.096181622145521 3.8574293616440936
5.077545287247444 3.84426111546621
5.0592436529537865 3.8311291727330645
5.041273930847357 3.818033918343679
5.023633391839561 3.804975734920038
5.00631936563606 3.7919550027625575
4.989329240219133 3.7789720998058627
4.972660461346558 3.766027401574892
4.956310532066913 3.7531212811413406
4.940277012251139 3.740254109080467
4.924557518140232 3.7274262534282694
4.909149721908981 3.714638079639057
4.8940513512455945 3.7018899505434275
4.879260188947134 3.6891822263066665
4.864774072530656 3.6765152643875885
4.850590893859945 3.6638894194978326
4.836708598787776 3.65130504356163
4.823125186813608 3.638762485676058
4.809838710756638 3.6262620920717965
4.796847276444137 3.6138042060744047
4.7841490424150335 3.601389168066129
4.771742219638627 3.5890173154482623
4.759625071248462 3.5766889826040638
4.747795912291241 3.564404500862262
4.736253109490785 3.552164198461148
4.72499508102698 3.5399684005132763
4.714020296329714 3.5278174289707915
4.703327275887746 3.515711602591388
4.692914591072519 3.50365123690492
4.682780863976896 3.491636644180678
4.6729247672688246 3.479668133395338
4.663345024059925 3.4677460102016058
4.654040407789012 3.4558705768975604
4.645009742120577 3.444042132396715
4.636251900858235 3.4322609721988044
4.627765807873183 3.4205273883613145
4.619550437047693 3.4088416694717605
4.611604812233679 3.39720410062073
4.603928007226392 3.3856149633756982
4.596519145753298 3.3740745357556303
4.589377401478191 3.362583092206374
4.582501998020606 3.351140903576863
4.5758922089906315 3.33974823709613
4.56954735803915 3.328405356351146
4.563466818923653 3.317112521265492
4.557650015589682 3.305869988078871
4.552096422267997 3.294678009327472
4.546805563587615 3.2835368338251865
4.541777014704785 3.272446706645696
4.537010401448059 3.261407869105426
4.532505400479557 3.2504205587473787
4.528261739472584 3.239485009325853
4.524279197305732 3.2286014507920524
4.520557604273606 3.217770109280587
4.51709684231435 3.2069912070968787
4.513896845254124 3.1962649627054684
4.510957599068701 3.185591590719235
4.5082791421623805 3.174971301889522
4.505861565664381 3.164404303097185
4.503705013742922 3.1538907973445522
4.501809683937194 3.14343098374831
4.50017582750742 3.133025057533306
4.498803749803237 3.12267321002728
4.4976938106506035 3.1123756286565154
4.496846424757493 3.10213249694242
4.496262062138584 3.091943994499028
4.495941248559226 3.0818102970314265
4.495884565998913 3.0717315763351083
4.496092653134532 3.0617080002962447
4.49656620584369 3.05173973289288
4.497305977728354 3.041826934197043
4.498312780659117 3.0319697603777755
4.4995874853404025 3.0221683637050707
4.50113102189688 3.0124228925547234
4.502944380481419 3.002733491414084
4.505028611904909 2.9931003008887127
4.507384828288264 2.983523457709927
4.510014203736946 2.9740030947432454
4.512917975038364 2.9645393409977085
4.516097442382481 2.9551323216360843
4.51955397010601 2.9457821579859425
4.523288987460537 2.936488967551594
4.527303989404966 2.9272528640268902
4.531600537422663 2.9180739573088683
4.536180260363668 2.9089523535122424
4.541044855312387 2.8998881549847253
4.546196088481139 2.890881460323177
4.551635796129996 2.881932364390567
4.557365885513283 2.8730409583337404
4.563388335853176 2.864207329601985
4.569705199340819 2.8554315619663795
4.576318602165349 2.8467137355399164
4.5832307455713 2.8380539267983926
4.590443906944763 2.8294522086020497
4.597960440928769 2.8209086502179543
4.605782780568285 2.812423317343112
4.6139134384853016 2.803996272128295
4.6223550080843765 2.7956275732025744
4.631110164789116 2.787317275698546
4.640181667309977 2.779065431278237
4.64957235894383 2.7708720881596722
4.659285168905679 2.7627372911441013
4.669323113692952 2.754661081643858
4.6796892984827565 2.746643497710847
4.690386918562478 2.7386845740656423
4.701419260794108 2.7307843421271816
4.712789705112649 2.722942830043043
4.7245017260589375 2.7151600627202876
4.736558894347225 2.707436061856858
4.7489648784677945 2.6997708459735117
4.76172344632492 2.6921644304462804
4.774838466910398 2.684616827539432
4.788313912012899 2.6771280464389307
4.802153857963288 2.6696980932863683
4.816362487416127 2.662326971213361
4.8309440911674155 2.655014680376389
4.84590307000868 2.6477612179920684
4.861243936617406 2.6405665783728343
4.876971317483806 2.633430752963024
4.893089954873797 2.6263537303753437
4.9096047088280645 2.6193354964276994
4.926520559196993 2.6123760341803792
4.943842607711113 2.6054753239735717
4.96157608008674 2.5986333434652007
4.979726328166309 2.5918500676690654
4.998298832092817 2.5851254689932666
5.01729920251774 2.578459517278901
5.036733182841592 2.5718521798390177
5.056606651486246 2.565303421497806
5.076925624197947 2.558813204630014
5.097696256379867 2.55238148920057
5.118924845452797 2.546008232804399
5.140617833242534 2.5396933907064176
5.162781808392205 2.533436915881687
5.185423508797691 2.5272387590557144
5.208549824064053 2.521098868744886
5.232167797980602 2.515017191297014
5.256284631012112 2.508993670931987
5.280907682803313 2.503028249782506
5.3060444746936035 2.4971208679348895
5.331702692238554 2.491271463469941
5.35789018773455 2.485479972503853
5.384614982742456 2.479746329229146
5.4118852706059375 2.4740704659556156
5.439709418959616 2.468452313151285
5.4680959722218105 2.4628917994833417
5.497053654066246 2.4573888518590503
5.526591369866517 2.451943395466622
5.556718209106701 2.4465553538160347
5.5874434477508785 2.4412246487797837
5.618776550563797 2.435951200633558
5.650727173374257 2.4307349280968213
5.683305165272184 2.425575748373294
5.716520570729562 2.420473577191314
5.750383631634779 2.415428328844079
5.7849047892290075 2.4104399162297403
5.820094685932478 2.4055082508913537
5.855964167047578 2.4006332430566664
5.89252428232475 2.395814801677732
5.929786287376111 2.3910528344703423
5.967761644920702 2.3863472479532666
6.006462025844063 2.3816979474872877
6.045899310053633 2.3771048373140236
6.086085587110202 2.3725678205945275
6.127033156614248 2.3680867994476538
6.1687545283245555 2.3636616749881845
6.211262421984976 2.3592923473647036
6.254569766833593 2.354978715797212
6.2986897007668095 2.3507206786144765
6.343635569129096 2.3465181332911005
6.389420923097229 2.3423709764843132
6.436059517625845 2.338279104070467
6.483565308919013 2.3342424111812328
6.531952451390321 2.330260792239495
6.581235294071636 2.3263341409949283
6.631428376428232 2.3224623505592574
6.682546423535431 2.3186453134411904
6.734604340569209 2.3148829215810194
6.787617206560392 2.311175066384882
6.841600267359136 2.307521638758682
6.896568927753325 2.303922529141656
6.952538742681324 2.30037762753959
7.009525407476206 2.2968868235576747
7.067544747075116 2.2934500064329932
7.126612704123902 2.2900670650666464
7.186745325903429 2.2867378880554994
7.247958750000179 2.2834623637235545
7.310269188639893 2.2802403801529403
7.37369291159895 2.2770718252145192
7.43824622760407 2.2739565865981044
7.503945464126849 2.2708945518422876
7.570806945475288 2.2678856083638705
7.638846969080281 2.264929643486903
7.708081779870708 2.262026544471317
7.778527542626489 2.2591761985411645
7.850200312194676 2.2563784929124466
7.923116001449531 2.2536333148205405
7.997290346873343 2.2509405515472167
8.072738871630893 2.2483000904472483
8.149476846006696 2.2457118189746104
8.2275192450706 2.2431756247082664
8.306880703434201 2.240691395377544
8.387575466957717 2.238259018887096
8.46961734126454 2.2358783833414484
8.553019636918988 2.233549377069133
8.63779511112148 2.2312718886464067
8.723955905775057 2.229045806920555
8.811513481777418 2.2268710210327805
8.900478549394165 2.224747420440677
8.990860994571365 2.222674894940291
9.082669801049299 2.2206533346877637
9.175912968144415 2.2186826302205684
9.270597424073207 2.216762672478328
9.366728934700312 2.214893352823222
9.46431200760335 2.213074563059988
9.563349791359881 2.211306195455507
9.663843969976488 2.2095881427579824
9.765794652397824 2.2079202982157167
9.869200257053496 2.2063025555954745
9.974057391424301 2.2047348092004495
10.080360726635869 2.2032169538878232
10.18810286711799 2.2017488850859275
10.297274215402048 2.2003304988110064
10.407862832166845 2.1989616916835826
10.519854291685546 2.1976423609444287
10.633231532873156 2.1963724044701456
10.747974706185483 2.1951517207883535
10.864061016676807 2.193980209092493
10.98146456358481 2.192857769256241
11.100156176877745 2.1917843018475454
11.22010325127041 2.190759708142278
11.34126957829222 2.1897838901375115
11.463615177072423 2.188856750564419
11.587096124594277 2.187978192900805
11.711664386261306 2.187148121383264
11.837267647714462 2.1863664410189747
11.96384914893842 2.1856330575971294
12.091347521797976 2.1849478777000035
12.219696632250567 2.1843108087136676
12.348825428587578 2.1837217588383435
12.478657797164162 2.1831806370984115
12.609112427183499 2.1826873533520676
12.740102686205365 2.182241818300636
12.871536508148873 2.1818439434975394
13.003316295653379 2.181493641356931
13.135338838748002 2.1811908251619903
13.267495251856511 2.180935409072888
13.399670931228139 2.1807273081344207
13.531745534933906 2.180566438283321
13.663592987599145 2.1804527163552434
13.795081512053777 2.1803860600914335
13.926073690069355 2.1803663881450817
14.056426554313306 2.180393620087361
14.185991713583462 2.1804676764131607
14.314615513286762 2.180588478546511
14.442139232993457 2.180755948845708
14.568399322728734 2.1809700106081356
14.693227679457037 2.1812305880747993
14.816451964968087 2.1815376064345604
14.937895966087439 2.181890991828085
15.057379997808361 2.1822906713515087
15.174721349576062 2.182736573059816
15.28973477455193 2.183228625969944
15.4022330212463 2.1837667600636106
15.512027406437284 2.184350906289867
15.618928427794186 2.1849809965673863
15.722746414102987 2.185656963786484
15.823292210454428 2.186378741810877
15.920377895209638 2.1871462654791824
16.01381752501304 2.187959470606163
16.10342790358566 2.1888182939837186
16.189029369514657 2.1897226733816284
16.270446597766334 2.1906725475480466
16.347509409201507 2.1916678562097576
16.42005358197353 2.192708540072187
16.487921658351805 2.1937945408191806
16.55096374024604 2.194925801112546
16.609038266518915 2.1961022645913655
16.662012765074095 2.1973238758710805
16.709764572699868 2.1985905805423522
16.75218151574064 2.1999023251696994
16.789162544862045 2.2012590572899184
16.820618317471784 2.2026607254102877
16.84647172175562 2.2041072790065566
16.866658336783498 2.205598668520728
16.881126823728117 2.2071348453586306
16.889839243909773 2.2087157618872886
16.892771300127045 2.210341371432087
16.889912498540586 2.21201162827374
16.88126622923414 2.2137264876450637
16.866849764467418 2.2154859057275513
16.846694174544815 2.2172898396477603
16.820844162135476 2.21913824747351
16.789357816777883 2.221031088209893
16.752306292170424 2.222968321795103
16.70977340967258 2.22494990909608
16.66185519220618 2.22697581190398
16.608659333439583 2.2290459929294664
16.550304607749272 2.231160415797826
16.486920226974384 2.2333190450439155
16.418645150403368 2.2355218461069386
16.345627354754576 2.2377687853250547
16.268023071131175 2.2400598299298227
16.18599599604668 2.242394948040484
16.099716483631987 2.2447741086580817
16.009360726053114 2.247197281659425
15.915109928996436 2.2496644377908943
15.81714948882318 2.252175548662093
15.715668177665558 2.2547305867393463
15.610857342343328 2.257329525339052
15.50291012253205 2.2599723386208788
15.392020693123415 2.262659001580821
15.278383535194806 2.265389490044108
15.162192739460046 2.26816378065797
15.043641345516603 2.270981850884265
14.922920719645443 2.273843678991962
14.800219973367653 2.27674924404949
14.675725424424147 2.279698525916953
14.549620101328621 2.282691505238204
14.422083292155099 2.285728163432794
14.293290137764602 2.288808482687786
14.163411269254686 2.291932445949439
14.03261248903341 2.2951000369147656
13.901054494577448 2.2983112400229646
13.768892643633558 2.301566040446725
13.636276759363573 2.3048644240834095
13.503350973714529 2.308206377546117
13.370253607116897 2.3115918881546182
13.23711708247259 2.3150209439261813
13.104067871288994 2.3184935335662713
12.971226469742955 2.322009646459138
12.838707402416487 2.3255692726582864
12.706619251431768 2.3291724028768326
12.575064708722973 2.3328190284777492
12.444140649214445 2.336509141463997
12.313938222725195 2.340242734468545
12.184542962486375 2.344019800744286
12.056034908237994 2.347840334153837
11.928488741961772 2.3517043291592405
11.801973934405767 2.3556117808115515
11.676554900661543 2.3595626847403253
11.552291163163906 2.3635570371429995
11.429237520594995 2.367594834774173
11.307444221287279 2.3716760749347823
11.186957139832192 2.375800755461179
11.067817955711941 2.3799688747141037
10.950064332880078 2.384180431567566
10.833730099321148 2.38843542539762
10.718845425720488 2.3927338560710476
10.605437002471314 2.3970757239339426
10.493528214337493 2.401461029800201
10.383139312176262 2.405889774939913
10.274287581205856 2.4103619610676668
10.166987505378028 2.414877590330754
10.061250927485121 2.419436665297286
9.957087204695469 2.4240391889442146
9.854503359269927 2.4286851646452683
9.75350422426592 2.4333745961587927
9.654092584084223 2.4381074876155036
9.556269309757695 2.4428838435061526
9.460033488920619 2.447703668669103
9.36538255043257 2.452566968277819
9.272312383661886 2.457473747828268
9.18081745246133 2.4624240131262396
9.09089090389243 2.467417770274575
9.00252467177585 2.472455025660315
8.915709575162802 2.4775357859417624
8.830435411837668 2.4826600580354636
8.746691046974593 2.487827849103103
8.664464497081054 2.493039166538321
8.5837430093698 2.498294017953445
8.504513136706992 2.5035924111661445
8.426760808289128 2.5089343541860014
8.350471396204833 2.5143198552010046
8.275629778039484 2.5197489225639633
8.202220395681683 2.525221564778842
8.13022731049045 2.5307377904870187
8.059634254981072 2.5362976084534634
7.990424681185782 2.5419010275528433
7.922581805843202 2.5475480567555495
7.856088652567445 2.5532387051136483
7.790928091144529 2.5589729817467575
7.727082874099989 2.5647508958278493
7.6645356706775205 2.570572456568978
7.603269098364251 2.576437673206935
7.543265752093776 2.5823465549888316
7.48450823125347 2.5882991111576077
7.426979164617975 2.594295350937472
7.370661233325997 2.600335283519268
7.315537192012829 2.606418918045771
7.26158988820626 2.6125462635969163
7.208802280088936 2.6187173291749564
7.1571574527254915 2.6249321236895495
7.106638632848345 2.631190655942782
7.057229202291543 2.637492934614121
7.008912710157722 2.6438389682453023
6.961672883799007 2.6502287652251493
6.915493638688644 2.6566623337743294
6.870359087256097 2.6631396819300437
6.826253546754611 2.6696608175306515
6.7831615462264825 2.676225748200234
6.741067832627773 2.682834481333091
6.699957376170785 2.6894870240781796
6.659815374939347 2.696183383323488
6.620627258828839 2.702923565680349
6.582378692859898 2.7097075774676935
6.545055579911915 2.7165354246962448
6.508644062919659 2.7234071130526525
6.473130526573873 2.7303226478835714
6.43850159856412 2.7372820341796786
6.4047441503999085 2.7442852765596375
6.371845297843863 2.7513323792540043
6.33979240098859 2.7584233460890792
6.30857306400695 2.7655581804707046
6.278175134603512 2.7727368853680083
6.2485867031931885 2.7799594632970956
6.219796101831388 2.787225916304688
6.191791902918409 2.794536245951712
6.16456291769929 2.8018904532968367
6.138098194578938 2.8092885388799647
6.112387017271003 2.816730502705671
6.0874189027976815 2.824216344226598
6.063183599356538 2.8317460623268023
6.039671084069187 2.8393196553050557
6.0168715606257575 2.846937120858103
5.9947754568379805 2.8545984560638766
5.973373422112875 2.862303657364666
5.952656324858112 2.870052720550249
5.932615249829334 2.8778456407409814
5.913241495428924 2.885682412370846
5.894526570965032 2.8935630291704673
5.876462193878985 2.901487484150084
5.859040286948544 2.9094557695824896
5.842252975473947 2.917467876985938
5.826092584453085 2.9255237971070116
5.810551635751655 2.9336235199034637
5.795622845273636 2.941767034527023
5.781299120137039 2.949954329306174
5.767573555859412 2.958185391728904
5.754439433557176 2.9664602084254272
5.741890217162602 2.9747787651508797
5.729919550661788 2.9831410467679915
5.718521255356715 2.9915470372297355
5.707689327154242 2.999996719561953
5.6974179338844735 3.008490075845961
5.68770141265086 3.0170270872011398
5.678534267213996 3.0256077337675022
5.66991116541097 3.034231994688249
5.661826936611867 3.0428998480923073
5.654276569214839 3.0516112710768595
5.647255208181014 3.0603662396898565
5.64075815261031 3.069164728912527
5.6347808533591195 3.0780067126418724
5.629318910700635 3.0868921636731614
5.624368072028532 3.095821053682416
5.619924229604523 3.1047933532088954
5.615983418350282 3.1138090316375817
5.612541813684039 3.1228680571816607
5.6095957294021535 3.13197039686501
5.607141615605839 3.141116016504689
5.605176056673076 3.1503048806934357
5.603695769275859 3.159536952782172
5.602697600442641 3.1688121948625168
5.60217852566595 3.178130567749314
5.602135647055007 3.187492030963173
5.602566191533164 3.196896542713023
5.6034675090799375 3.2063440598786888
5.604837071017359 3.215834537993484
5.606672468340316 3.2253679312268284
5.608971410090609 3.2349441923668865
5.611731721774265 3.244563272803234
5.614951343821814 3.254225122509555
5.618628330091062 3.2639296900263646
5.6227608464119365 3.2736769224437703
5.627347169172969 3.283466765384264
5.632385683948954 3.2932991629855537
5.63787488416931 3.3031740578834343
5.643813369826669 3.313091391194701
5.6501998462251715 3.3230511025001075
5.657033122768028 3.33305312982737
5.664312111783789 3.3430974096342205
5.672035827390868 3.3531838767915145
5.68020338439976 3.36331246456639
5.688813997252502 3.3734831046054836
5.697866978998834 3.383695726918209
5.707361740308567 3.3939502598600937
5.717297788519647 3.4042466301161824
5.72767472672143 3.414584762684508
5.738492252872659 3.4249645808596307
5.7497501589536535 3.435386006216251
5.761448330152234 3.4458489585928973
5.773586744082891 3.4563533560756925
5.786165470038725 3.4668991149822
5.7991846682757 3.4774861498453546
5.812644589328739 3.4881143733974795
5.826545573359218 3.4987836965543915
5.84088804953341 3.5094940283995997
5.855672535431437 3.5202452761685983
5.870899636486312 3.531037345233258
5.886570045452652 3.5418701390863188
5.902684541904636 3.552743559325984
5.919243991762841 3.5636575056406254
5.936249346849517 3.574611875793594
5.9537016444719635 3.5856065656081464
5.971602007033599 3.596641468952486
5.989951641672394 3.6077164777249253
6.008751839926288 3.618831481839166
6.028003977425251 3.6299863692097096
6.047709513609672 3.641181025737392
6.067869991474728 3.6524153352950544
6.088487037340434 3.663689179713343
6.109562360647067 3.6750024387666533
6.131097753775663 3.68635499015921
6.153095091893311 3.6977467095112946
6.17555633282296 3.7091774703456206
6.198483516937481 3.7206471440738587
6.221878767077725 3.732155599983316
6.2457442884943335 3.7437027052237744
6.270082368813055 3.755288324794489
6.294895378023365 3.7669123215313496
6.320185768490133 3.778574556094213
6.345956074988185 3.790274886954403
6.372208914759495 3.802013170382386
6.398946987592876 3.813789260435626
6.426173075925966 3.825603008946616
6.453890044969331 3.8374542655111017
6.482100842852542 3.8493428774764844
6.510808500792065 3.861268689930422
6.540016133280824 3.873231545689621
6.569726938299291 3.885231285288829
6.599944197548016 3.8972677469700265
6.630671276701431 3.9093407666718267
6.661911625682856 3.9214501780190814
6.693668778960604 3.9335958123126997
6.725946355865089 3.9457774985196834
6.758748060926865 3.9579950632633794
6.79207768423551 3.970248330813955
6.8259391018193165 3.9825371230791005
6.8603362760457225 3.994861259594959
6.89527325604242 4.0072205575172894
6.930754178139149 4.019614831612867
6.966783266330103 4.032043894251123
7.003364832756957 4.044507555396023
7.040503278212496 4.057005622598201
7.078203092664848 4.069537900987333
7.116468855802315 4.0821041932647715
7.155305237598846 4.094704299696432
7.19471699890014 4.107338018105944
7.234708992030437 4.120005143868056
7.2752861614200315 4.132705469902323
7.31645354425357 4.1454387866670475
7.358216271139151 4.158204882153505
7.400579566798349 4.171003541880442
7.443548750777219 4.18383454888885
7.487129238178327 4.1966976837370344
7.531326540413977 4.209592724495958
7.57614626598065 4.222519446744879
7.6215941212548675 4.235477623567282
7.6676759113104795 4.248467025547105
7.714397540757631 4.261487420765264
7.761765014603441 4.274538574796484
7.8097844391346225 4.287620250706428
7.858462022822134 4.3007322090491416
7.9078040772480875 4.313874207864807
7.957817018055048 4.327046002677809
8.008507365917925 4.34024734649512
8.059881747538657 4.3534779898050076
8.111946896663886 4.366737680576059
8.164709655125838 4.380026164256541
8.218176973906639 4.393343183774078
8.2723559142263 4.406688479535673
8.327253648654596 4.420061789428051
8.38287746224716 4.4334628488183485
8.43923475370596 4.446891390555138
8.496333036564534 4.4603471449697984
8.554179940398198 4.473829839878224
8.61278321205956 4.4873392005828885
8.672150716939672 4.500874949875251
8.732290440255092 4.514436808038521
8.793210488361202 4.528024492850772
8.854919090092197 4.5416377195884134
8.917424598127978 4.555276201030025
8.980735490388447 4.568939647460546
9.044860371455488 4.5826277666758335
9.109807974023102 4.59634026398758
9.175587160376049 4.610076842228603
9.24220692389746 4.6238372017585
9.309676390605832 4.6376210404696785
9.378004820721868 4.651428053793754
9.447201610265608 4.665257934708324
9.517276292684379 4.679110373744121
9.58823854051197 4.692985058992536
9.66009816705963 4.7068816761135315
9.732865128139355 4.720799908343922
9.80654952382004 4.734739436506049
9.881161600217022 4.748699939016831
9.956711751315602 4.762681091897199
10.033210520829138 4.776682568781922
10.110668604092316 4.790704040929813
10.189096849990188 4.804745177234326
10.268506262923703 4.81880564423454
10.348908004812287 4.832885106126531
10.430313397134245 4.84698322477514
10.51273392300561 4.861099659726122
10.596181229298214 4.8752340682186945
10.680667128797696 4.889386105198471
10.766203602402209 4.903555423330793
10.852802801362607 4.917741673014446
10.94047704956493 4.931944502395775
11.029238845855984 4.94616355738319
11.11910086641292 4.960398481662061
11.210075967157605 4.974648916710011
11.302177186216786 4.988914501812597
11.395417746428858 5.003194874079384
11.489811057898278 5.017489668460408
11.58537072059854 5.031798517763038
11.68211052702475 5.046121052669218
11.780044464896806 5.060456901753105
11.879186719914248 5.074805691499098
11.979551678563872 5.089167046320248
12.081153930981204 5.10354058857706
12.184008273867022 5.11792593859668
12.288129713460046 5.132322714692471
12.39353346856707 5.146730533183963
12.50023497365171 5.161149008417194
12.608249881983136 5.17557775278543
12.717594068846001 5.190016376750261
12.828283634813 5.204464488863076
12.94033490908139 5.218921695786915
13.053764452874917 5.233387602318696
13.168589062912625 5.247861811411807
13.28482577494602 5.262343924199079
13.402491867366146 5.27683354001611
13.521604864882184 5.291330256424972
13.642182542273156 5.305833669238271
13.76424292821444 5.3203433725435625
13.887804309180812 5.334858958728138
14.012885233427784 5.349380018504153
14.139504515053035 5.3639061409341116
14.267681238139824 5.378436913456705
14.397434760984291 5.392971921912985
14.528784720408602 5.407510750572891
14.661751036161997 5.422052982162105
14.796353915411782 5.436598197889254
14.932613857326425 5.451145977473435
15.070551657752926 5.465695899172071
15.210188413990762 5.480247539809098
15.35154552966468 5.494800474803463
15.494644719698721 5.509354278197945
15.639508015393988 5.52390852268829
15.786157769612563 5.538462779652648
15.934616662070264 5.553016619181326
16.084907704740843 5.567569610106826
16.237054247374367 5.582121320034193
16.39107998313258 5.596671315371642
16.547008954344175 5.6112191613614835
16.704865558382878 5.625764422111319
16.864674553671442 5.640306660625522
17.026461065814654 5.6548454388369835
17.190250593864622 5.669380317639131
17.356069016721598 5.683910856918205
17.523942599673774 5.69843661558579
17.693898001079564 5.712957151611603
17.865962279195948 5.727472022056518
18.040162899156584 5.741980783105841
18.21652774010354 5.7564829901028105
18.39508510247646 5.7709781975823295
18.575863715463345 5.785465959304921
18.7588927446169 5.7999458282909
18.944201799640897 5.814417356854754
19.13182094235079 5.828880096639734
19.32178069481316 5.8433335986526345
19.514112047668654 5.857777413298774
19.708846468643056 5.872211090417161
19.906015911251576 5.8866341793158306
20.10565282370126 5.901046228807369
20.307790157996774 5.915446787244589
20.512461379254926 5.929835402556378
20.719700475233395 5.944211622283692
20.929541966079306 5.958574993615698
21.14202091430352 5.972925063426055
21.35717293498663 5.987261378309332
21.575034206222803 6.001583484617545
21.795641479807827 6.015890928496823
22.019032092177916 6.030183255924171
22.245243975606005 6.044460012744351
22.47431566966241 6.058720744706857
22.706286332947126 6.072964997502975
22.941195755100868 6.087192316802931
23.179084369102718 6.101402248293116
