0.196565 759757.9709749521
0.197565 11346.036164626412
0.198565 6950.105709596917
0.199565 5073.359679349773
0.200565 4002.855894644921
0.201565 3265.4148286116274
0.202565 2708.713825042092
0.203565 2325.2556393730906
0.204565 2004.1917608861206
0.205565 1754.9163811123221
0.206565 1555.0850757139756
0.207565 1385.678312476458
0.208565 1247.8739846655578
0.209565 1140.7297293224444
0.210565 1064.0842414856
0.211565 987.7151713176376
0.212565 945.1554560029176
0.213565 907.5913254380198
0.214565 896.8668754693246
0.215565 927.6020800885141
0.216565 1042.847662604778
0.217565 1347.1620669079803
0.218565 3757.6346320267417
0.219565 2036.2640259064374
