1e-06 3.9397921477204405e+39
0.001001 1.9403329933322542e+37
0.002001 1.7848370934908023e+35
0.003001 2.74256496267441e+33
0.004001 6.459903999062072e+31
0.005001 2.1831515275662606e+30
0.006001 1.0033306838321089e+29
0.007001 6.014544774070718e+27
0.008001000000000001 4.539712983867893e+26
0.009001000000000002 4.1933616910233296e+25
0.010001000000000003 4.628200411852464e+24
0.011001000000000004 5.982761747919097e+23
0.012001000000000005 8.90552074547534e+22
0.013001000000000006 1.5043910239740032e+22
0.014001000000000006 2.847413980535841e+21
0.015001000000000007 5.975435163151423e+20
0.01600100000000001 1.3767988213145172e+20
0.01700100000000001 3.454866814052805e+19
0.01800100000000001 9.372876670337524e+18
0.01900100000000001 2.730957522589751e+18
0.020001000000000012 8.49967114312921e+17
0.021001000000000013 2.8108842721407062e+17
0.022001000000000014 9.832828989711312e+16
0.023001000000000014 3.623294277804525e+16
0.024001000000000015 1.4008566875099072e+16
0.025001000000000016 5666446560188932.0
0.026001000000000017 2390010460271307.5
0.027001000000000018 1048485360032055.6
0.02800100000000002 477098667333304.44
0.02900100000000002 224668285964571.16
0.03000100000000002 109280985783440.58
0.03100100000000002 54779516442725.87
0.03200100000000002 28258434708805.69
0.03300100000000002 14971129651171.955
0.034001000000000024 8138849965621.719
0.035001000000000025 4530389213370.636
0.036001000000000026 2579770361380.2246
0.03700100000000003 1500907845419.7085
0.03800100000000003 891335081801.7521
0.03900100000000003 539549594715.7725
0.04000100000000003 332582833594.5954
0.04100100000000003 208669753267.30377
0.04200100000000003 133063584543.35947
0.04300100000000003 86214306867.4222
0.04400100000000003 56703042773.95367
0.045001000000000034 37819041346.531555
0.046001000000000035 25575902439.001335
0.047001000000000036 17519979046.07524
0.04800100000000004 12150459626.900246
0.04900100000000004 8526197418.653012
0.05000100000000004 6051711160.431491
0.05100100000000004 4340986527.805721
0.05200100000000004 3146985176.055551
0.05300100000000004 2303531396.8262286
0.05400100000000004 1701737259.2736382
0.05500100000000004 1269086417.042723
0.056001000000000044 954427358.8501844
0.057001000000000045 723736105.8112123
0.058001000000000046 553144771.4744002
0.059001000000000046 425935673.1289883
0.06000100000000005 330495365.7220557
0.06100100000000005 258133457.89973217
0.06200100000000005 203057678.143989
0.06300100000000004 160703642.1395484
0.06400100000000004 128015686.13481338
0.06500100000000004 102326951.79360583
0.06600100000000005 81615712.8063917
0.06700100000000005 66478739.345033854
0.06800100000000005 53412122.43400675
0.06900100000000005 44350407.42219863
0.07000100000000005 35995031.823248684
0.07100100000000005 29372720.79556671
0.07200100000000005 24995922.800863877
0.07300100000000005 20702604.604193453
0.07400100000000005 17290561.270084113
0.07500100000000005 14560212.710582243
0.07600100000000005 12365259.64831787
0.07700100000000006 10591278.48905222
0.07800100000000006 8852514.675639175
0.07900100000000006 7470129.425864947
0.08000100000000006 6569008.12115627
0.08100100000000006 5643665.0119797075
0.08200100000000006 4743259.9187485
0.08300100000000006 4150444.120382927
0.08400100000000006 3662065.3759517586
0.08500100000000006 3161855.293461749
0.08600100000000006 2754059.793666324
0.08700100000000006 2418269.746830588
0.08800100000000007 2139600.334047347
0.08900100000000007 1854071.4151811828
0.09000100000000007 1618077.783497985
0.09100100000000007 1461854.6481655291
0.09200100000000007 1291959.443315388
0.09300100000000007 1148116.0088787833
0.09400100000000007 1025012.1513732416
0.09500100000000007 894425.5717376292
0.09600100000000007 804165.8297678094
0.09700100000000007 724285.5445550216
0.09800100000000007 653047.3542185944
0.09900100000000008 588505.0541514511
0.10000100000000008 529380.8485236706
0.10100100000000008 474740.45199795906
0.10200100000000008 434427.2538815392
0.10300100000000008 394654.4498733144
0.10400100000000008 355166.3099151694
0.10500100000000008 323810.1582172169
0.10600100000000008 290843.7975609605
0.10700100000000008 269373.6819473331
0.10800100000000008 243955.3895405562
0.10900100000000008 225750.59095401104
0.11000100000000008 207148.8435315733
0.11100100000000009 187281.76626497315
0.11200100000000009 173691.4188403458
0.11300100000000009 159792.07830908766
0.11400100000000009 147667.0067770391
0.11500100000000009 135229.7939661393
0.11600100000000009 126437.44903978743
0.11700100000000009 115448.08425458294
0.11800100000000009 107430.8443642187
0.11900100000000009 98418.58118648917
0.1200010000000001 92930.66753755334
0.1210010000000001 85036.8481719932
0.1220010000000001 79329.7032252269
0.1230010000000001 73034.23415500934
0.1240010000000001 69101.06420412421
0.12500100000000008 64299.6152185926
0.12600100000000009 58774.3486189611
0.12700100000000009 54902.596992023835
0.1280010000000001 50645.09210099572
0.1290010000000001 46911.91397079251
0.1300010000000001 43710.17663029732
