1e-06 0.012554279563288086
0.001001 0.013165723523644597
0.002001 0.01380494827158989
0.003001 0.014467171603822812
0.004001 0.015143696310899181
0.005001 0.015844581778097735
0.006001 0.016564195321627218
0.007001 0.01732214793165403
0.008001000000000001 0.01808124276334844
0.009001000000000002 0.018883587478546716
0.010001000000000003 0.019686768307614587
0.011001000000000004 0.020541339159686492
0.012001000000000005 0.021406726788535425
0.013001000000000006 0.02229929284160139
0.014001000000000006 0.023218487356463577
0.015001000000000007 0.024152079834478316
0.01600100000000001 0.02512141916199042
0.01700100000000001 0.026125666905896284
0.01800100000000001 0.02714807715106335
0.01900100000000001 0.028212381056323534
0.020001000000000012 0.029277091375532863
0.021001000000000013 0.03038900992368633
0.022001000000000014 0.03152646341732728
0.023001000000000014 0.03266230764870814
0.024001000000000015 0.033860160069171696
0.025001000000000016 0.03506974287776614
0.026001000000000017 0.0362814948255419
0.027001000000000018 0.037528164240710475
0.02800100000000002 0.038791771317024944
0.02900100000000002 0.04010892900212802
0.03000100000000002 0.04138062751350651
0.03100100000000002 0.042747451011675416
0.03200100000000002 0.044046012128954606
0.03300100000000002 0.04540691971414846
0.034001000000000024 0.04676599028598231
0.035001000000000025 0.04816656090884775
0.036001000000000026 0.04953788428632522
0.03700100000000003 0.050929390450071124
0.03800100000000003 0.05233383908144681
0.03900100000000003 0.05372446286588686
0.04000100000000003 0.055078132015315515
0.04100100000000003 0.056496247809395266
0.04200100000000003 0.057851657413220035
0.04300100000000003 0.05913413018288377
0.04400100000000003 0.06043089125876079
0.045001000000000034 0.06171426541536362
0.046001000000000035 0.06298023332207688
0.047001000000000036 0.0642328638227465
0.04800100000000004 0.06543869320224162
0.04900100000000004 0.06657393513152275
0.05000100000000004 0.06778885312246836
0.05100100000000004 0.06877079240728458
0.05200100000000004 0.0698049165138944
0.05300100000000004 0.07090202218424986
0.05400100000000004 0.07168376017519597
0.05500100000000004 0.0726574906898836
0.056001000000000044 0.07328162106937329
0.057001000000000045 0.074138020769673
0.058001000000000046 0.07477070693803244
0.059001000000000046 0.07541530588074981
0.06000100000000005 0.07583161589772508
0.06100100000000005 0.07621631885488178
0.06200100000000005 0.0767518850960853
0.06300100000000004 0.0769252261073355
0.06400100000000004 0.07719552921341377
0.06500100000000004 0.07737967915432566
0.06600100000000005 0.07743638121639979
0.06700100000000005 0.07757590992907482
0.06800100000000005 0.07751966498030087
0.06900100000000005 0.07765339922114554
0.07000100000000005 0.07755232812383406
0.07100100000000005 0.0774407210142763
0.07200100000000005 0.0775990386073956
0.07300100000000005 0.07756152720394571
0.07400100000000005 0.07759057901044042
0.07500100000000005 0.07770062708738332
0.07600100000000005 0.07790680394299286
0.07700100000000006 0.07825254743705827
0.07800100000000006 0.07857637400388787
0.07900100000000006 0.07911282070969283
0.08000100000000006 0.07994532937079178
0.08100100000000006 0.08086441462620014
0.08200100000000006 0.08192171446449571
0.08300100000000006 0.08324657527869234
0.08400100000000006 0.0847221830281023
0.08500100000000006 0.08633443695746758
0.08600100000000006 0.08808430371318939
0.08700100000000006 0.08997271497930094
0.08800100000000007 0.09195652896657777
0.08900100000000007 0.09403766103281697
0.09000100000000007 0.09620188228232346
0.09100100000000007 0.0984285833194812
0.09200100000000007 0.10073451936597748
0.09300100000000007 0.1031081628065416
0.09400100000000007 0.10553747162382379
0.09500100000000007 0.10803652092936315
0.09600100000000007 0.11058203499997747
0.09700100000000007 0.11319458101341233
0.09800100000000007 0.11586737985901542
0.09900100000000008 0.11860808198861926
0.10000100000000008 0.12139402058900958
0.10100100000000008 0.12424914566048126
0.10200100000000008 0.12717839987182641
0.10300100000000008 0.13015647699150376
0.10400100000000008 0.13321345823445954
0.10500100000000008 0.13633034981687459
0.10600100000000008 0.13953143626768325
0.10700100000000008 0.14278956926625297
0.10800100000000008 0.14612681958840096
0.10900100000000008 0.14954774465279339
0.11000100000000008 0.1530366013875049
0.11100100000000009 0.15661420950265167
0.11200100000000009 0.16027280482060793
0.11300100000000009 0.16401981341975547
0.11400100000000009 0.16785187549585545
0.11500100000000009 0.17177666566244637
0.11600100000000009 0.17579530632833215
0.11700100000000009 0.17991256795891264
0.11800100000000009 0.18413000483165076
0.11900100000000009 0.18844104895074995
0.1200010000000001 0.19286269552747723
0.1210010000000001 0.19739725812149372
0.1220010000000001 0.20204735064511517
0.1230010000000001 0.20679491052150095
0.1240010000000001 0.21168218353138094
0.12500100000000008 0.21667663224272032
0.12600100000000009 0.22179485876415472
0.12700100000000009 0.22705472118834666
0.1280010000000001 0.23244093278508704
0.1290010000000001 0.23797367943752132
0.1300010000000001 0.24364256078915733
