0.196565 0.5320303974146231
0.197565 0.691887313947894
0.198565 0.8144949164271953
0.199565 0.9461224797399834
0.200565 1.0935770290983864
0.201565 1.2588271825295596
0.202565 1.4438494447002763
0.203565 1.6654417906612193
0.204565 1.9184433962881098
0.205565 2.219650779532536
0.206565 2.5798270321625845
0.207565 3.005912771898392
0.208565 3.5231586643569286
0.209565 4.172334622466948
0.210565 5.021178914554737
0.211565 6.04410642474564
0.212565 7.483470729602978
0.213565 9.364821219456484
0.214565 12.136192827880997
0.215565 16.65144736536752
0.216565 25.35626694668451
0.217565 46.40063187955224
0.218565 209.55428959080396
0.219565 161.49653260460417
