6.088921122903236 2.492221624945684
6.102892499087009 2.4988947727924717
6.116843296436576 2.5055826063003903
6.130773040768669 2.512284947370075
6.144681257812715 2.519001616741077
6.158567473242445 2.5257324340055165
6.172431212707385 2.5324772176220223
6.186272001864217 2.539235784929962
6.200089366407998 2.5460079521639565
6.213882832103233 2.552793534468672
6.227651924814778 2.5595923459138987
6.2413961705385725 2.5664041995098987
6.255115095432183 2.5732289072230303
6.26880822584515 2.58006627999164
6.282475088349119 2.5869161277422195
6.296115209767751 2.593778259405828
6.3097281172064 2.6006524829347675
6.323313338081532 2.6075386053195166
6.336870400149897 2.614436432605911
6.350398831537411 2.6213457699125717
6.363898160767762 2.628266421448571
6.377367916790712 2.6351981905313377
6.390807629010088 2.6421408796047907
6.404216827311439 2.6490942902577004
6.417595042089358 2.6560582232422716
6.430941804274449 2.6630324784929362
6.444256645359924 2.670016855145364
6.457539097427818 2.6770111515556687
6.4707886931748115 2.684015165319817
6.484004965937633 2.691028693293227
6.4971874497180435 2.6980515316105516
6.510335679207382 2.70508347570564
6.523449189810647 2.7121243203316694
6.536527517670115 2.7191738595814448
6.549570199688476 2.7262318869078483
6.562576773551458 2.7332981951444464
6.575546777749947 2.74037257652623
6.588479751601564 2.7474548227104942
6.601375235271697 2.754544724797841
6.61423276979398 2.7616420733532943
6.627051897090167 2.7687466584275304
6.639832159989432 2.775858269578201
6.652573102247038 2.7829766958913456
6.665274268562383 2.790101726002886
6.677935204596395 2.7972331481201893
6.690555456988253 2.8043707500436876
6.70313457337144 2.81151431918855
6.715672102389068 2.8186636426063894
6.72816759370851 2.8258185070069985
6.740620598035262 2.8329786987800962
6.753030667126074 2.8401440040170827
6.765397353801282 2.84731420853278
6.777720211956346 2.8544890978871535
6.78999879657258 2.8616684574069957
6.8022326637270245 2.8688520722075657
6.814421370601479 2.87603972721416
6.826564475490637 2.883231207183609
6.838661537809332 2.8904262967256833
6.850712118098846 2.89762478032439
6.862715778032288 2.9048264423591457
6.874672080418986 2.9120310671258123
6.886580589207895 2.919238438857571
6.898440869489997 2.9264483417456293
6.910252487499641 2.933660559959729
6.922015010614836 2.940874877668446
6.933728007356446 2.948091079059261
6.945391047386267 2.9553089483583768
6.957003701503975 2.962528269850263
6.968565541642885 2.9697488278969115
6.980076140864532 2.9769704069567755
6.991535073352019 2.9841927916033644
7.002941914402116 2.9914157665434833
7.014296240416072 2.9986391166350805
7.025597628889123 3.0058626269046793
7.036845658398648 3.013086082564372
7.048039908590959 3.020309269028347
7.059179960166681 3.0275319719289078
7.07026539486469 3.0347539771319774
7.081295795444587 3.0419750707520303
7.092270745667657 3.0491950391664395
7.103189830276281 3.0564136690291908
7.114052634971781 3.0636307472839395
7.1248587463906405 3.0708460611763617
7.135607752079066 3.078059398265771
7.146299240465865 3.085270546435955
7.15693280083358 3.0924792939051886
7.167508023287853 3.0996854292353833
7.178024498724963 3.106888741340325
7.1884818187975155 3.1140890194929547
7.198879575878212 3.1212860533316324
7.209217363021673 3.128479632865349
7.219494773924264 3.1356695484778117
7.229711402881869 3.142855590930361
7.239866844745569 3.1500375513636523
7.249960694875167 3.1572152212980362
7.259992549090526 3.1643883926325787
7.269962003620636 3.1715568576426483
7.279868655050381 3.1787204089759986
7.2897121002649365 3.185878839647267
7.29949193639175 3.193031943030815
7.3092077607400245 3.2001795128518262
7.318859170737671 3.2073213431755674
7.328445763865642 3.21445722839473
7.337967137589607 3.2215869632147505
7.347422889288875 3.2287103426370054
7.356812616182524 3.235827161939783
7.366135915252649 3.242937216656907
7.375392383164673 3.2500403025539084
7.384581616184634 3.257136215601613
7.393703210093381 3.2642247519470096
7.40275676009761 3.2713057078812793
7.411741860737646 3.2783788798048206
7.420658105791907 3.2854440641891327
7.42950508817797 3.292501057535394
7.438282399850134 3.299549656329562
7.4469896316934365 3.3065896569938262
7.455626373413987 3.3136208558342193
7.464192213425593 3.3206430489841963
7.4726867387325235 3.3276560323439672
7.481109534808377 3.334659601515374
7.489460185470936 3.3416535517320725
7.4977382727529145 3.3486376777847826
7.50594337676853 3.355611773941347
7.514075075575775 3.362575633861334
7.522132945034329 3.369529050504887
7.53011655865899 3.3764718160355383
7.538025487468551 3.3834037217166553
7.545859299830024 3.3903245578011916
7.553617561298117 3.3972341134143864
7.561299834449875 3.4041321764290458
7.568905678714401 3.411018533333001
7.576434650197568 3.4178929690883466
7.583886301501637 3.424755266981997
7.591260181539701 3.431605208467122
7.598555835344883 3.4384425729949535
7.605772803874212 3.445267137836462
7.612910623807111 3.452078677893348
7.619968827338448 3.4588769654977765
7.626946941966079 3.465661770200249
7.633844490272869 3.4724328585449666
7.640660989703132 3.479189993832014
7.64739595233348 3.485932935865636
7.654048884638082 3.4926614406878667
7.660619287248331 3.499375260296696
7.667106654706946 3.506074142347949
7.673510475216552 3.51275782983997
7.679830230382811 3.5194260607801837
7.686065394952183 3.5260785678325357
7.6922154365444415 3.5327150779447667
7.698279815380086 3.539335311954417
7.704257984002837 3.545938984172387
7.7101493869974185 3.5525258019428336
7.715953460702916 3.5590954651780917
7.721669632921963 3.56564766586726
7.727297322626187 3.572182087557004
7.732835939658253 3.5786984048030517
7.738284884431032 3.585196282590776
7.743643547624418 3.591675375723179
7.748911309880433 3.598135328174492
7.754087541497293 3.6045757724075167
7.759171602123285 3.610996328652741
7.764162840451313 3.6173966041471495
7.769060593915166 3.623776192330549
7.773864188388621 3.630134671997128
7.778572937888686 3.63647160639983
7.783186144284391 3.6427865423050325
7.787703097012745 3.6490790089948884
7.7921230728036175 3.655348517214551
7.796445335415538 3.6615945580614024
7.800669135384596 3.667816601813249
7.804793709788894 3.674014096692334
7.808818282031239 3.680186467561866
7.812742061643054 3.686333114551656
7.816564244112838 3.692453411609282
7.82028401074277 3.6985467049731087
7.823900528537523 3.704612311563327
7.827412950129672 3.7106495172870826
7.830820413746591 3.7166575752536133
7.834122043224185 3.7226357038952305
7.837316948073338 3.7285830849898756
7.840404223605531 3.73449886158088
7.843382951124732 3.7403821357895186
7.8462521981932625 3.746231966515874
7.8490110189801925 3.7520473670235317
7.851658454701501 3.757827302403618
7.854193534162155 3.763570686913753
7.856615274411188 3.769276381187591
7.858922681521832 3.774943189310731
7.861114751509856 3.7805698557590324
7.863190471404404 3.7861550621956033
7.865148820486897 3.791697424123106
7.866988771714847 3.7971954873884664
7.868709293348898 3.802647724537631
7.870309350802895 3.8080525310186952
7.871787908738389 3.81340822123254
7.873143933426712 3.818713024431109
7.874376395403528 3.823965080464595
7.875484272442675 3.829162435380203
7.876466552878064 3.834303036876717
7.877322239304525 3.839384729620997
7.878050352690531 3.844405250434653
7.878649936937995 3.849362223361625
7.879120063926555 3.854253154630255
7.879459839081976 3.8590754275266543
7.879668407510621 3.863826297199884
7.879744960744068 3.8685028854236183
7.879688744140137 3.8731021753437096
7.87949906498858 3.8776210062463505
7.879175301371439 3.882056068387485
7.8787169118296845 3.886403897930756
7.878123445888869 3.8906608720486457
7.877394555497332 3.894823204249609
7.876530007430612 3.898886940003015
7.87552969671525 3.9028479527435596
7.8743936611237615 3.90670194034755
7.873122096790201 3.9104444221851997
7.87171537499212 3.9140707368655905
7.870174060139657 3.9175760408045215
7.868498929005856 3.920955307759778
7.866690991223538 3.924203329493513
7.864751511063301 3.927314717737225
7.862682030493647 3.930283907651116
7.860484393508068 3.933105162986217
7.858160771684333 3.9357725831742814
7.855713690918217 3.9382801125866522
7.853146059246915 3.9406215522188104
7.850461195646293 3.9427905740714047
7.847662859650351 3.9447807385107225
7.844755281600942 3.9465855149009714
7.8417431932904 3.9481983058065264
7.838631858709382 3.9496124750634936
7.835427104557072 3.950821380015354
7.8321353501109305 3.9518184081958565
7.828763635989161 3.9525970187224435
7.825319651271439 3.9531507886336517
7.821811758373492 3.9534734643630407
7.8182490149999895 3.953559018488221
7.814641192429803 3.9534017118256366
7.810998789320165 3.9529961608580706
7.807333040154235 3.952337410381646
7.803655917403257 3.951421011141619
7.799980126433275 3.9502431020908526
7.796319092161507 3.9488004967525696
7.7926869364629585 3.9470907730000686
7.789098445348512 3.945112365383188
7.7855690249860725 3.9428646589371006
7.7821146457207195 3.940348083207771
7.778751773372546 3.9375642050256587
7.7754972872550505 3.93451581836154
7.772368384564944 3.9312070294137977
7.76938247104709 3.927643334914142
7.766557038134644 3.923831691508481
7.763909527101693 3.919780573982168
7.761457181137817 3.915500020064663
7.759216886653038 3.911001659577874
7.757205005536527 3.9062987257944117
7.755437200509513 3.9014060470533365
7.753928256116288 3.8963400169469673
7.752691898268932 3.891118541743293
7.751740615582647 3.885760964142617
7.751085485990192 3.880287962976205
7.750736012287456 3.8747214290274745
7.750699970321979 3.869084317776039
7.750983273479123 3.863400480510675
7.751589856938847 3.8576944759051304
7.752521584866814 3.851991364773632
7.75377818327056 3.846316491293714
7.755357200705067 3.8406952544752304
7.757253998368611 3.8351528740417002
7.759461770411987 3.829714155152487
7.761971594519192 3.8244032565165615
7.764772512036034 3.819243466421967
7.767851636156889 3.8142569910281594
7.771194285960934 3.809464758947456
7.774784143446881 3.80488624569013
7.778603430175157 3.8005393209853766
7.782633099708416 3.796440121342195
7.786853041758803 3.7926029495090945
7.791242293809519 3.789040201759591
7.795779255978409 3.785762323202193
7.800441905024554 3.7827777906172395
7.8052080036519875 3.780093121683967
7.810055301619305 3.7777129088998276
7.814961725598923 3.775639876026
7.819905555221648 3.7738749545276904
7.8248655832676315 3.7724173772193965
7.829821258501254 3.771264786172657
7.834752810174118 3.7704133518912357
7.839641353719961 3.7698579007968482
7.844468977623213 3.7695920481853826
7.849218811848742 3.7696083339953184
7.853875078566967 3.7698983589620836
7.858423126192329 3.770452919000006
7.862849447973732 3.7712621359433793
7.867141686534773 3.7723155830776296
7.8712886258637775 3.7736024041896012
7.875280172304057 3.775111425153655
7.879107326100379 3.7768312573404015
7.882762145024985 3.7787503923822268
7.886237701543261 3.7808572880508255
7.889528034891929 3.7831404451947486
7.892628099338156 3.7855884758489005
7.895533709772014 3.7881901627634345
7.898241485662429 3.790934510707912
7.900748794282572 3.793810789989875
7.903053693987983 3.7968085726874428
7.905154878212606 3.7999177621358466
7.907051620736239 3.8031286162306093
7.90874372267341 3.8064317651180657
7.910231461539149 3.809818223839673
7.911515542662161 3.8132794004824566
7.912597053140631 3.816807100366178
7.913477418470088 3.8203935267703284
7.914158361916211 3.824031278672517
7.914641866657414 3.8277133459357207
7.91493014068203 3.8314331023463915
7.915025584392194 3.835184296869521
7.914930760840199 3.838961043451331
7.914648368502676 3.842757809665817
7.91418121648253 3.8465694044684295
7.913532202017466 3.8503909652890824
7.912704290166668 3.8542179446675817
7.911700495542981 3.8580460966077044
7.910523865956357 3.861871462801454
7.909177467834916 3.8656903588526204
7.907664373292222 3.86949936060848
7.905987648712962 3.8732952906903044
7.904150344733939 3.877075205297196
7.902155487502577 3.8808363813434203
7.900006071101175 3.8845763039768335
7.897705051031366 3.8882926545150256
7.895255338659665 3.891983298826249
7.8926597965315555 3.895646276173993
7.889921234467964 3.8992797885370503
7.887042406364314 3.9028821904109408
7.884026007618472 3.906451979091567
7.8808746731197825 3.9099877854377696
7.877590975737006 3.913488365106055
7.874177425248283 3.9169525902479267
7.870636467661247 3.920379441658072
7.866970484876132 3.923768001359867
7.863181794649056 3.9271174456133804
7.859272650816748 3.9304270383300777
7.855245243747775 3.9336961248777538
7.851101700988748 3.9369241262588677
7.8468440880772325 3.940110533645224
7.842474409495996 3.9432549032519777
7.837994609745907 3.946356851534076
7.833406574517254 3.949416050688509
7.828712131941502 3.9524322244461314
7.823913053907475 3.9554051441372264
7.819011057427875 3.9583346250155134
7.814007806043613 3.9612205228258204
7.8089049112550235 3.964062730601227
7.8037039339703185 3.9668611756760797
7.798406385962889 3.9696158169018863
7.793013731330158 3.9723266420536856
7.787527387947659 3.974993665415129
7.781948728912884 3.9776169255310805
7.776279083974275 3.980196483117139
7.770519740941372 3.982732419116067
7.7646719470728 3.9852248328916464
7.758736910439307 3.987673840551038
7.7527158012595825 3.9900795733872285
7.746609753206975 3.992442176433641
7.740419864685656 3.9947618071234694
7.734147200075091 3.997038634046732
7.727792790941981 3.999272835798492
7.721357637219092 4.00146459991208
7.714842708350612 4.003614121871548
7.708248944403897 4.005721604197953
7.701577257147596 4.0077872556044225
7.69482853109633 4.009811290215251
7.68800362452219 4.011793926844617
7.681103370433462 4.013735388330785
7.674128577521048 4.015635900921925
7.667080031073132 4.01749569370995
7.659958493858718 4.019314998108996
7.6527647069806966 4.0210940473754135
7.645499390699159 4.022833076166329
7.638163245225684 4.024532320134053
7.630756951489367 4.026192015553783
7.623281171875374 4.027812398982225
7.615736550936803 4.02939370694492
7.608123716080659 4.030936175650225
7.600443278228731 4.0324400407280026
7.592695832454177 4.033905536991266
7.584881958594603 4.035332898219084
7.577002221842416 4.036722356959206
7.569057173313222 4.038074144348972
7.561047350593043 4.039388489953156
7.552973278265071 4.0406656216174905
7.544835468416714 4.0419057653367245
7.536634421127627 4.043109145136111
7.528370624939442 4.044275982965343
7.520044557307847 4.045406498603984
7.511656685037707 4.046500909577533
7.503207464701826 4.047559431083315
7.494697343044009 4.048582275925435
7.486126757366992 4.0495696544581135
7.477496135905846 4.0505217745367466
7.4688058981874 4.051438841476082
7.460056455376231 4.052321058014959
7.4512482106077575 4.0531686242870935
7.442381559308923 4.05398173779741
7.433456889506967 4.0547605934034925
7.424474582126764 4.055505383301723
7.415435011277163 4.056216297017728
7.406338544526783 4.0568935214007675
7.397185543169668 4.057537240621743
7.387976362481223 4.058147636174509
7.378711351964803 4.0587248868801975
7.36939085558934 4.059269168894308
7.3600152120183555 4.059780655716294
7.350584754830721 4.0602595182014305
7.341099812733479 4.060705924574759
7.331560709767049 4.061120040446891
7.3219677655031346 4.061502028831515
7.312321295235602 4.061852050164419
7.302621610164636 4.06217026232389
7.2928690175744215 4.062456820652333
7.283063821004629 4.0627118779789875
7.273206320415931 4.0629355846436175
7.263296812349812 4.063128088521055
7.253335590082873 4.063289535046501
7.243322943775878 4.063420067241484
7.233259160617726 4.063519825740397
7.223144524964568 4.063588948817508
7.212979318474257 4.0636275724144
7.2027638202363065 4.0636358301677475
7.192498306897551 4.063613853437378
7.182183052783668 4.063561771334561
7.171818330016723 4.063479710750461
7.161404408628901 4.063367796384721
7.150941556672563 4.0632261507741205
7.140430040326792 4.063054894321268
7.129870124000534 4.062854145323305
7.119262070432492 4.062624020000569
7.108606140787892 4.062364632525193
7.097902594752235 4.062076095049616
7.087151690622159 4.061758517734989
7.076353685393514 4.061412008779419
7.065508834846764 4.061036674446082
7.054617393629819 4.060632619091139
7.043679615338379 4.060199945191474
7.032695752593908 4.059738753372215
7.021666057119298 4.059249142434044
7.010590779812346 4.058731209380275
6.999470170817085 4.058185049443688
6.9883044795930775 4.057610756113122
6.977093954982744 4.057008421159807
6.965838845276775 4.05637813466344
6.954539398277732 4.055719985037995
6.943195861361868 4.055034059057257
6.931808481539266 4.054320441880093
6.920377505512321 4.05357921707544
6.908903179732651 4.052810466647023
6.897385750456482 4.052014271057789
6.885825463798565 4.0511907092540715
6.874222565784663 4.050339858689467
6.862577302402679 4.049461795348453
6.85088991965245 4.048556593769707
6.839160663594272 4.047624327069176
6.827389780396181 4.046665066962861
6.815577516380047 4.045678883789337
6.803724118066507 4.044665846532009
6.7918298322187844 4.043626022841104
6.779894905885429 4.042559479055405
6.7679195864420105 4.041466280223729
6.755904121631794 4.040346490126157
6.743848759605445 4.039200171295012
6.731753748959776 4.038027385035596
6.719619338775573 4.036828191446692
6.707445778654532 4.035602649440827
6.6952333187553235 4.034350816764309
6.682982209828817 4.033072750017033
6.670692703252499 4.031768504672079
6.658365051064073 4.030438135095081
6.645999505994314 4.029081694563399
6.633596321499153 4.027699235285076
6.621155751791046 4.026290808417597
6.608678051869619 4.02485646408646
6.596163477551629 4.023396251403542
6.583612285500246 4.021910218485301
6.571024733253682 4.020398412470776
6.558401079253168 4.018860879539425
6.545741582870316 4.017297664928797
6.533046504433858 4.015708812952019
6.520316105255792 4.014094367015147
6.507550647656943 4.01245436963435
6.494750394991948 4.010788862452941
6.48191561167368 4.00909788625827
6.469046563197122 4.007381480998473
6.456143516162706 4.005639685799086
6.443206738299116 4.003872538979528
6.430236498485576 4.00208007806946
6.417233066773623 4.000262339825016
6.4041967144083864 3.9984193602449305
6.391127713849363 3.996551174586534
6.378026338790709 3.9946578173816594
6.364892864181059 3.9927393224524352
6.351727566242868 3.9907957229269813
6.338530722491279 3.98882705125501
6.325302611752546 3.9868333392233373
6.312043514181991 3.984814617971307
6.298753711281516 3.982770918006133
6.285433485916667 3.9807022692181624
6.272083122333262 3.9786087008960664
6.258702906173579 3.976490241741959
6.245293124492116 3.9743469198864485
6.231854065770916 3.9721787629036314
6.218386019934471 3.969985797826016
6.204889278364202 3.967768051159406
6.191364133912518 3.9655255488977192
6.177810880916462 3.963258316537763
6.164229815210932 3.9609663790939655
6.150621234141498 3.958649761113067
6.136985436576801 3.9563084866887643
6.12332272292054 3.953942579476332
6.109633395123063 3.951552062707201
6.095917756692524 3.949136959203519
6.0821761127056595 3.9466972913926734
6.068408769818138 3.9442330813217996
6.054616036274515 3.941744350672269
6.040798221917773 3.939231120774154
6.02695563819846 3.9366934126206856
6.013088598183419 3.9341312468826923
5.99919741656411 3.9315446439230386
5.98528240966453 3.9289336238110457
5.971343895448711 3.9262982063369183
5.9573821935278275 3.923638411026164
5.943397625166882 3.9209542571540146
5.929390513290979 3.91824576375985
5.915361182491198 3.9155129496616263
5.901309959030039 3.9127558334703147
5.887237170846463 3.909974433604344
5.8731431475605165 3.9071687683040586
5.859028220477532 3.904338855646187
5.844892722591912 3.9014847135583275
5.830736988590499 3.898606359833449
5.8165613548555095 3.8957038121444083
5.802366159467054 3.8927770880584944
5.788151742205222 3.8898262050519845
5.773918444551748 3.8868511805247326
5.7596666096912355 3.883852031814775
5.745396582511954 3.880828776212966
5.7311087096061994 3.877781430977642
5.716803339270217 3.8747100133493095
5.702480821503681 3.8716145405653646
5.6881415080087345 3.8684950298748464
5.673785752188586 3.865351498553215
5.659413909145654 3.862183963917172
5.645026335679262 3.858992443339502
5.630623390282884 3.8557769542639613
5.616205433140936 3.8525375142201916
5.601772826125102 3.849274140838675
5.587325932790207 3.8459868518657214
5.572865118369625 3.8426756651784975
5.558390749770226 3.8393405988000864
5.54390319556684 3.8359816709145917
5.529402825996272 3.8325988998822735
5.514890012950828 3.829192304254726
5.500365129971371 3.8257619027900907
5.485828552239897 3.8223077144683106
5.471280656571634 3.8188297585064204
5.456721821406655 3.8153280543738743
5.442152426801005 3.8118026218079137
5.4275728544173445 3.80825348082897
5.412983487515093 3.804680651756109
5.398384710940092 3.801084155222504
5.383776911113768 3.797464012190956
5.3691604760217935 3.79382024396944
5.354535795202255 3.7901528722266913
5.339903259733324 3.786461919007826
5.3252632622204095 3.7827474067499938
5.310616196782823 3.779009358298063
5.2959624590399255 3.77524779692034
5.281302446096767 3.7714627463243158
5.26663655652922 3.7676542306724428
5.2519651903685975 3.7638222745979424
5.237288749085757 3.7599669032206364
5.222607635574695 3.7560881421628047
5.207922254135613 3.7521860175650685
5.193233010457481 3.748260556102294
5.178540311600075 3.7443117849995167
5.163844565975493 3.740339732047886
5.149146183329152 3.7363444256206266
5.134445574720266 3.732325894689015
5.1197431525018064 3.7282841688383686
5.1050393302999275 3.7242192782840458
5.090334522992882 3.7201312538874567
5.0756291466894075 3.71602012717208
5.060923618706591 3.71188593033948
5.04621835754721 3.7077286962853333
5.031513782876559 3.7035484586154466
5.016810315498737 3.6993452516617764
5.002108377332437 3.6951191104984416
4.98740839138619 3.6908700709577262
4.97271078173311 3.6865981696460692
4.958015973485106 3.682303443960044
4.943324392766583 3.6779859321023136
4.928636466687628 3.673645673097571
4.913952623316678 3.6692827068084504
4.899273291652677 3.664897073951414
4.88459890159672 3.660488816112607
4.869929883923195 3.656057975763675
4.85526667025041 3.6516045962775476
4.840609693010725 3.6471287219441795
4.825959385420175 3.6426303979862404
4.811316181447604 3.638109670574763
4.7966805157832955 3.633566586844732
4.782052823807118 3.6290011949106185
4.767433541556183 3.6244135438818503
4.7528231056920145 3.619803683878219
4.738221953467246 3.615171666045214
4.723630522691831 3.6105175425692844
4.709049251698798 3.6058413666930202
4.694478579309527 3.601143192730251
4.679918944798566 3.596423076081056
4.665370787858005 3.59168107324668
4.650834548561377 3.586917241844356
4.636310667327137 3.582131640622018
4.621799584881685 3.577324329472915
4.607301742221968 3.572495369450106
4.592817580577651 3.5676448227808395
4.5783475413728665 3.562772752880813
4.563892066187555 3.557879224368301
4.549451596718398 3.5529643030781535
4.535026574739356 3.5480280560756525
4.520617442061812 3.5430705516702283
4.506224640494334 3.5380918594290254
4.491848611802068 3.5330920501903127
4.477489797665752 3.5280711960767364
4.463148639640394 3.523029370508404
4.448825579113577 3.5179666482158014
4.434521057263445 3.512883105252525
4.420235515016349 3.507778819007843
4.405969393004171 3.502653868219056
4.391723131521354 3.4975083329836743
4.377497170481604 3.4923422947713827
4.363291949374332 3.4871558364358153
4.349107907220794 3.4819490422261015
4.334945482529978 3.476721997798209
4.3208051132542264 3.4714747902260514
4.306687236744614 3.466207508012376
4.292592289706095 3.4609202410994078
4.2785207081524215 3.4556130808792567
4.264472927360861 3.4502861202040775
4.250449381826708 3.444939453395973
4.236450505217612 3.4395731762566397
4.222476730327743 3.434187386076749
4.208528489031777 3.428782181645054
4.194606212238757 3.423357663257223
4.180710329845807 3.4179139327243853
4.166841270691733 3.4124510933813905
4.1529994625105155 3.4069692500947713
4.139185331884713 3.401468509270407
4.125399304198785 3.3959489788608783
4.111641803592357 3.3904107683725098
4.0979132529134334 3.3848539888720963
4.084214073671576 3.3792787529933017
4.070544685991071 3.373685174942731
4.056905508564081 3.368073370505665
4.043296958603819 3.3624434570514565
4.029719451797747 3.356795553538577
4.016173402260812 3.3511297805193165
4.002659222488748 3.3454462601441217
3.9891773233114454 3.3397451161655747
3.975728113846419 3.3340264739420054
3.9623120014523723 3.3282904604407286
3.9489293916828907 3.3225372042409065
3.9355806882402735 3.316766835536029
3.9222662929295162 3.3109794861360062
3.908986605612469 3.3051752894688695
3.8957420241621823 3.299354380582081
3.882532944417456 3.2935168961434362
3.8693597601376086 3.287662974441567
3.856222862957488 3.2817927553860358
3.843122642342734 3.2759063805070165
3.8300594855453136 3.27000399295456
3.8170337775593444 3.2640857374974375
3.8040459010772243 3.258151760521565
3.7910962364460787 3.2522022100279986
3.7781851616245534 3.2462372356304994
3.765313052139957 3.240256988552667
3.75248028104578 3.234261621624637
3.739687218879596 3.2282512892793407
3.7269342336213795 3.2222261475483243
3.714221690652237 3.216186354057125
3.701549952713578 3.210132068020201
3.6889193798667455 3.204063450235416
3.6763303294531156 3.1979806630780776
3.6637831560546843 3.1918838704945203
3.6512782114551583 3.185773237995241
3.63881584460157 3.179648932647584
3.626396401566423 3.173511123067968
3.6140202255103904 3.167359979413664
3.6016876566455864 3.1611956733741184
3.589399032199412 3.1550183781618215
3.577154686379005 3.14882826850272
3.564954950336301 3.142625520626183
3.552800152133723 3.136410312254505
3.5406906167105117 3.1301828225919683
3.528626665849717 3.123943232313445
3.5166086181458587 3.117691723552554
3.504636788973268 3.1114284798893714
3.4927114904551404 3.1051536863376907
3.480833031433285 3.0988675293318426
3.4690017174386156 3.092570196713072
3.457217850662367 3.086261877715477
3.445481729928073 3.07994276295151
3.433793650664301 3.07361304439705
3.422153904878167 3.0672729153760407
3.410562781129635 3.0609225705447085
3.3990205645066176 3.0545622058753543
3.387527536600885 3.04819201863973
3.3760839754847956 3.041812207392006
3.364690155688856 3.0354229719513235
3.3533463481801244 3.02902451338395
3.3420528203414634 3.0226170339850373
3.330809835951653 3.0162007372599837
3.3196176551663714 3.0097758279054148
3.308476534500054 3.003342511789782
3.2973867268086394 2.9969009959335917
3.2863484812732056 2.990451488489264
3.2753620433845088 2.983994198720633
3.2644276549284275 2.977529336982099
3.253545553972323 2.971057114697434
3.2427159748523176 2.964577744338246
3.2319391481614983 2.9580914394021227
3.2212153007390527 2.951598414390453
3.210544655660339 2.945098884785931
3.1999274322278946 2.938593067029769
3.1893638459633915 2.932081178498604
3.1788541086005333 2.9255634374811312
3.1683984280789077 2.9190400631544566
3.1579970085387874 2.912511275560189
3.1476500503168863 2.9059772955802763
3.1373577499430714 2.899438344912595
3.1271203001380323 2.892894646046312
3.116937889811909 2.8863464222370228
3.1068107040638746 2.8797938974816732
3.096738924182678 2.8732372964932895
3.0867227276481435 2.8666768446755113
3.076762288133622 2.8601127680969576
3.0668577755094035 2.853545293465419
3.057009355847074 2.846974648101904
3.0472171914248243 2.8404010599145444
3.037481440733706 2.83382475737237
3.0278022584848285 2.827245969478973
3.018179795617494 2.8206649257460685
3.008614199308269 2.8140818561669687
2.9991056129809817 2.8074969911899808
2.9896541763176443 2.8009105616917447
2.9802600252702973 2.7943227989505233
2.9709232920737563 2.7877339346194594
2.9616441052592752 2.7811442006998126
2.9524225896690965 2.7745538295141934
2.9432588664719015 2.7679630536798037
2.9341530531791338 2.761372106081705
2.925105263662204 2.7547812198461226
2.916115608170555 2.7481906283138042
2.907184193350585 2.7416005650134516
2.898311122265415 2.7350112636352275
2.8894964944154955 2.7284229580043733
2.8807404057600308 2.7218358820549313
2.872042948739229 2.7152502698036063
2.863404212297344 2.708666355323768
2.854824281906517 2.7020843727196167
2.846303239591392 2.6955045561005297
2.8378411639545003 2.6889271395556014
2.829438130202398 2.682352357128391
2.821094210172546 2.6757804427919027
2.8128094723609123 2.669211630423806
2.80458398195029 2.6626461537819157
2.7964178008393175 2.656084246479952
2.7883109876721712 2.6495261419635927
2.78026359786894 2.6429720734868343
2.772275683656641 2.6364222740886856
2.7643472941008813 2.6298769765702015
2.756478475138133 2.6233364134718804
2.7486692696086172 2.6168008170514447
2.740919717289775 2.6102704192620125
2.733229854930304 2.6037454517306884
2.7255997162847514 2.597226145737585
2.718029332148639 2.5907127321952945
2.710518730394104 2.5842054416288285
2.7030679360060366 2.5777045041560434
2.6956769711186936 2.5712101494685733
2.688345855052774 2.564722606813279
2.681074604352926 2.558242104974244
2.6738632328256786 2.5517688722553253
2.6667117515777647 2.545303136463287
2.659620169054821 2.5388451248915236
2.652588491080443 2.5323950643044064
2.6456167208955725 2.525953180922259
2.6387048591981896 2.5195197004069887
2.6318529041832965 2.5130948478483903
2.625060851583162 2.5066788477511417
2.6183286947078024 2.5002719240225124
2.611656424485681 2.4938742999608006
2.6050440295045942 2.4874861982445267
2.5984914960527195 2.481107840922392
2.591998808159806 2.4747394494040327
2.5855659476384685 2.4683812444515856
2.5791928941255717 2.462033446172082
2.572879625123661 2.455696274010698
2.5666261160424275 2.4493699467448775
2.5604323402401623 2.4430546824793464
2.5542982690651796 2.436750698642047
2.5482238718971724 2.4304582119810014
2.5422091161884715 2.4241774385621433
2.5362539675051705 2.4179085937681153
2.530358389568089 2.41165189229808
2.5245223442935307 2.405407548168543
2.5187457918338065 2.3991757747152285
2.513028690617482 2.3929567845960134
2.507370997389313 2.3867507897949554
2.501772667249821 2.3805580016274264
2.4962336536944836 2.3743786307463846
2.4907539086524757 2.3682128871497925
2.4853333825249333 2.362060980189217
2.479972024222688 2.3559231185796286
2.4746697812034206 2.349799510410416
2.4694265995081928 2.3436903631576493
2.4642424237972924 2.3375958836976025
2.4591171973853543 2.3315162783215637
2.4540508622756865 2.3254517527519525
2.449043359193749 2.319402512159765
2.4440946276197293 2.313368761183365
2.4392046058201426 2.307350703948647
2.434373230878395 2.301348544090585
2.429600438724244 2.295362484776188
2.4248861641620785 2.289392728728879
2.4202303408979478 2.2834394782543175
2.4156329015652593 2.2775029352676786
2.411093777749063 2.2715833013224036
2.406612900008844 2.265680777640439
2.4021901978997207 2.2597955651439685
2.3978255999919735 2.253927864488661
2.3935190338887864 2.248077876098424
2.389270426242124 2.2422458002016894
2.3850797027666153 2.2364318368692224
2.380946788251346 2.2306361860534523
2.376871606569449 2.2248590476293386
2.3728540806853533 2.2191006214367475
2.36889413265959 2.213361107324345
2.364991683651004 2.207640705194987
2.361146653916243 2.201939615052589
2.3573589628063867 2.196258037050456
2.353628528760554 2.1905961715410402
2.349955269296346 2.1849542191271
2.3463391009969565 2.1793323807142104
2.3427799394947835 2.173730857564589
2.3392776994513698 2.1681498513521706
2.3358322945334904 2.1625895642188806
2.332443637385194 2.157050198832022
2.329111639595615 2.1515319584427
2.3258362116623426 2.146035046945194
2.3226172629501445 2.1405596689371618
2.3194547016448293 2.1351060297805726
2.316348434702025 2.129674335663222
2.313298367790644 2.124264793660697
2.3103044052307955 2.1188776117986183
2.307366449925917 2.113512999114988
2.3044844032888596 2.1081711657224376
2.3016581651616885 2.1028523228701674
2.2988876337289335 2.0975566830053314
2.2961727054240315 2.092284459833605
2.293513274828695 2.0870358683786594
2.290909234564937 2.081811125040218
2.2883604751794873 2.0766104476503604
2.285866885020327 2.0714340555277064
2.283428350105074 2.066282169529075
2.281044753980955 2.061155012098188
2.2787159775761006 2.056052807310945
2.2764418990419126 2.0509757809167652
2.274222393586256 2.0459241603754528
2.272057333297235 2.0408981748889925
2.2699465869573454 2.0358980554276562
2.2678900198477896 2.0309240347497304
2.2658874935427757 2.0259763474141623
2.263938865693642 2.0210552297853344
2.262043989802681 2.0161609200291624
2.260202714986564 2.0112936580996323
2.258414885729311 2.0064536857148596
2.256680341624792 2.0016412463216797
2.2549989171088 1.9968565850477438
2.253370441180784 1.9920999486400204
2.251794737115403 1.9873715853885563
2.2502716221641252 1.982671745034293
2.2488009072471855 1.9780006786596807
2.2473823966362785 1.973358638560771
2.2460158876284995 1.968745878099434
2.244701170212103 1.9641626515342732
2.243438026724809 1.9596092138287942
2.2422262315054753 1.9550858204353183
2.241065550540123 1.950592727053115
2.239955741103416 1.946130189359191
2.238896551396884 1.9416984627101608
2.2378877201853293 1.9372978018136087
2.236928976433036 1.9329284603673618
2.236020038941618 1.928590690665104
2.2351606159915027 1.9242847431667938
2.234350404989302 1.9200108660324
2.233589092123514 1.9157693046175264
2.23287635203125 1.911560300929599
2.2322118474789088 1.9073840930433845
2.2315952290599697 1.90324091447476
2.231026134913321 1.8991309935118055
2.230504190465802 1.8950545525024982
2.230029008202869 1.8910118070985003
2.229600187471561 1.8870029654548064
2.229217314320168 1.8830282273853043
2.2288799613792394 1.8790877834746458
2.2285876877887807 1.875181814147191
2.228340039176681 1.8713104886942156
2.228136547693585 1.8674739642610152
2.2279767321095467 1.863672384796055
2.227860097977927 1.8599058799648314
2.2277861378720174 1.856174564031714
2.2277543316999164 1.8524785347136357
2.227764147103095 1.848817872010154
2.227815039944004 1.8451926370150982
2.2279064548878544 1.8416028707157066
2.228037826083459 1.8380485927859038
2.2282085779476573 1.8345298003810906
2.2284181260573974 1.8310464669425708
2.228665878153009 1.8275985410204676
2.2289512352555514 1.824185945124702
2.2292735929003786 1.8208085746142841
2.2296323424881845 1.8174662966358122
2.2300268727538377 1.8141589491226473
2.2304565713522484 1.810886339866738
2.2309208265593035 1.8076482456754746
2.231419029084668 1.8044444116262508
2.2319505739918624 1.801274550431588
2.232514862719608 1.7981383419276973
2.233111305196911 1.795035432699231
2.233739322042842 1.7919654358526658
2.2343983468403676 1.7889279309502628
2.235087828472046 1.7859224641158702
2.235807233503846 1.7829485483229197
2.2365560486018414 1.7800056638738753
2.237333782965151 1.77709325907906
2.238139970757155 1.7742107511412653
2.2389741735159014 1.7713575272508113
2.239835982523596 1.7685329458938102
2.2407250211143217 1.7657363383742946
2.24164094689857 1.7629670105486412
2.2425834538828924 1.7602242447683512
2.243552274462974 1.7575073020248206
2.244547181268736 1.7548154242872267
2.2455679888406817 1.7521478370221568
2.246614555117648 1.7495037518811356
2.247686782717369 1.7468823695398088
2.2487846199928496 1.7442828826702763
2.2499080618494225 1.7417044790259641
2.251057150309521 1.7391463446165458
2.2522319748146296 1.7366076669487902
2.2534326722565154 1.7340876383078871
2.2546594267326703 1.731585459052787
2.2559124690238463 1.7291003408984487
2.2571920757946375 1.7266315101576104
2.2584985685211247 1.7241782109148036
2.259832312152678 1.7217397081058397
2.2611937135179954 1.7193152904768767
2.262583219488312 1.7169042733984403
2.264001314913415 1.7145060015113804
2.2654485203485226 1.712119851183685
2.266925389592297 1.7097452327592917
2.2684325070581193 1.7073815925825082
2.269970485002304 1.7050284147843273
2.271539960634116 1.7026852228197293
2.2731415931332557 1.7003515807479925
2.274776060600929 1.6980270942509839
2.2764440569706657 1.6957114113873577
2.2781462889047703 1.693404223083485
2.279883472701612 1.6911052633647121
2.2816563312380325 1.6888143093331995
2.2834655909698567 1.6865311809010226
2.285311979012003 1.6842557402894527
2.287196220317936 1.6819878913073134
2.2891190349763066 1.6797275784230121
2.2910811356405647 1.677474785646286
2.293083225105195 1.6752295352368316
2.2951259940400104 1.6729918862578497
2.297210118891739 1.6707619329930974
2.299336259959937 1.6685398032463417
2.301505059652119 1.6663256565421358
2.3037171409209423 1.6641196822466437
2.305973105884337 1.6619220976268083
2.3082735346276504 1.6597331458655438
2.310618984185218 1.6575530940498404
2.313009987697247 1.6553822311477453
2.3154470537365803 1.6532208659891263
2.317930665798729 1.6510693252639905
2.3204612819475785 1.6489279515509263
2.3230393346083584 1.6467971013869827
2.3256652304988124 1.6446771433890397
2.328339350689023 1.6425684564354466
2.3310620507800066 1.6404714279154637
2.3338336611910067 1.638386452052816
2.336654487545325 1.6363139283085002
2.339524811144619 1.6342542598668715
2.3424448895217114 1.6322078522079888
2.3454149570622116 1.6301751117682168
2.348435225685585 1.6281564446901917
2.351505885576663 1.6261522556624333
2.354627105959045 1.6241629468481522
2.357799035902301 1.6221889169021464
2.3610218051554113 1.6202305600741027
2.3642955249993802 1.6182882653961281
2.3676202891125224 1.6163624159519057
2.3709961744424417 1.6144533882245236
2.3744232420792803 1.6125615515197376
2.3779015381253203 1.610687267461203
2.381431094556567 1.6088308895540488
2.385011930072403 1.6069927628130454
2.3886440509299147 1.6051732234515483
2.392327451759918 1.6033725986273826
2.396062116362143 1.601591206241822
2.3998480184774524 1.5998293547878792
2.403685122535308 1.598087343244172
2.4075733843750724 1.5963654610107354
2.411512751940034 1.5946639878832516
2.415503165943328 1.5929831940622983
2.419544560505195 1.5913233401943536
2.4236368637612418 1.5896846774414468
2.4277799984415958 1.5880674475764904
2.431973882421004 1.586471883101499
2.436218429240116 1.5848982073860538
2.440513548598319 1.5833466348235328
2.4448591468186125 1.581817371002797
2.4492551272851295 1.5803106128931699
2.453701390853979 1.5788265490407083
2.458197836238176 1.5773653597739175
2.4627443603674695 1.5759272174171963
2.467340858723938 1.5745122865104564
2.471987225654238 1.5731207240334726
2.476683354659441 1.5717526796336698
2.481429138663388 1.5704082958561563
2.4862244702605074 1.5690877083749348
2.491069241944049 1.5677910462243332
2.4959633463156665 1.566518432029786
2.5009066762772862 1.5652699822372085
2.505899125206176 1.5640458073402743
2.51094058711411 1.5628460121050058
2.5160309567915045 1.5616706957911501
2.5211701299373823 1.5605199523698865
2.5263580032759814 1.559393870737479
2.531594474660812 1.5582925349245407
2.536879443166927 1.5572160243006294
2.5422128091721423 1.5561644137739548
2.5475944744279206 1.555137773986
2.5530243421205867 1.5541361715009243
2.558502316923525 1.5531596689896352
2.5640283050409773 1.5522083254084504
2.569602214244018 1.5512821961723113
2.575223953899269 1.5503813333225211
2.5808934349908803 1.5495057856890149
2.5866105701362683 1.5486555990471829
2.592375273596088 1.54783081626929
2.5981874612788842 1.5470314774705465
2.6040470507408298 1.546257620149906
2.60995396118096 1.545509279325666
2.6159081134322575 1.5447864876659712
2.621909429948943 1.5440892756143145
2.6279578347902968 1.543417671510151
2.63405325360131 1.5427717017047309
2.6401956135904556 1.542151390672278
2.6463848435048445 1.541556761116631
2.652620873603007 1.540987834073475
2.6589036356255438 1.540444629008289
2.6652330627638463 1.5399271639101388
2.6716090896271 1.5394354553814429
2.6780316522077467 1.5389695187238377
2.68450068784558 1.5385293680202756
2.69101613519064 1.5381150162134762
2.69757793416504 1.5377264751808588
2.704186025923881 1.5373637558060815
2.71084035281536 1.5370268680473032
2.7175408583402034 1.5367158210022926
2.7242874871105234 1.536430622970499
2.7310801848081994 1.5361712815121968
2.737918898142874 1.5359378035048188
2.744803574809642 1.5357301951965825
2.7517341634465176 1.5355484622575175
2.758710613591734 1.5353926098279957
2.7657328756409556 1.535262642564861
2.7728009008044454 1.5351585646852586
2.7799146410642472 1.5350803800082544
2.7870740491314283 1.5350280919943322
2.794279078403424 1.5350017037828616
2.801529682921523 1.5350012182276147
2.808825817328527 1.5350266379304138
2.8161674368266225 1.5350779652729896
2.8235544971354747 1.5351552024471238
2.830986954450592 1.5352583514831464
2.838464765401963 1.5353874142768602
2.8459878870129915 1.5355423926149572
2.8535562766597526 1.5357232881989904
2.8611698920305733 1.5359301026679633
2.868828691085957 1.536162837619596
2.8765326320188622 1.5364214946303238
2.884281673215339 1.5367060752740849
2.8920757732155393 1.537016581139942
2.899914890675097 1.5373530138485982
2.9077989843268917 1.537715375067845
2.9157280129431897 1.538103666526993
2.923701935298178 1.5385178900303287
2.9317207101308753 1.5389580474696367
2.9397842961084386 1.5394241408358287
2.947892651789852 1.5399161722297177
2.95604573559 1.5404341438719735
2.9642435057441316 1.540978058112292
2.9724859202726983 1.5415479174378168
2.9807729369465785 1.5421437244808376
2.989104513252675 1.5427654820258017
2.997480606359886 1.5434131930156663
3.005901173085447 1.5440868605576152
3.014366169861636 1.5447864879281712
3.022875552702843 1.545512078577727
3.031429277172992 1.5462636361345181
3.0400272983533174 1.5470411644080613
3.04866957081049 1.5478446673920814
3.057356048565079 1.5486741492669436
3.066086685060358 1.549529614401617
3.0748614331314403 1.5504110673551812
3.0836802449747407 1.5513185128779
3.0925430721177607 1.5522519559118748
3.101449865389193 1.5532114015912988
3.110400574889334 1.5541968552423209
3.1193951499608072 1.5552083223825408
3.1284335391595843 1.5562458087201465
3.13751569022631 1.5573093201527057
3.1466415500579132 1.5583988627656271
3.155811064679511 1.559514442830304
3.1650241792165907 1.5606560668019467
3.174280837867476 1.5618237413171225
3.183580983876061 1.5630174731910078
3.1929245595048217 1.564237269414363
3.2023115060080847 1.565483137150244
3.2117417636055663 1.5667550837304551
3.2212152714561615 1.5680531166517517
3.230731967631991 1.5693772435718065
3.2402917890926974 1.570727472304939
3.2498946716599884 1.5721038108176233
3.2595405499924217 1.5735062672237774
3.2692293575604325 1.574934849779839
3.2789610266215954 1.5763895668796415
3.2887354881961177 1.5778704270490866
3.298552672042572 1.5793774389406294
3.308412506633848 1.5809106113275715
3.318314919133333 1.5824699530981774
3.328259835371319 1.5840554732496117
3.3382471798216238 1.5856671808817062
3.348276875578438 1.5873050851905588
3.3583488443333835 1.5889691954619718
3.3684630063527883 1.5906595210647305
3.3786192804551742 1.5923760714437298
3.388817583988958 1.5941188561129473
3.399057832810358 1.5958878846482738
3.4093399412615146 1.5976831666801974
3.419663822148812 1.5995047118863512
3.430029386721411 1.601352529983923
3.4404365446499865 1.6032266307219312
3.450885204005664 1.6051270238733721
3.4613752712391666 1.60705371922724
3.4719066511601606 1.6090067265804213
3.4824792469168058 1.6109860557294677
3.493092959975505 1.6129917164622507
3.503747690100857 1.615023718549498
3.5144433353358115 1.6170820717362169
3.5251797919820236 1.6191667857330037
3.535956954580412 1.6212778702072446
3.546774715891915 1.6234153347742093
3.5576329668784545 1.625579188988037
3.5685315966840947 1.627769442332621
3.579470492616407 1.6299861042123889
3.59044954012804 1.632229183942986
3.601468622798489 1.6344986907418584
3.612527622316072 1.6367946337187405
3.62362641846011 1.6391170218660496
3.634764889083313 1.6414658640491862
3.645942910094374 1.643841168996743
3.6571603554407712 1.6462429452906273
3.668417097091776 1.6486712013560925
3.6797130050216746 1.6511259454516862
3.6910479471931987 1.653607185659112
3.702421789541171 1.65611492987301
3.7138343959563627 1.6586491857906551
3.725285628269569 1.6612099609015751
3.736775346235899 1.6637972624770927
3.748303407519285 1.6664110975597874
3.759869667677214 1.6690514729528867
3.77147398014568 1.6717183952095789
3.7831161962243565 1.6744118706222573
3.794796165062003 1.677131905211692
3.80651373364209 1.6798785047161329
3.8182687467686582 1.6826516745803455
3.8300610470524106 1.6854514199445803
3.8418904748970313 1.688277745633477
3.8537568684857466 1.691130656144907
3.8656600637681207 1.6940101556387528
3.8775998944470906 1.6969162479256277
3.8895761919662433 1.699848936455539
3.9015887854973377 1.7028082243064913
3.913637501928073 1.7057941141730366
3.925722165850103 1.7088066083547702
3.937842599547306 1.711845708744774
3.9499986229843027 1.7149114168180104
3.962190053795235 1.718003733619666
3.9744167072727974 1.7211226597534497
3.986678396357535 1.7242681953698438
3.9989749316273975 1.7274403401543137
4.011306121287565 1.7306390933154725
4.023671771160538 1.7338644535732084
4.0360716846764975 1.7371164191467714
4.04850566286394 1.740394987742825
4.0609735043405895 1.7437001565434624
4.073475005304578 1.74703192219419
4.086009959525922 1.750390280791879
4.0985781583382686 1.7537752278726892
4.111179390630931 1.7571867583999667
4.123813442841218 1.760624866752112
4.136480098947046 1.76408954671043
4.14917914045985 1.767580791446956
4.161910346417787 1.7710985935122627
4.174673493379238 1.7746429448232528
4.187468355416616 1.7782138366509332
4.200294704110472 1.7818112596081788
4.213152308543906 1.7854352036374845
4.226040935297298 1.7890856579987113
4.238960348443329 1.7927626112568227
4.25191030954234 1.7964660512696211
4.264890577637989 1.80019596517548
4.277900909253235 1.8039523393810795
4.290941058386641 1.8077351595491422
4.304010776509001 1.811544410586178
4.317109812560289 1.815380076630235
4.330237912946944 1.819242141038662
4.343394821539481 1.823130586375884
4.35658027967043 1.827045394401192
4.369794026132622 1.8309865460565553
4.383035797177802 1.834954021454449
4.396305326515582 1.8389477998657104
4.409602345312749 1.8429678597074175
4.422926582192895 1.8470141785307987
4.4362777632364185 1.8510867330091747
4.449655611980848 1.8551854989259327
4.463059849421537 1.8593104511625398
4.476490194012701 1.863461563686596
4.489946361668809 1.8676388095399297
4.503428065766336 1.871842160826739
4.5169350171458635 1.8760715887017834
4.530466924114552 1.8803270633586249
4.544023492448965 1.8846085540179265
4.557604425398263 1.8889160289158053
4.571209423687754 1.8932494552922499
4.58483818552282 1.8976087993795985
4.598490406593203 1.9019940263910864
4.61216578007766 1.9064051005094622
4.625863996649004 1.910841984875678
4.639584744479489 1.9153046415776551
4.653327709246591 1.9197930316391305
4.66709257413916 1.924307115008585
4.680879019863931 1.92884685054826
4.694686724652434 1.9334121960232586
4.708515364268265 1.9380031080907452
4.722364612014741 1.9426195422892363
4.736234138742935 1.9472614530279948
4.7501236128600866 1.9519287935765226
4.764032700338398 1.956621516054163
4.777961064724206 1.9613395714198094
4.7919083671475375 1.9660829094617298
4.805874266332044 1.9708514787875044
4.8198584186053255 1.9756452268140858
4.83386047790963 1.9804640997579797
4.8478800958129336 1.9853080426255532
4.86191692152041 1.9901769992034746
4.875970601886276 1.9950709120492836
4.8900407814260225 1.9999897224821013
4.904127102329029 2.0049333705734784
4.91822920447155 2.009901795138389
4.932346725430098 2.0148949337263717
4.946479300495193 2.0199127226128186
4.960626562685498 2.024955096790425
4.974788142762335 2.030021989960791
4.988963669244576 2.035113334526188
5.003152768423915 2.0402290615814875
5.0173550643805065 2.045369100906263
5.031570178998998 2.0505333809570576
5.045797731984915 2.0557218288598333
5.060037340881434 2.060934370402594
5.074288621086516 2.0661709300281963
5.088551185870421 2.071431430827339
5.102824646393576 2.076715794531752
5.117108611724819 2.082023941507567
5.131402688860007 2.087355790748893
5.145706482740974 2.0927112598715873
5.160019596274867 2.098090265107231
5.174341630353825 2.103492721297309
5.188672183875014 2.108918541887605
5.203010853761024 2.1143676389228028
5.2173572349806046 2.119839923041307
5.231710920569756 2.125335303470287
5.246071501653159 2.130853688020937
5.260438567465943 2.13639498308397
5.274811705375803 2.141959093625333
5.289190500905442 2.147545923182164
5.303574537755343 2.1531553738589735
5.317963397826879 2.158787346324077
5.332356661245735 2.1644417398062616
5.3467539063856595 2.1701184520916974
5.361154709892529 2.1758173795211007
5.375558646708719 2.181538416987147
5.3899652900977975 2.187281457932133
5.404374211669506 2.193046394345905
5.418784981405052 2.198833116764034
5.433197167682692 2.2046415142662634
5.4476103373036 2.210471474475216
5.462024055518036 2.2163228835553714
5.476437886051776 2.2221956262123097
5.490851391132831 2.2280895856922296
5.505264131518435 2.2340046437817445
5.519675666522289 2.2399406808079507
5.534085554042079 2.245897575638778
5.548493350587231 2.2518752056836204
5.562898611306934 2.2578734468942563
5.577300890018382 2.263892173766047
5.591699739235275 2.2699312593394305
5.60609471019654 2.2759905752017007
5.620485352895271 2.2820699914890814
5.634871216107895 2.288169376889095
5.649251847423551 2.294288598643224
5.6636267932736635 2.300427522549874
5.677995598961723 2.306586012967632
5.692357808693254 2.3127639328188283
5.706712965605966 2.3189611435933966
5.721060611800087 2.3251775053530452
5.735400288368855 2.3314128767357234
5.74973153542919 2.337667114960399
5.7640538921524955 2.3439400758321427
5.778366896795636 2.35023161374752
5.792670086732029 2.356541581700289
5.806962998482881 2.3628698312874126
5.821245167748546 2.3692162127153766
5.835516129439995 2.375580574806822
5.8497754177103936 2.381962765007484
5.864022565986782 2.3883626293934492
5.878257107001838 2.3947800126787175
5.892478572825727 2.401214758223083
5.90668649489802 2.4076667080403205
5.9208804040596785 2.414135702806689
5.9350598305850895 2.4206215818697445
5.949224304214151 2.427124183257465
5.963373354184387 2.4336433436876854
5.9775065092630975 2.4401788985778468
5.991623297779514 2.4467306820550516
6.005723247656968 2.453298526966429
6.019805886445065 2.45988226488981
6.0338707413518256 2.4664817261447083
6.047917339275826 2.473096739803607
6.061945206838289 2.4797271337035522
6.075953870415144 2.4863727344580493
