6.139948031484576 2.3792224505119193
6.154327186724622 2.385372950979276
6.168689494081885 2.391534752273611
6.183034519960551 2.3977076580884633
6.1973618312523024 2.403891470787177
6.211670995379747 2.410085991414859
6.225961580340019 2.4162910197106267
6.240233154748521 2.422506354120133
6.25448528788285 2.4287317918083846
6.2687175497268575 2.4349671286728376
6.282929511014866 2.4412121593567733
6.297120743276035 2.4474666772629607
6.311290818878865 2.4537304745675925
6.325439311075843 2.4600033422345007
6.3395657940482275 2.4662850700296493
6.353669842950963 2.4725754465359007
6.367751033957725 2.4788742591680557
6.381808944306093 2.4851812941881666
6.39584315234285 2.4914963367211196
6.4098532375694015 2.4978191707704855
6.4238387806873165 2.504149579234638
6.4377993636439825 2.510487343923138
6.45173456967838 2.5168322455733807
6.4656439833669666 2.5231840638675074
6.479527190669675 2.529542577449573
6.493383778976021 2.5359075639429767
6.507213337151319 2.542278799968148
6.521015455583007 2.5486560611604894
6.534789726227076 2.5550391221885693
6.548535742654606 2.5614277567725714
6.562253100098412 2.567821737702994
6.575941395499787 2.574220836859594
6.5896002275553585 2.580624825230584
6.603229196764045 2.587033472932072
6.616827905474124 2.5934465492277465
6.630395957930403 2.5998638225488038
6.6439329603215 2.6062850605141206
6.657438520827239 2.612710029950662
6.670912249666148 2.619138496914133
6.684353759143076 2.6255702267098684
6.697762663696933 2.6320049839139577
6.711138579948534 2.6384425323946097
6.7244811267485805 2.6448826353337522
6.7377899252257585 2.6513250552488667
6.7510645988349705 2.6577695540150614
6.764304773405703 2.6642158928873765
6.777510077190529 2.670663832523325
6.79068014091376 2.6771131330056726
6.803814597820241 2.6835635538654485
6.816913083724312 2.690014854105199
6.829975237058923 2.696466792222473
6.8430006989249215 2.702919126233551
6.855989113140522 2.70937161369741
6.868940126290954 2.7158240117399393
6.881853387778311 2.722276077078387
6.894728549871597 2.7287275660460684
6.907565267756989 2.735178234617313
6.9203631995883255 2.7416278384326715
6.933122006537825 2.7480761328243744
6.945841352847052 2.754522872842056
6.958520905878144 2.7609678132787403
6.9711603361653065 2.7674107086971014
6.983759317466591 2.773851313455993
6.99631752681598 2.7802893817372683
7.008834644575777 2.7867246675728867
7.021310354489333 2.793156924872311
7.033744343734113 2.799585907450218
7.046136302975128 2.8060113690545156
7.058485926418758 2.812433063394687
7.070792911866957 2.8188507441704624
7.083056960771894 2.8252641651008448
7.095277778291032 2.8316730799534793
7.107455073342661 2.8380772425743994
7.119588558661924 2.844476406918155
7.1316779508573545 2.850870327078335
7.143722970467937 2.857258757318507
7.15572334202073 2.8636414521035842
7.167678794089082 2.8700181661316426
7.179589059351446 2.8763886543662083
7.191453874650847 2.8827526720690293
7.203272981055014 2.889109974833365
7.215046123917217 2.895460318617803
7.226773052937836 2.9018034597806452
7.238453522226703 2.9081391551148723
7.250087290366237 2.914467161883731
7.261674120475428 2.9207872378569646
7.2732137802746895 2.927099141347724
7.284706042151625 2.9334026312501904
7.296150683227755 2.9396974670779468
7.307547485426233 2.945983409003143
7.3188962355406035 2.9522602178964856
7.33019672530464 2.9585276553681057
7.341448751463322 2.9647854838093415
7.35265211584497 2.9710334664354945
7.363806625434625 2.9772713673296063
7.374912092448691 2.9834989514873103
7.385968334410913 2.989715984862819
7.396975174229738 2.9959222344161085
7.407932440277102 3.002117468161364
7.418839966468735 3.0083014552167593
7.429697592345999 3.0144739658556396
7.44050516315936 3.0206347715591866
7.451262529953522 3.026783645070653
7.461969549654321 3.0329203604512416
7.472626085157417 3.0390446931377353
7.483232005418874 3.0451564200019643
7.493787185547687 3.0512553194122196
7.504291506900319 3.0573411712967173
7.514744857177361 3.063413757209233
7.525147130522333 3.0694728603970236
7.535498227622755 3.0755182658711697
7.545798055813544 3.081549760479468
7.55604652918282 3.087567132982025
7.566243568680208 3.093570174129697
7.576389102227726 3.099558676745543
7.58648306483333 3.1055324358094527
7.596525398707233 3.111491248546136
7.606516053381051 3.1174349145166595
7.6164549858299075 3.123363235713731
7.626342160597558 3.1292760166609424
7.636177549924648 3.1351730645161986
7.6459611338801965 3.141054189179561
7.65569290049639 3.1469192034057674
7.665372845906807 3.1527679229216754
7.6750009744881496 3.158600166548926
7.684577299005595 3.16441575633211
7.694101840761859 3.170214517672751
7.703574629750069 3.1759962794694383
7.712995704810546 3.181760874264457
7.722365113791601 3.187508138397272
7.731682913714421 3.1932379121652756
7.740949170942159 3.1989500399921864
7.750163961353297 3.20464437060455
7.759327370519401 3.2103207572167953
7.768439493887308 3.215979057725326
7.77750043696587 3.2216191349121677
7.786510315517288 3.227240856658706
7.7954692557531375 3.23284409617009
7.804377394535113 3.238428732210911
7.813234879580568 3.2439946493527807
7.822041869672875 3.2495417382345044
7.830798534876643 3.255069895835542
7.839505056757804 3.260579025763528
7.8481616286085645 3.266069038556635
7.85676845567722 3.271539852001625
7.86532575540279 3.276991391468482
7.873833757654405 3.2824235902625585
7.882292704975391 3.2878363899952285
7.890702852831919 3.293229740974094
7.8990644698661026 3.298603602613849
7.907377838153357 3.3039579438689715
7.9156432534638235 3.309292743689467
7.923861025527599 3.3146079915009663
7.932031478303492 3.319903687710554
7.940154950250934 3.325179844239752
7.948231794604665 3.3304364850862127
7.956262379651719 3.335673646915694
7.964247089010171 3.340891379686032
7.972186321909034 3.3460897473048856
7.980080493468618 3.3512688283231236
7.9879300349805415 3.3564287166658295
7.995735394186532 3.3615695224030118
8.003497035554972 3.3666913725621797
8.011215440554095 3.371794411985096
8.01889110792053 3.3768788042311035
8.026524553921812 3.38194473252955
8.034116312611227 3.386992400783956
8.041666936073264 3.3920220346306986
8.049176994657696 3.3970338825551076
8.056647077200086 3.4020282170680023
8.064077791226318 3.407005335945823
8.071469763138452 3.411965563537667
8.078823638378935 3.416909252142642
8.086140081569864 3.421836783461104
8.093419776623703 3.4267485701234817
8.100663426821399 3.4316450573005035
8.107871754853543 3.4365267243987807
8.115045502819662 3.4413940868458113
8.122185432180338 3.4462476979685945
8.129292323656257 3.451088150970113
8.136366977067754 3.4559160810080662
8.1434102111078 3.46073216738027
8.150422863040651 3.4655371358212084
8.157405788317718 3.4703317609142195
8.164359860101355 3.475116868623814
8.171285968686474 3.4798933389525555
8.17818502080887 3.484662108726838
8.185057938828276 3.4894241745157784
8.191905659772932 3.4941805956872036
8.198729134231439 3.4989324976044562
8.205529325076338 3.5036810749673974
8.212307206002542 3.50842759530051
8.219063759862367 3.513173402590472
8.22579997677732 3.517919921074887
8.232516852005299 3.5226686591830227
8.23921538354003 3.527421213628459
8.245896569417896 3.532179273652354
8.252561404705306 3.5369446254146872
8.259210878137875 3.541719156529255
8.265845968380543 3.5465048607362877
8.272467639875687 3.5513038427044603
8.279076838244054 3.5561183229515714
8.285674485201111 3.5609506428703055
8.292261472949205 3.56580326984229
8.298838658003557 3.570678802419926
8.30540685440806 3.5755799755513378
8.311966826294588 3.580509665819031
8.318519279737629 3.585470896657559
8.325064853854176 3.5904668435095615
8.331604111097349 3.5955008388728977
8.33813752669093 3.600576377184215
8.344665477151395 3.605697119476165
8.351188227843693 3.61086689773646
8.357705919517675 3.6160897188871117
8.364218553773345 3.6213697682914594
8.370725977405563 3.6267114126848536
8.377227865582393 3.6321192024123503
8.383723703816333 3.6375978728431986
8.390212768694422 3.643152344817598
8.39669410734179 3.648787723966038
8.403166515604216 3.654509298725743
8.409628514948576 3.6603225368624552
8.41607832809647 3.666233080289155
8.422513853425697 3.672246737956746
8.428932638197432 3.678369476575496
8.435331850693787 3.6846074089105327
8.441708251381694 3.6909667793806045
8.448058163254663 3.697453946677152
8.454377441544436 3.70407536311133
8.460661443039884 3.710837550390824
8.466904995300807 3.7177470715271337
8.473102366109556 3.724810498578543
8.479247233563244 3.732034375945639
8.485332657273439 3.7394251789560857
8.49135105120775 3.746989267505225
8.497294158777741 3.7547328345599564
8.503153030848734 3.7626618493873316
8.508918007417442 3.770781995437216
8.514578703770887 3.779098602892053
8.520124002002136 3.787616575996968
8.525542048811657 3.7963403154009203
8.530820260564317 3.8052736358750217
8.535945336596981 3.8144196799264303
8.540903281776083 3.8237808279951393
8.545679439283951 3.833358606103887
8.55025853456234 3.8431535920256072
8.554624731257197 3.8531653212340964
8.558761699885986 3.8633921941063205
8.562652699784739 3.873831386042496
8.566280674683922 3.8844787623546
8.569628362009487 3.8953287999363506
8.572678415708948 3.906374517857952
8.575413542065268 3.9176074191163774
8.577816647589104 3.929017445806156
8.57987099768093 3.9405929499464145
8.581560384339731 3.9523206820979304
8.582869300777762 3.96418579972264
8.583783120397527 3.9761718969720268
8.584288277215347 3.988261057239853
8.584372444494598 4.000433929380622
8.584024708100216 4.012669827985996
8.583235730922324 4.024946857538632
8.581997904657275 4.037242059643147
8.580305485291337 4.0495315818881314
8.578154708814123 4.061790866245302
8.575543883998032 4.073994854288948
8.572473459512912 4.086118205948049
8.56894606319171 4.0981355280121985
8.564966511906167 4.110021608225211
8.56054179122948 4.121751650537893
8.55568100482784 4.133301506969243
8.55039529430442 4.14464790155197
8.544697730985556 4.155768642015159
8.538603181857788 4.16664281517785
8.532128152506788 4.177250962479005
8.525290610449186 4.187575232631638
8.518109792666412 4.197599509037067
8.510606001432187 4.20730951030039
8.50280039266604 4.216692862920213
8.4947147610452 4.225739145953942
8.486371325973822 4.234439908156284
8.477792522255509 4.242788658727569
8.469000798960266 4.250780833369896
8.460018429542195 4.258413737817147
8.450867335772287 4.265686471370284
8.441568927525157 4.27259983322775
8.43214395992226 4.279156214553491
8.422612408807387 4.285359479277581
8.412993365030596 4.291214836586432
8.403304947558901 4.296728707942576
8.393564235026156 4.301908591292348
8.383787214987956 4.30676292488772
8.373988749863557 4.3113009528806545
8.36418255832623 4.315532594558428
8.354381210744204 4.3194683187889655
8.344596137172207 4.323119024947168
8.334837646343138 4.326495931305532
8.325114954103968 4.3296104716022485
8.31543621977245 4.332474200252632
8.305808588954568 4.335098706448648
8.296238241449874 4.337495537198564
8.286730442976287 4.339676129194757
8.277289599561943 4.341651749262266
8.267919313573934 4.343433443032195
8.258622440478009 4.34503199140085
8.249401145545933 4.346457874274968
8.240256959845329 4.347721241063155
8.23119083495849 4.348831887350816
8.222203195980164 4.349799237187875
8.213293992438832 4.350632330422864
8.204462746870977 4.351339814531001
8.195708600853129 4.351929940405706
8.187030358362202 4.352410561610429
8.178426526391334 4.352789136619248
8.169895352796287 4.353072733608736
8.16143486138767 4.353268037399134
8.153042884316845 4.35338135817873
8.14471709182975 4.353418641680747
8.136455019483266 4.353385480516558
8.128254092934267 4.3532871264018995
8.12011165042239 4.353128503043943
8.112024963075108 4.352914219486081
8.103991253167656 4.3526485837342515
8.096007710472069 4.352335616513227
8.088071506828992 4.351979065023785
8.080179809073687 4.3515824165918895
8.072329790443959 4.351148912119237
8.064518640593215 4.350681559260644
8.05674357432634 4.350183145268109
8.049001839170215 4.349656249453945
8.04129072188443 4.349103255236373
8.03360755401124 4.3485263617405
8.025949716557406 4.34792759493582
8.01831464389397 4.347308818298406
8.010699826953866 4.346671742991906
8.003102815800984 4.346017937566505
7.995521221638519 4.3453488371791265
7.987952718318787 4.34466575234168
7.98039504341138 4.3439698772068445
7.972845998881531 4.343262297403205
7.965303451425854 4.342543997433228
7.957765332508269 4.341815867648916
7.950229638134837 4.341078710820963
7.942694428402457 4.340333248317831
7.935157826852942 4.339580125911624
7.927618019660737 4.338819919227789
7.9200732546796635 4.338053138855672
7.912521840371358 4.337280235136823
7.904962144635637 4.33650160264766
7.897392593560778 4.335717584392761
7.889811670109717 4.334928475724575
7.882217912756251 4.334134528004892
7.874609914083773 4.333335952022809
7.866986319357467 4.332532921183415
7.859345825079597 4.331725574480787
7.85168717753628 4.330914019268287
7.844009171343052 4.330098333838567
7.836310647995537 4.329278569825029
7.828590494430669 4.328454754435974
7.820847641603107 4.327626892531981
7.813081063080823 4.326794968556586
7.8052897736631595 4.325958948329696
7.797472828024171 4.325118780712691
7.789629319383503 4.324274399153615
7.781758378206682 4.323425723120383
7.773859170936284 4.3225726594294525
7.765930898755098 4.3217151034769365
7.757972796382141 4.320852940378756
7.749984130902088 4.319986046025952
7.741964200628474 4.3191142880609465
7.733912334000827 4.318237526780161
7.72582788851571 4.317355615968027
7.717710249691511 4.3164684036671455
7.709558830066714 4.315575732889003
7.701373068231238 4.314677442269382
7.693152427890365 4.313773366672331
7.684896396960726 4.312863337746295
7.676604486697683 4.31194718443578
7.668276230853485 4.311024733451685
7.65991118486545 4.310095809703233
7.651508925073458 4.309160236694241
7.643069047965971 4.308217836886269
7.634591169453816 4.307268432031019
7.626074924170918 4.30631184347421
7.6175199648012 4.3053478924329776
7.608925961430845 4.304376400248727
7.600292600925109 4.303397188617215
7.591619586328908 4.302410079797544
7.582906636290388 4.301414896801603
7.574153484506706 4.300411463565405
7.565359879191243 4.299399605103659
7.556525582561536 4.298379147648834
7.547650370347158 4.29734991877586
7.538734031316872 4.296311747513571
7.529776366824307 4.295264464443874
7.520777190371548 4.2942079017895916
7.511736327189903 4.293141893491837
7.50265361383727 4.2920662752777465
7.493528897811438 4.290980884719296
7.4843620371787365 4.289885561283929
7.475152900217451 4.288780146377607
7.465901365075428 4.287664483380937
7.456607319441337 4.28653841767888
7.447270660229052 4.285401796684597
7.437891293274643 4.284254469857905
7.428469133045494 4.283096288718796
7.419004102361069 4.281927106856418
7.409496132124863 4.280746779933932
7.399945161067118 4.279555165689577
7.390351135497857 4.278352123934294
7.380714009069844 4.277137516546206
7.3710337425510755 4.2759112074622525
7.361310303606424 4.274673062667223
7.351543666588075 4.273422950180464
7.341733812334401 4.272160740040457
7.331880727976957 4.270886304287502
7.321984406755246 4.269599516944693
7.312044847838979 4.268300253997357
7.302062056157508 4.266988393371146
7.292036042236162 4.265663814908911
7.281966822039198 4.264326400346521
7.271854416819127 4.262976033287751
7.261698852972139 4.261612599178362
7.251500161899403 4.260235985279478
7.241258379873997 4.258846080640383
7.230973547913257 4.257442776070819
7.220645711656324 4.256025964112864
7.210274921246687 4.254595539012507
7.1998612312195185 4.253151396690948
7.189404700393629 4.251693434715731
7.17890539176784 4.250221552271755
7.168363372421617 4.248735650132215
7.157778713419791 4.2472356306295405
7.147151489721198 4.245721397626383
7.136481780091107 4.244192856486666
7.125769667017262 4.242649914046782
7.115015236629415 4.241092478586937
7.104218578622205 4.239520459802699
7.093379786181258 4.237933768776766
7.0824989559123805 4.236332317950995
7.07157618777372 4.234716021098703
7.060611585010797 4.233084793297273
7.049605254094269 4.231438550901081
7.038557304660346 4.229777211514765
7.027467849453738 4.228100693966843
7.016337004273053 4.226408918283712
7.005164887918524 4.224701805664024
6.993951622142013 4.222979278453456
6.982697331599161 4.221241260119887
6.971402143803649 4.219487675228993
6.960066189083437 4.217718449420245
6.948689600538953 4.215933509383358
6.937272514003117 4.214132782835157
6.9258150680031605 4.212316198496876
6.914317403724152 4.2104836860719095
6.9027796649741715 4.208635176223997
6.891201998151065 4.206770600555854
6.8795845522107255 4.204889891588246
6.867927478636836 4.202992982739516
6.856230931412018 4.201079808305549
6.844495066990332 4.199150303440186
6.832720044271075 4.197204404136089
6.820906024573834 4.195242047206035
6.809053171614731 4.1932631702646646
6.7971616514838225 4.191267711710664
6.7852316326236135 4.18925561070939
6.773263285808625 4.187226807175922
6.761256784125987 4.185181241758552
6.7492123029570195 4.183118855822699
6.737130019959741 4.181039591435254
6.725010115052294 4.178943391349342
6.712852770397228 4.1768301989895065
6.700658170386621 4.174699958437308
6.688426501627995 4.1725526144173255
6.676157952930997 4.170388112283581
6.663852715294815 4.16820639800635
6.651510981896289 4.166007418159384
6.639132948078706 4.1637911199075175
6.626718811341228 4.1615574509946685
6.614268771328939 4.1593063597322315
6.601783029823481 4.157037794987842
6.589261790734252 4.154751706174524
6.576705260090142 4.152448043240214
6.56411364603178 4.150126756657645
6.551487158804268 4.147787797414603
6.538826010750385 4.145431117004539
6.5261304163042295 4.143056667417539
6.513400591985287 4.140664401131648
6.500636756392896 4.13825427110454
6.487839130201088 4.135826230765526
6.475007936153805 4.133380234007911
6.462143399060434 4.13091623518168
6.449245745791678 4.12843418908652
6.436315205275731 4.125934050965157
6.42335200849473 4.123415776497038
6.410356388481477 4.120879321792309
6.397328580316424 4.118324643386125
6.384268821124873 4.115751698233267
6.371177350074408 4.113160443703061
6.358054408372532 4.1105508375746105
6.34490023926448 4.107922838032325
6.331715088031212 4.105276403661745
6.318499201987568 4.102611493445666
6.30525283048056 4.099928066760541
6.291976224887795 4.0972260833731875
6.278669638616019 4.094505503437758
6.265333327099758 4.091766287493008
6.25196754780006 4.089008396459829
6.2385725602032975 4.086231791639064
6.225148625820053 4.083436434709586
6.211696008184042 4.08062228772665
6.198214972851092 4.077789313120503
6.184705787398138 4.074937473695269
6.171168721422238 4.072066732628074
6.157604046539601 4.069177053468442
6.144012036384607 4.066268400137936
6.1303929666088095 4.0633407369300585
6.116747114879912 4.060394028510384
6.10307476088071 4.057428239916952
6.089376186307985 4.054443336560896
6.075651674871343 4.05143928422731
6.061901512291979 4.048416049076362
6.048125986301375 4.045373597644623
6.034325386639901 4.042311896846654
6.02050000505533 4.039230913976801
6.006650135301236 4.036130616711231
5.992776073135287 4.033010973110188
5.978878116317414 4.029871951620473
5.964956564607837 4.026713521078142
5.951011719764959 4.02353565071143
5.93704388554311 4.020338310143883
5.923053367690128 4.0171214693977095
5.909040473944771 4.013885098897341
5.89500551403396 4.010629169473206
5.880948799669834 4.007353652365705
5.866870644546617 4.0040585192294
5.852771364337275 4.000743742137402
5.838651276689976 3.997409293585961
5.8245107012243365 3.9940551464992544
5.810349959527428 3.9906812742343765
5.7961693751495735 3.9872876505865205
5.781969273599891 3.983874249794356
5.767749982341599 3.980441046545595
5.753511830787064 3.976988015982751
5.739255150292593 3.9735151337090837
5.724980274152954 3.9700223757947306
5.710687537595629 3.9665097187830196
5.6963772777747765 3.9629771396969664
5.682049833764912 3.959424616045951
5.667705546554299 3.95585212583257
5.653344759038028 3.952259647559666
5.638967816010791 3.948647160237533
5.624575064159348 3.945014643391288
5.610166852054674 3.9413620770684186
5.5957435301437615 3.937689441846495
5.581305450741113 3.933996718841048
5.566852968019885 3.930283889713612
5.5523864380026815 3.9265509366799267
5.537906218552008 3.9227978425183045
5.523412669360362 3.9190245905781493
5.508906151939965 3.915231164788632
5.494387029612123 3.9114175496675228
5.479855667496221 3.9075837303301713
5.46531243249833 3.9037296924986356
5.450757693299445 3.899855422510961
5.436191820343312 3.8959609073305987
5.421615185823891 3.8920461345559723
5.407028163672389 3.8881110924301794
5.39243112954392 3.8841557698508327
5.377824460803732 3.8801801563800384
5.3632085365130395 3.8761842422545025
5.348583737414426 3.8721680183957736
5.33395044591684 3.8681314764206083
5.31930904608015 3.8640746086514652
5.304659923599284 3.85999740812712
5.290003465787927 3.855899868613404
5.275340061561785 3.8517819846140546
5.2606701014214075 3.8476437513816872
5.245993977434568 3.843485164928874
5.231312083218194 3.8393062220393337
5.216624813919851 3.8351069202792303
5.201932566198762 3.830887258008572
5.1872357382063905 3.8266472343927127
5.172534729566538 3.8223868494139506
5.157829941355001 3.8181061038832222
5.143121776078754 3.813804999451885
5.1284106376546665 3.809483538623594
5.113696931387749 3.805141724766257
5.0989810639489335 3.8007795621240774
5.0842634433523735 3.79639705582967
5.069544478932278 3.7919942119162573
5.054824581319264 3.787571037329933
5.0401041624162275 3.7831275399419977
5.025383635373749 3.778663728561353
5.010663414565004 3.7741796129469654
4.995943915560205 3.7696752038203782
4.981225555100558 3.7651505128782823
4.9665087510717365 3.760605552805134
4.951793922476873 3.7560403372858224
4.937081489409079 3.75145488101837
4.922371873023466 3.746849199726681
4.907665495508706 3.7422233101733147
4.8929627800580935 3.737577230172294
4.878264150840137 3.7329109786019337
4.863570032968677 3.728224575417694
4.84888085247251 3.7235180416650477
4.834197036264555 3.718791399492359
4.819519012110538 3.714044672163771
4.804847208597197 3.7092778840720935
4.790182055100032 3.7044910607516917
4.775523981750574 3.699684228891365
4.760873419403194 3.6948574163472174
4.7462307996014514 3.6900106521555074
4.731596554543978 3.6851439665454793
4.71697111704991 3.6802573909521685
4.702354920523863 3.6753509580291714
4.687748398920463 3.6704247016613833
4.673151986708426 3.665478656977691
4.658566118834206 3.6605128603636174
4.643991230685194 3.6555273494739184
4.629427758052497 3.6505221632451166
4.614876137093282 3.645497341907972
4.600336804292705 3.6404529269998878
4.585810196425418 3.6353889613772363
4.571296750516667 3.6303054892276077
4.556796903802991 3.62520255608197
4.54231109369251 3.6200802088267428
4.527839757724842 3.6149384957157644
4.513383333530606 3.609777466382163
4.498942258790575 3.604597171850116
4.484516971194444 3.5993976645464905
4.47010790839923 3.5941789983123678
4.45571550798733 3.5889412284144346
4.441340207424217 3.583684411556247
4.426982444015807 3.5784086058893463
4.4126426548654925 3.5731138710242347
4.398321276830846 3.5678002680411964
4.384018746480023 3.56246785950096
4.369735500047846 3.5571167094551956
4.3554719733916105 3.551746883456841
4.341228601946588 3.546358448570248
4.327005820681271 3.5409514733811487
4.312804064052342 3.535526028006424
4.29862376595939 3.5300821841036836
4.28446535969939 3.524620014880635
4.270329277920938 3.519139595104245
4.2562159525782794 3.5136410011096864
4.242125814885111 3.5081243108090576
4.2280592952682 3.5025896036998754
4.214016823320805 3.49703696087333
4.1999988277559295 3.491466465022299
4.186005736359408 3.485878200449109
4.172037975942846 3.480272253073045
4.158095972296422 3.474648710437595
4.144180150141568 3.469007661717427
4.13029093308353 3.463349197725089
4.116428743563844 3.457673410917432
4.102594002812719 3.451980395401738
4.088787130801349 3.44627024694156
4.075008546194176 3.440543062962257
4.0612586663011045 3.4347989425562266
4.047537907029688 3.4290379864878173
4.0338466828373045 3.4232602971979285
4.020185406683331 3.417465978808282
4.006554489981331 3.411655137125359
3.992954342551278 3.4058278796440065
3.9793853725718216 3.3999843155506917
3.965847986532609 3.394124555726415
3.95234258918669 3.3882487127492604
3.938869583503007 3.3823569008965912
3.9254293706189958 3.3764492361468754
3.912022349793302 3.370525836181139
3.8986489183586435 3.364586820384044
3.885309471674816 3.3586323098445803
3.872004403081877 3.3526624273563734
3.8587341038535077 3.346677297417595
3.8454989631505785 3.340677046230479
3.8322993679749318 3.3346618017004293
3.8191357031233952 3.328631693434724
3.8060083511420446 3.3225868527408067
3.7929176922807315 3.3165274126241573
3.7798641044478907 3.3104535077857453
3.7668479631656466 3.304365274619054
3.75386964152523 3.2982628512066774
3.740929510142724 3.292146377316482
3.7280279371151543 3.2860159943973297
3.7151652879769426 3.2798718455743647
3.7023419256567345 3.273714075643848
3.689558210434618 3.26754283106755
3.676814499899755 3.2613582599666886
3.6641111489084315 3.2551605121154172
3.6514485095425497 3.2489497389338493
3.638826931068576 3.24272609348063
3.6262467598969574 3.2364897304450424
3.613708339542023 3.23024080613865
3.6012120105823864 3.2239794784864735
3.588758110621868 3.2177059070177005
3.576346974250938 3.2114202528559233
3.5639789330087157 3.2051226787089075
3.551654315345519 3.1988133488578883
3.5393734465859947 3.192492429146391
3.5271366488928297 3.186160086968582
3.5149442412310714 3.1798164912571396
3.5027965393330587 3.1734618124706526
3.4906938556639817 3.1670962225805463
3.4786364993880876 3.1607198950575257
3.466624776335536 3.1543330048575506
3.4546589889699266 3.147935728407334
3.442739436356505 3.1415282435893648
3.4308664141310627 3.1351107297264593
3.4190402144695358 3.1286833675658423
3.407261126058328 3.122246339262754
3.395529434065354 3.115799828363591
3.383845420111825 3.10934401978858
3.372209362244779 3.1028790998139857
3.3606215349103756 3.096405256053856
3.3490822089279524 3.089922677441308
3.3375916514648702 3.0834315542093558
3.3261501260121356 3.0769320778712848
3.3147578923608285 3.0704244412005712
3.3034152065793307 3.063908838210359
3.292122320991371 3.057385464132488
3.2808794841548896 3.050854515396084
3.2696869408417335 3.044316189605711
3.2585449320181867 3.037770685519089
3.2474536948263433 3.031218203024393
3.23641346256633 3.024658943117115
3.2254244646793833 3.0180931078765196
3.2144869267317873 3.01152090044168
3.203601070399676 3.0049425249871073
3.1927671134547047 2.998358186697978
3.181985269750598 2.9917680917449654
3.1712557492105753 2.9851724472586754
3.1605787578156526 2.978571461303702
3.1499544975938365 2.9719653428523016
3.139383166610197 2.9653543017576958
3.1288649589578323 2.9587385487270046
3.118400064749726 2.952118295293824
3.1079886701114883 2.945493753790449
3.0976309571749985 2.9388651373197505
3.0873271040729313 2.9322326597267123
3.0770772849341816 2.92559653556964
3.066881669880175 2.9189569800910395
3.056740425022073 2.9123142091881857
3.0466537124588675 2.9056684393833754
3.0366216902763568 2.8990198877938824
3.0266445125470125 2.892368772101616
3.016722329330727 2.8857153105224924
3.0068552866764353 2.8790597217755334
2.9970435266246183 2.872402225051685
2.9872871872106743 2.8657430399823816
2.9775864024691563 2.85908238660785
2.9679413024388728 2.852420485345171
2.9583520131688466 2.845757556956097
2.94881865672512 2.8390938225146454
2.9393413511984123 2.832429503374464
2.9299202107126097 2.8257648211359845
2.920555345434092 2.8190999976133693
2.911246861581879 2.81243525480126
2.901994861438603 2.805770814841334
2.892799443362281 2.7991068999886806
2.8836607017988958 2.792443732578001
2.8745787272957695 2.7857815349896407
2.8655536065157188 2.779120529615465
2.8565854222519853 2.77246093882458
2.8476742534439397 2.765802984928912
2.83882017519353 2.7591468901486476
2.8300232587824885 2.7524928765775436
2.821283571690268 2.7458411661481192
2.8126011776127076 2.7391919805967246
2.8039761364814084 2.7325455414285074
2.7954085044838264 2.7259020698822725
2.7868983340840443 2.7192617868952476
2.7784456740442365 2.712624913067756
2.770050569446802 2.7059916686278074
2.761713061717156 2.69936227339561
2.7534331886471732 2.6927369467480062
2.7452109844192627 2.686115907582846
2.7370464796310747 2.679499374283287
2.7289397013208125 2.6728875646820467
2.7208906729931517 2.6662806960255927
2.712899414645746 2.6596789849382816
2.704965942796311 2.653082647386457
2.6970902705102713 2.646491898642494
2.6892724074289642 2.639906953248811
2.6815123597983845 2.633328024981836
2.673810130498457 2.626755326815938
2.666165719072828 2.6201890708873266
2.6585791217591677 2.6136294684579084
2.6510503315199627 2.6070767298791204
2.643579338073796 2.6005310645557222
2.6361661279270994 2.5939926809095586
2.628810684406372 2.587461786343288
2.6215129876908474 2.580938587204075
2.614273014845605 2.5744232887472442
2.607090739855115 2.5679160950999016
2.599966133657209 2.561417209224506
2.592899164177462 2.554926832882403
2.5858897963639813 2.5484451665973045
2.578937992222599 2.5419724096187206
2.57204371085245 2.535508759885332
2.565206908481939 2.529054413988298
2.5584275385050828 2.522609567134495
2.5517055515182294 2.5161744131096846
2.5450408953571437 2.5097491442415927
2.5384335151344564 2.5033339513629005
2.5318833532774785 2.4969290237741366
2.5253903495663703 2.4905345492064597
2.518954441172673 2.484150713784326
2.5125755626981943 2.4777777019880243
2.5062536462142564 2.471415696616078
2.4999886213013007 2.465064878747489
2.4937804150888576 2.4587254277038264
2.487628952295885 2.4523975210111333
2.481534155271481 2.4460813343616516
2.4754959440359725 2.4397770415753364
2.4695142363223996 2.4334848145611603
2.4635889476183936 2.42720482327818
2.4577199912084713 2.4209372356963583
2.4519072782167477 2.4146822177571194
2.4461507176500943 2.408439933333627
2.44045021644175 2.402210544190759
2.4348056794954127 2.3959942099447717
2.4292170097298236 2.389791088022629
2.4236841081238767 2.3836013336209776
2.418206873762275 2.3774250996647552
2.4127852038817617 2.371262536765405
2.407418993917956 2.365113793178688
2.4021081375528386 2.35897901476206
2.396852526762899 2.352858344931609
2.3916520518680153 2.3467519246185202
2.3865066015810856 2.3406598922250605
2.3814160630584635 2.3345823835800577
2.3763803219512543 2.328519531893854
2.371399262457516 2.3224714677127247
2.3664727673754253 2.316438318872735
2.36160071815747 2.3104202104530223
2.3567829949657315 2.3044172647284906
2.3520194767283265 2.2984296011219003
2.3473100411970815 2.292457336155336
2.342654565006521 2.2865005834010526
2.338052923734245 2.280559453431672
2.333504991962792 2.2746340537697414
2.329010643343078 2.2687244888366367
2.324569750659504 2.2628308599008053
2.3201821858968477 2.256953265025362
2.3158478203090365 2.2510917990150245
2.3115665244899297 2.2452465533624113
2.3073381684462224 2.2394176161937005
2.303162621672603 2.2336050722136744
2.2990397532293025 2.227809002650166
2.2949694318221687 2.222029485197935
2.2909515258854243 2.216266593962008
2.2869859036672553 2.210520399400518
2.2830724333183943 2.2047909682670968
2.2792109829838734 2.1990783635528683
2.2754014208981177 2.1933826444281115
2.2716436154835655 2.1877038661836647
2.267937435453007 2.1820420801721596
2.264282749915842 2.1763973337491715
2.2606794284884635 2.1707696702144053
2.2571273414089736 2.1651591287530296
2.253626359656465 2.159565744377305
2.250176355075085 2.1539895478686466
2.2467772005031215 2.148430565720303
2.243428769907349 2.1428888200808287
2.2401309385228867 2.1373643286985633
2.2368835829988076 2.131857104867345
2.233686581549774 2.1263671573737075
2.230539814113939 2.120894490445837
2.227443162517392 2.1154391037045923
2.224396510645406 2.110000992116914
2.221399744620754 2.104580145951982
2.2184527529893594 2.099176550740515
2.2155554269135416 2.0937901872376252
2.21270766037312 2.0884210313897005
2.20990935037462 2.0830690543057937
2.207160397168832 2.0777342222340653
2.2044607044769573 2.0724164965438465
2.2018101797255514 2.0671158337139457
2.199208734290476 2.061832185327861
2.1966562837500376 2.056565498076603
2.194152748147468 2.051315713769897
2.19169805226288 2.0460827693565635
2.18929212589479 2.040866596954943
2.1869349041512707 2.0356671238942816
2.1846263277507356 2.0304842727680414
2.182366343332337 2.025317961500164
2.180154903775872 2.020168103425366
2.1779919685310416 2.0150346073846026
2.175877503955851 2.009917377836896
2.1738114836638283 2.0048163149887706
2.1717938888796864 1.999731314942597
2.169824708802934 1.9946622698652068
2.167903940978846 1.989609068178165
2.16603159167609 1.9845715947711593
2.164207676270171 1.9795497312399846
2.162432219631732 1.9745433561506487
2.1607052565185967 1.969552345331145
2.159026831970281 1.9645765721924564
2.157397001703528 1.959615908080371
2.155815832507255 1.9546702226596782
2.154283402635089 1.949739384332303
2.152799802193483 1.9448232606909068
2.15136513352318 1.939921719009429
2.1499795115715767 1.9350346267719862
2.148643064253306 1.9301618522414479
2.1473559327961143 1.9253032650689046
2.1461182720688683 1.9204587369451047
2.144930250888289 1.9156281422947712
2.143792052300726 1.9108113590145155
2.1427038738350803 1.9060082692548401
2.141665927722698 1.9012187602464599
2.140678441079839 1.8964427251708749
2.1397416560480957 1.89168006407479
2.1388558298879063 1.8869306848276066
2.1380212350201417 1.8821945041207901
2.1372381590105505 1.8774714485074655
2.1365069044917253 1.8727614554800904
2.135827789017152 1.8680644745835215
2.135201144841844 1.8633804685602033
2.134627318624064 1.8587094145236023
2.1341066710426806 1.8540513051553489
2.1336395763248373 1.8494061499208725
2.1332264216787875 1.844773976297609
2.132867606627028 1.8401548310091302
2.13256354223521 1.835548781257808
2.132314650232766 1.830955915947883
2.132121362021713 1.8263763468900804
2.13198411757077 1.8218102099781879
2.1319033641926435 1.817257666327341
2.131879555203231 1.812718903363112
2.1319131484624334 1.808194135849926
2.13200460479735 1.8036836068468272
2.1321543863098174 1.799187588578202
2.1323629545715024 1.7947063832067818
2.132630768711155 1.7902403234960562
2.132958283400024 1.7857897733492212
2.133345946742977 1.7813551282119002
2.133794198084379 1.776936815326192
2.1343034657393662 1.7725352938240904
2.1348741646627265 1.76815105464901
2.1355066940691225 1.7637846202950551
2.1362014350199128 1.7594365443547708
2.136958747993214 1.7551074108674432
2.1377789704551713 1.7507978334615415
2.138662414451536 1.746508454286624
2.1396093642396607 1.742239942731956
2.1406200739817716 1.737992993931165
2.141694765520945 1.7337683270545088
2.1428336262614818 1.7295666833926788
2.1440368071753872 1.7253888242385091
2.1453044209563563 1.7212355285754557
2.1466365403420493 1.7171075905842175
2.148033196624513 1.7130058169813396
2.1494943783673355 1.708931024206032
2.151020030346549 1.7048840354737134
2.1526100527304144 1.7008656777168807
2.154264300511054 1.6968767784357937
2.1559825831984836 1.692918162483092
2.1577646647849402 1.6889906488077915
2.159610263984591 1.6850950471851178
2.161519054750731 1.6812321549592812
2.1634906670695364 1.677402753826575
2.1655246880263554 1.6736076066860717
2.1676206631374493 1.6698474545846889
2.1697780979371073 1.6661230137825092
2.1719964598072083 1.6624349729629806
2.1742751800336055 1.6587839906110138
2.1766136560712637 1.6551706925800482
2.1790112539979085 1.651595669866949
2.1814673111340404 1.648059476611115
2.183981138805656 1.644562628331518
2.1865520252248167 1.6411056004125693
2.1891792384623963 1.6376888268467968
2.1918620294869022 1.6343126992393573
2.1945996352432116 1.6309775660764512
2.197391281745339 1.6276837322568196
2.2002361871580334 1.624431458882719
2.2031335648429353 1.621220963304124
2.2060826263463067 1.6180524194074741
2.209082584306847 1.6149259581380435
2.2121326552638525 1.6118416682430372
2.215232062347879 1.6087995972208138
2.218380037838128 1.605799752460194
2.2215758255729092 1.6028421025526818
2.224818683201747 1.5999265787595702
2.228107884269903 1.5970530766153332
2.2314427201282787 1.5942214576484128
2.2348225016638215 1.5914315512004755
2.238246560847588 1.5886831563254156
2.241714252099587 1.5859760437498036
2.2452249534713298 1.583309957877106
2.2487780676486877 1.5806846188187778
2.2523730227791607 1.578099724436273
2.256009273129008 1.5755549523790595
2.259686299576843 1.5730499621048653
2.263403609951299 1.5705843968695927
2.267160739221173 1.5681578856755802
2.270957249547117 1.5657700451681602
2.274792730204427 1.563420481471736
2.2786667973868124 1.5611087919578401
2.282579093901227 1.5588345669388672
2.2865292887639117 1.5565973912823385
2.2905170767077436 1.5543968459416724
2.2945421776108312 1.5522325094004792
2.298604335856065 1.5501039590283865
2.3027033196309876 1.5480107723472833
2.306838920177002 1.545952528207704
2.3110109509964536 1.5439288078757991
2.3152192470256927 1.541939196032004
2.319463663781679 1.539983281683084
2.3237440764891915 1.5380606589897374
2.328060379195152 1.536170928012354
2.3324124838760394 1.5343136953778898
2.3368003195438227 1.5324885748710881
2.34122383135533 1.5306951879535196
2.345682979729432 1.5289331642140631
2.3501777394759427 1.527202141754579
2.35470809893965 1.5255017675145897
2.35927405916244 1.5238316975388089
2.363875633066064 1.5221915971913573
2.3685128446576793 1.5205811413204566
2.3731857282599322 1.5190000143773317
2.377894327767023 1.5174479104929546
2.3826386959278514 1.5159245335161573
2.3874188936570735 1.5144295970165136
2.392234989374631 1.512962824255251
2.3970870583740918 1.5115239481273062
2.4019751822199127 1.5101127110774846
2.4068994481735677 1.5087288649935253
2.411859948648313 1.507372171078708
2.4168567806922177 1.5060423997064822
2.421890045498973 1.5047393302594316
2.4269598479458776 1.503462750954736
2.432066296158326 1.5022124586581307
2.43720950110003 1.5009882586882146
2.442389576188168 1.4997899646128179
2.447606636932598 1.4986173980389899
2.4528608005982413 1.4974703883980451
2.458152185889709 1.496348772726968
2.4634809126572415 1.4952523954473638
2.4688471016230173 1.4941811081430245
2.474250874126878 1.4931347693370716
2.47969235189054 1.492113244269539
2.4851716567993556 1.4911164046761616
2.490688910700714 1.4901441285690544
2.496244235218179 1.4891963000198745
2.5018377515804984 1.4882728089459947
2.507469580464627 1.4873735509001416
2.5131398418519453 1.4864984268638866
2.518848654896872 1.4856473430453219
2.5245961378071105 1.4848202106812032
2.5303824077347845 1.4840169458437822
2.536207580677766 1.4832374692525185
2.5420717713905123 1.4824817060908138
2.5479750933037715 1.4817495858278757
2.5539176584525376 1.481041042045791
2.559899577411681 1.480356012271847
2.565920959238687 1.4796944378161332
2.5719819114229896 1.479056263614407
2.578082539841395 1.4784414380762116
2.5842229487191273 1.4778499129382003
2.59040324059606 1.477281643122608
2.596623516297706 1.4767365866008018
2.602883874910582 1.4762147042618323
2.609184413761575 1.4757159597858835
2.6155252284009696 1.4752403195225297
2.6219064125888023 1.4747877523736845
2.628328058284254 1.4743582296811346
2.6347902556377867 1.4739517251185326
2.64129309298576 1.4735682145877322
2.6478366568472915 1.47320767611934
2.654421031923115 1.4728700897773543
2.661046301096241 1.4725554375677672
2.667712545434203 1.4722637033509982
2.674419844192721 1.4719948727580345
2.681168274820602 1.4717489331101472
2.6879579129657194 1.4715258733420593
2.6947888324819362 1.4713256839284412
2.701661105436817 1.4711483568136055
2.708574802120027 1.470993885344287
2.715529991052286 1.4708622642053835
2.7225267389947816 1.470753489358544
2.7295651109589434 1.4706675579834887
2.7366451702164833 1.4706044684219504
2.743766978309633 1.4705642201241305
2.750930595061491 1.4705468135975637
2.7581360785864244 1.4705522503582873
2.7653834853004535 1.4705805328842196
2.7726728699315712 1.4706316645706496
2.780004285529944 1.4707056496877438
2.7873777834779476 1.4708024933399844
2.7947934134999994 1.4709222014274475
2.8022512236721506 1.4710647806088415
2.809751260431402 1.471230238266222
2.8172935685847196 1.4714185824713077
2.8248781913177217 1.4716298219533217
2.8325051702030124 1.4718639660682857
2.8401745452081486 1.472121024769698
2.8478863547032147 1.4724010085805304
2.8556406354680006 1.4727039285664763
2.863437422698759 1.4730297963103933
2.871276750014541 1.4733786238878785
2.8791586494631005 1.47375042384392
2.887083151526353 1.474145209170572
2.895050285125395 1.4745629932856
2.903060077625071 1.4750037900120478
2.9111125548380876 1.4754676135586793
2.919207741028686 1.4759544785012453
2.9273456589158453 1.4764643997645384
2.935526329676052 1.4769973926051883
2.9437497729456075 1.4775534725951616
2.952016006822496 1.4781326556059253
2.9603250478678076 1.4787349577932403
2.968676911106723 1.479360395582548
2.977071610029061 1.480008985654917
2.9855091565894045 1.4806807449335186
2.993989561206796 1.4813756905706028
3.0025128327640203 1.4820938399349406
3.0110789786064753 1.482835210599711
3.0196880045406433 1.483599820330802
3.0283399148321615 1.4843876870755044
3.0370347122035057 1.4851988289515687
3.045772397831297 1.4860332642366083
3.054552971343229 1.4868910113578242
3.063376430814634 1.4877720888820305
3.072242772764696 1.4886765155059607
3.0811519921523045 1.4896043100468377
3.090104082371582 1.4905554914331867
3.099099035247071 1.4915300786958776
3.108136841028598 1.4925280909593763
3.1172174883858292 1.4935495474331917
3.126340964402514 1.4945944674035057
3.135507254570436 1.4956628702249666
3.144716342783068 1.496754775312637
3.153968211328958 1.4978702021340833
3.163262840884833 1.499009170201591
3.1726002105084428 1.5001716990644993
3.1819802976311524 1.501357808301638
3.191403078050285 1.502567517513863
3.2008685259212246 1.503800846316676
3.210376613749293 1.5050578143329179
3.219927312381402 1.5063384411855312
3.2295205909974953 1.5076427464903808
3.239156417101782 1.508970749849123
3.2488347565137707 1.510322470842119
3.2585555733591214 1.5116979290213812
3.2683188300603074 1.5130971439035497
3.278124487327108 1.5145201349628896
3.287972504146933 1.5159669216243017
3.2978628377749897 1.5174375232563464
3.3077954437242965 1.5189319591642667
3.3177702757555543 1.5204502485830136
3.327787285866882 1.521992410670261
3.3378464242834207 1.5235584644994122
3.3479476394468173 1.5251484290525885
3.358090878004591 1.5267623232135983
3.368276084799396 1.5284001657608808
3.378503202858179 1.530061975360422
3.388772173381244 1.5317477705586398
3.3990829357312293 1.5334575697752315
3.409435427422007 1.5351913912959854
3.4198295841075015 1.5369492532655487
3.4302653395704494 1.5387311736801523
3.4407426257110907 1.5405371703802884
3.451261372535808 1.5423672610433383
3.461821508145721 1.544221463176148
3.4724229587252333 1.5460997941075503
3.4830656485305487 1.5480022709808308
3.4937494998781533 1.549928910746135
3.5044744331332778 1.5518797301528167
3.5152403666983423 1.5538547457417242
3.526047217001385 1.555853973837423
3.5368948984844923 1.5578774305403555
3.5477833235922254 1.5599251317189342
3.558712402760053 1.5619970930015672
3.5696820444027964 1.5640933297686177
3.5806921549030934 1.5662138571442923
3.591742638599886 1.568358689988462
3.6028333977769322 1.5705278428884102
3.6139643326513617 1.5727213301505107
3.62513534136226 1.574939165791834
3.6363463199593093 1.5771813635316807
3.6475971623914716 1.5794479367830427
3.658887760495735 1.5817388986439904
3.670218003985915 1.5840542618889872
3.6815877804415305 1.5863940389601305
3.692996975296745 1.5887582419583182
3.7044454718293904 1.5911468826343425
3.7159331511500704 1.5935599723799092
3.7274598921913547 1.5959975222185838
3.739025571697063 1.5984595427966646
3.75063006421165 1.60094604437398
3.7622732420696927 1.6034570368146182
3.773954975385485 1.605992529577577
3.7856751320427464 1.6085525317073486
3.7974335776844494 1.611137051824428
3.809230175702769 1.613746098115751
3.8210647872291617 1.6163796783250644
3.8329372711245737 1.6190377997432217
3.844847483969793 1.6217204691984135
3.8567952800559375 1.6244276930463277
3.8687805113750975 1.6271594771602405
3.8808030276111216 1.6299158269210439
3.8928626761305676 1.632696747207205
3.90495930197381 1.6355022423846595
3.917092747846316 1.6383323162966437
3.92926285411009 1.6411869722534613
3.9414694587752965 1.6440662130221897
3.953712397492061 1.6469700408163244
3.965991503542456 1.6498984572853648
3.978306607832675 1.652851463504341
3.9906575388854035 1.655829059963285
4.003044122832383 1.6588312465566433
4.015466183407181 1.6618580225726376
4.027923541938169 1.664909386682573
4.040416017341707 1.667985336930092
4.052943426115548 1.6710858707203813
4.065505582332461 1.6742109848093274
4.078102297634077 1.6773606752926293
4.090733381224965 1.6805349375948617
4.103398639866943 1.6837337664584973
4.116097877873619 1.686957155932887
4.128830897105181 1.6902050993631992
4.141597496963428 1.6934775893793208
4.154397474387049 1.696774617884723
4.167230623847161 1.7000961760452913
4.180096737343097 1.7034422542781233
4.192995604398462 1.7068128422402962
4.205927012057453 1.710207928817604
4.2188907448814446 1.7136275021132703
4.231886584945851 1.7170715494366353
4.244914311837266 1.7205400572918197
4.25797370265088 1.7240330113663695
4.271064531988189 1.7275503965198817
4.2841865719549785 1.731092196772615
4.29733959215962 1.734658395294085
4.310523359711642 1.7382489743916512
4.323737639220614 1.7418639154990911
4.33698219279533 1.745503199165171
4.3502567800432965 1.7491668050422096
4.363561158070534 1.7528547118746423
4.376895081481688 1.7565668974875848
4.3902583023804596 1.7603033387753992
4.403650570370355 1.7640640116902686
4.417071632555765 1.7678488912307755
4.430521233543354 1.771657951430495
4.443999115443802 1.7754911653466006
4.457505017873858 1.7793485050484836
4.471038677958749 1.7832299416063955
4.484599830334911 1.7871354450801082
4.498188207153076 1.791064984507602
4.5118035380816925 1.7950185278937782
4.525445550310707 1.7989960421992022
4.5391139685556805 1.8029974933288804
4.552808515062275 1.8070228461210727
4.566528909611084 1.8110720643361422
4.580274869522829 1.8151451106454495
4.594046109663913 1.8192419466202872
4.60784234245234 1.8233625327208665
4.621663277864003 1.8275068282853515
4.635508623439339 1.831674791518948
4.649378084290353 1.8358663794830492
4.663271363108018 1.8400815480844408
4.677188160170056 1.8443202520645692
4.691128173349082 1.848582444988876
4.705091098121142 1.8528680792362004
4.719076627574629 1.8571771059882574
4.73308445241958 1.8615094752191854
4.747114260997358 1.8658651356851803
4.7611657392907265 1.8702440349142044
4.775238570934311 1.874646119195787
4.789332437225446 1.8790713335709068
4.80344701713542 1.8835196218219723
4.817581987321115 1.887990926462894
4.831737022137036 1.892485188729255
4.845911793647736 1.8970023485685852
4.86010597164065 1.9015423446307378
4.8743192236393105 1.9061051142583771
4.888551214916979 1.9106905934775762
4.902801608510667 1.91529871698853
4.917070065235564 1.9199294181563873
4.931356243699864 1.9245826290022041
4.9456598003200005 1.9292582801940228
4.959980389336281 1.933956301038079
4.974317662828929 1.9386766194701408
4.988671270734525 1.9434191620469836
5.00304086086286 1.948183853938004
5.017426078914191 1.9529706189169742
5.031826568496902 1.9577793793539426
5.0462419711455695 1.9626100562072848
5.060671926339437 1.9674625690159049
5.075116071521296 1.9723368358915918
5.089574042116763 1.9772327735115367
5.10404547155398 1.9821502971110112
5.118529991283698 1.9870893204762112
5.133027230799784 1.99204975593727
5.147536817660122 1.9970315143614432
5.162058377507918 2.002034505146469
5.176591534093414 2.0070586362141083
5.191135909295993 2.0121038140038645
5.205691123146697 2.0171699434668913
5.220256793851138 2.022256928060087
5.234832537812807 2.0273646697403804
5.249417969656787 2.032493068959213
5.264012702253859 2.0376420246572184
5.2786163467449985 2.0428114342591
5.293228512566277 2.0480011936687195
5.307848807474142 2.0532111972643845
5.3224768375711 2.0584413378943522
5.337112207331782 2.0636915068725448
5.351754519629398 2.068961593974479
5.36640337576257 2.0742514874334175
5.381058375482564 2.0795610739367407
5.395719117020881 2.084890238622544
5.410385197117251 2.0902388650764623
5.425056211047985 2.095606835328725
5.439731752654705 2.100994029851444
5.454411414373457 2.10640032755614
5.469094787264178 2.1118256057915015
5.483781461040542 2.1172697403413916
5.49847102410016 2.1227326054230926
5.51316306355515 2.128214073685802
5.527857165263058 2.133714016209373
5.542552913858144 2.139232302503306
5.557249892783007 2.144768800505999
5.571947684320573 2.150323376584242
5.586645869626421 2.1558958955329866
5.601344028761452 2.161486220575354
5.616041740724903 2.167094213362925
5.630738583487692 2.1727197339762823
5.6454341340260985 2.1783626409258208
5.6601279683557735 2.1840227911528305
5.674819661566072 2.189700040030842
5.689508787854711 2.1953942413672505
5.704194920562746 2.2011052474052097
5.718877632209858 2.2068329088257994
5.733556494529951 2.2125770747504734
5.74823107850707 2.218337592743784
5.762900954411596 2.2241143088163837
5.777565691836766 2.2299070674283126
5.7922248597354695 2.2357157114925625
5.806878026457347 2.2415400823789304
5.821524759786164 2.2473800199181517
5.83616462697748 2.253235362406321
5.850797194796588 2.259105946609601
5.865422029556723 2.2649916077692174
5.880038697157554 2.2708921796067427
5.894646763123928 2.27680749432967
5.909245792644879 2.282737382637274
5.923835350612899 2.288681673726769
5.938415001663451 2.29464019529975
5.952984310214736 2.3006127735689317
5.967542840507706 2.3065992332651772
5.982090156646306 2.3125993976448203
5.9966258226379585 2.318613088497275
6.011149402434276 2.3246401261529464
6.025660459971993 2.3306803294914302
6.040158559214133 2.336733515950002
6.054643264191373 2.3427995015324052
6.069114139043638 2.3488781008179265
6.083570748061889 2.3549691269707664
6.098012655730124 2.361072391749703
6.1124394267675735 2.367187705518044
6.126850626171088 2.373314877253871
