1 0
1.0064713398474192 0.009967851345630963
1.0130480739110859 0.019871302618614282
1.0197320206261014 0.029710151535765027
1.0265250399949972 0.03948420231333507
1.0334290346255472 0.04919326568702365
1.0404459507973989 0.058837158931334746
1.0475777795584384 0.06841570587827916
1.0548265578517169 0.077928736935419
1.062194369673779 0.08737608910325217
1.0696833472648206 0.09675760599193685
1.0772956723324953 0.1060731378373537
1.0850335773096291 0.11532254151650237
1.092899346646559 0.124505680562233
1.100895318139814 0.13362242517731088
1.10902388429776 0.14267265224781095
1.1172874937438233 0.15165624535584213
1.125688652658703 0.1605730947916012
1.134229926262817 0.16942309756475382
1.1429139403396829 0.17820615741514095
1.1517433828013894 0.18692218482281017
1.1607210052973596 0.19557109701737077
1.1698496248672154 0.20415281798667245
1.1791321256394514 0.21266727848480624
1.188571460576835 0.22111441603942555
1.1981706532691292 0.22949417495838803
1.2079327997752702 0.2378065063357178
1.2178610705156263 0.24605136805688613
1.2279587122156626 0.25422872480341074
1.2382290499021538 0.2623385480567735
1.2486754889534353 0.2703808161016555
1.2593015172049464 0.2783555140284892
1.2701107071104607 0.28626263373532723
1.2811067179613969 0.2941021739290299
1.292293298165305 0.30187414012576713
1.3036742875837068 0.3095785446508373
1.3152536199314244 0.31721540663780307
1.32703532523863 0.3247847520269441
1.3390235323764843 0.3322866135630255
1.3512224716472607 0.3397210307923837
1.3636364774408152 0.3470880500593297
1.3762699909579825 0.3543877245018694
1.3891275630018225 0.36162011404674194
1.4022138568382647 0.36878528540377625
1.4155336511264034 0.37588331205956654
1.429091842919837 0.3829142742704671
1.4428934507393398 0.3898782590549074
1.4569436177179287 0.3967753601850284
1.471247614818689 0.40360567817764037
1.4858108441260796 0.4103693202845028
1.500638842210229 0.41706640048192767
1.5157372835651266 0.42369703945970816
1.5311119841206455 0.43026136460937225
1.546768904827461 0.4367595100117632
1.5627141553153256 0.44319161642394833
1.5789539976231932 0.4495578312654565
1.595494850000952 0.45585830860384674
1.6123432907809758 0.462093209139608
1.6295060623177968 0.468262700190393
1.6469900749944613 0.47436695567458775
1.6648024112934672 0.48040615609421666
1.682950329928262 0.48638048851718596
1.7014412700329282 0.4922901465588677
1.7202828554065706 0.4981353303630258
1.7394828988071251 0.5039162465820854
1.7590494062903512 0.5096331083567481
1.7789905815878497 0.5152861352949548
1.79931483051767 0.5208755534501989
1.8200307654206844 0.526401595299191
1.841147209614447 0.531864499718878
1.8626732018544294 0.5372645119628178
1.8846180007934936 0.5426018836369142
1.9069910894283577 0.5478768726745119
1.9298021795192357 0.5530897433108556
1.9530612159694452 0.558240766056915
1.976778381149818 0.5633302176725791
2.0009640991494337 0.5683583811392211
2.025629039935081 0.5733255456316386
2.050784123398467 0.57823200648937
2.076440523267773 0.5830780651873905
2.102609670858614 0.5878640293061907
2.1293032586368628 0.592590212501242
2.1565332435642928 0.5972569344718492
2.1843118501929 0.6018645209293962
2.2126515734720447 0.6064133035649854
2.2415651812299378 0.6109036200164757
2.271065716286944 0.6153358138349231
2.3011664981532602 0.619710234450424
2.3318811242614403 0.6240272371373677
2.3632234706784 0.6282871829791008
2.3952076922372436 0.6324904388320055
2.4278482220254216 0.6366373772889982
2.4611597701586563 0.6407283766424487
2.4951573217642937 0.6447638208465267
2.5298561340941297 0.6487440994789772
2.5652717326778487 0.6526696077023295
2.601419906420957 0.656540746224544
2.6383167015468767 0.6603579212590994
2.6759784142710425 0.6641215444845261
2.7144215820897726 0.6678320330033879
2.7536629735564238 0.6714898093007173
2.7937195764078613 0.6750953012019083
2.8346085838957764 0.6786489418300705
2.8763473791666057 0.6821511695628496
2.918953517523198 0.6856024279887172
2.9624447063891406 0.6890031658627352
3.0068387827879777 0.6923538370617999
3.052153688134869 0.695654900539367
3.098407440125836 0.6989068202796668
3.145618101500015 0.7021100652514101
3.1938037454344808 0.7052651093609912
3.2429824173186588 0.7083724314051926
3.293172092643386 0.7114325150233951
3.344390630725454 0.7144458486492994
3.3966557239751136 0.7174129254621622
3.4499848424030106 0.7203342433375536
3.504395173048721 0.7232103047976388
3.559903554003333 0.7260416169609909
3.6165264026882493 0.7288286914919373
3.6742796380415763 0.7315720445494472
3.7331785962581985 0.7342721967355634
3.7932379397230296 0.7369296730433843
3.8544715587746077 0.7395450028046008
3.916892465936762 0.7421187196365936
3.980512682258716 0.744651361389096
4.045343115413578 0.7471434700904269
4.111393429216699 0.7495955918932998
4.178671904243589 0.7520082770202133
4.247185289253416 0.7543820797084275
4.31693864315476 0.7567175581545325
4.387935167290952 0.7590152744586138
4.46017602787185 0.7612757945680214
4.533660168438881 0.763499688220745
4.6083841123210805 0.7656875288884049
4.684341755123258 0.7678398937188609
4.761524147384779 0.7699573634784462
4.839919267659154 0.772040522493832
4.919511786392331 0.7740899585935276
5.000282821121608 0.7761062630490226
5.082209683679485 0.7780900305155769
5.165265620267061 0.7800418589726634
5.249419545460495 0.7819623496640706
5.334635771432741 0.7838521070376695
5.42087373391002 0.7857117386848524
5.508087716638581 0.7875418552796483
5.59622657641032 0.789343070517521
5.685233470984926 0.7911160010538577
5.775045592548862 0.7928612664421519
5.865593909665897 0.7945794890718886
5.956802920990542 0.7962712941061374
6.048590424341458 0.7979373094188604
6.140867305045712 0.7995781655319413
6.233537347770387 0.801194495551941
6.326497076351232 0.8027869351065894
6.419635626379296 0.8043561222810165
6.5128346555312 0.8059026975537328
6.605968296801576 0.8074273037323638
6.698903159905542 0.8089305858891475
6.791498386154537 0.8104131912961998
6.883605762060985 0.8118757693605578
6.975069896782455 0.8133189715590061
7.065728468253071 0.814743451372695
7.1554125424686275 0.816149864221557
7.243946969879433 0.8175388673985308
7.331150862191765 0.8189111200035984
7.416838152082043 0.8202672828776457
7.500818237375237 0.8216080185361515
7.5828967101591145 0.8229339911027154
7.662876170077162 0.8242458662424309
7.740557119686767 0.8255443110951124
7.815738938322932 0.8268299942083828
7.888220929350576 0.8281035854706309
7.957803434108163 0.829365756043846
8.024289004216401 0.8306171782963361
8.087483622326925 0.831858525735339
8.147197959858381 0.8330904729395326
8.203248658817811 0.8343136954914517
8.255459623544564 0.835528869909819
8.303663307135034 0.8367366735817962
8.34770197645803 0.8379377846951624
8.387428939145225 0.8391328821704268
8.422709715711793 0.8403226455928795
8.453423140070484 0.8415077551445894
8.479462372204617 0.8426888915363527
8.500735807613864 0.8438667359395986
8.517167869370747 0.8450419699182564
8.528699670193527 0.8462152753605907
8.535289533823015 0.8473873344110077
8.53691336715491 0.8485588294018382
8.533564876963196 0.8497304427851037
8.525255627598616 0.8509028570642658
8.512014938685972 0.8520767547259691
8.493889624516063 0.8532528181717767
8.470943579453735 0.854431729649907
8.443257216192485 0.8556141711869745
8.410926766020289 0.8568008245197396
8.374063452346688 0.8579923710268735
8.332792550549222 0.8591894916607412
8.28725234867557 0.8603928668792097
8.237593024658226 0.8616031765774864
8.183975456463388 0.8628211000199937
8.12656998197935 0.8640473157722846
8.06555512547104 0.8652825016330074
8.00111630712075 0.8665273345659248
7.933444551545344 0.8677824906319941
7.862735210275776 0.8690486449215158
7.789186712050596 0.8703264714863576
7.712999353447029 0.8716166432722606
7.63437414091386 0.872919832051237
7.55351169370324 0.8742367083540634
7.4706112155879145 0.8755679414028814
7.385869541638271 0.8769141990439105
7.299480264744065 0.8782761476802824
7.2116329450403756 0.879654452205004
7.122512403966281 0.8810497759340581
7.032298103366228 0.8824627805396482
6.941163608850654 0.8838941259835971
6.849276135579581 0.8853444704509048
6.756796173728868 0.8868144702834767
6.663877190139417 0.8883047799140268
6.570665402031126 0.8898160518001654
6.477299618187186 0.8913489363586788
6.38391114266819 0.8929040819000077
6.290623735886609 0.8944821345629324
6.197553627752212 0.896083738249472
6.104809577574796 0.8977095345600054
6.012492975471742 0.8993601627286198
5.920697980154187 0.9010362595586954
5.829511688152751 0.9027384593587318
5.739014329778788 0.9044673938784246
5.6492794873830805 0.9062236922449971
5.560374331769733 0.9080079808997955
5.472359872933291 0.9098208835351528
5.385291221606295 0.911663021031529
5.299217858427536 0.9135350113949338
5.214183907860512 0.9154374696946372
5.130228414301875 0.9173710080011761
5.0473856181207575 0.919336235324661
4.965685229654878 0.9213337575533915
4.8851526994587395 0.9233641773927841
4.805809483350837 0.9254280943046203
4.727673301038973 0.9275261044466201
4.650758387316859 0.9296588006123477
4.575075735019317 0.931826772171454
4.500633329098971 0.9340306050102628
4.42743637134474 0.9362708814727064
4.355487495402328 0.9385481803016166
4.284786971880156 0.9408630765803757
4.215332903432086 0.9432161416749354
4.1471214098015325 0.9456079431762066
4.080146802891905 0.9480390448428279
4.014401751996034 0.9505100065443178
3.9498774393739984 0.9530213842046158
3.886563706415787 0.9555737297460178
3.824449190663205 0.9581675910335127
3.7635214539953457 0.9608035118195235
3.7037671023045426 0.9634820316890605
3.6451718970067577 0.9662036860052906
3.5877208587417204 0.9689690058555284
3.531398363624496 0.9717785179976547
3.4761882324132745 0.9746327448069679
3.422073812957118 0.9775322042234725
3.3690380562834505 0.980477409699611
3.317063586679872 0.9834688701484434
3.26613276611647 0.9865070898922818
3.2162277533456933 0.9895925686117808
3.1673305580054927 0.9927258012954939
3.1194230900399114 0.9959072781898968
3.0724872047399123 0.9991374847498847
3.0265047436928425 1.0024169015897484
2.9814575719169 1.0057460044346325
2.9373276114433806 1.009125264072484
2.894096871596283 1.012555146306491
2.8517474762058184 1.0160361119080221
2.8102616879788314 1.0195686165700657
2.7696219302375806 1.0231531108611778
2.7298108062251067 1.0267900401799412
2.690811116163964 1.0304798447099413
2.6526058722439396 1.034222959375262
2.6151783117019827 1.0380198137965078
2.57851190814909 1.041870832247354
2.5425903812869897 1.0457764336116333
2.507397705149003 1.0497370313409589
2.4729181149901978 1.053753033412891
2.439136112942049 1.0578248422896501
2.4060364725412176 1.0619528548773807
2.3736042422318056 1.0661374624859716
2.34182474793472 1.0703790507894342
2.3106835947707083 1.074677999786844
2.2801666680163124 1.0790346837638498
2.2502601333673873 1.0834494712547529
2.2209504365785224 1.087922725005163
2.192224302540882 1.0924548019352311
2.1640687338574653 1.0970460531034651
2.13647100896894 1.1016968236711318
2.1094186798788077 1.1064074528672474
2.082899569524567 1.1111782739541636
2.0569017688355036 1.1160096141937474
2.031413633515655 1.1209017948141635
2.0064237805871663 1.1258551309772578
1.9819210847255289 1.1308699317465496
1.9578946744165324 1.135946500055833
1.9343339279615868 1.1410851326783917
1.9112284693557733 1.1462861201968295
1.888568164060751 1.1515497469735205
1.866343114692845 1.1568762911216826
1.8445436566445779 1.1622660244770746
1.8231603536563532 1.1677192125703233
1.8021839933536468 1.1732361145998806
1.781605582762844 1.1788169834056146
1.761416343817817 1.1844620654430364
1.7416077088688597 1.190171600758168
1.722171316203808 1.1959458229630495
1.703099005589494 1.2017849592118928
1.6843828138422026 1.2076892301778797
1.6660149704338474 1.2136588500306107
1.6479878931397747 1.219694026414204
1.6302941837341787 1.2257949604260483
1.6129266237373712 1.2319618465962117
1.5958781702195892 1.2381948728675078
1.5791419516647176 1.2444942205762228
1.5627112638967984 1.2508600644335028
1.5465795660724253 1.2572925725074064
1.5307404767409336 1.263791906205622
1.51518776997404 1.2703582202588517
1.4999153715667988 1.2769916627048667
1.4849173553106565 1.2836923748732312
1.470187939339783 1.2904604913706994
1.455721482551154 1.297296140067287
1.4415124810984723 1.304199442083017
1.4275555649606377 1.3111705117753418
1.4138454945841807 1.318209456727245
1.4003771575998356 1.3253163777360213
1.3871455656127014 1.3324913688027358
1.374145851065704 1.339734517122367
1.361373264175501 1.3470459030746302
1.3488231699400062 1.354425600215486
1.3364910452174252 1.3618736752693321
1.3243724758752031 1.3693901881218815
1.3124631540081686 1.376975191813725
1.3007588752249 1.3846287325345814
1.2892555360010574 1.3923508496182353
1.2779491310989146 1.4001415755381619
1.266835751051747 1.408000935903841
1.2559115797116742 1.4159289494577592
1.2451728918602298 1.4239256280731014
1.2346160508801132 1.431990976752132
1.2242375064868132 1.4401249936252642
1.2140337925191618 1.4483276699508216
1.204001524787428 1.4565989901154865
1.194137398977401 1.4649389316354406
1.1844381886097786 1.473347465158195
1.1749007430533633 1.481824554465109
1.165521985590524 1.4903701564745984
1.1562989115341928 1.498984221246034
1.147228586394969 1.5076666919843276
1.1383081440968115 1.516417505045206
1.1295347852406 1.5252365899411753
1.1209057754142968 1.5341238693481705
1.1124184435484017 1.5430792591128926
1.104070180315518 1.5521026682608308
1.0958584365730357 1.561193999004971
1.087780721847834 1.5703531467551888
1.0798346028618255 1.5795800001283253
1.0720177020974735 1.5888744409589468
1.0643276964019108 1.5982363443107839
1.0567623156289019 1.6076655784888534
1.0493193413175819 1.617162005052258
1.0419966054070087 1.6267254788276648
1.0347919889855106 1.6363558479234601
1.0277034210739238 1.6460529537445792
1.020728877441724 1.6558166310080114
1.0138663794553775 1.665646707758977
1.007113992957928 1.6755430053877747
1.000469827178852 1.6855053386472987
0.9939320336734845 1.6955335156712223
0.9874988052911555 1.705627337992849
0.9811683751712821 1.7157866005646252
0.9749390157665955 1.7260110917783162
0.9688090378927885 1.7363005934858433
0.9627767898039589 1.7466548810207765
0.9568406562928281 1.7570737232204847
0.9509990578153934 1.7675568824489398
0.9452504496392772 1.7781041146201706
0.9395933210148641 1.788715169222367
0.9340261943688075 1.7993897893426303
0.928547624519243 1.810127711692368
0.9231561979121488 1.820928666633331
0.9178505318781649 1.83179237820429
0.9126292739094511 1.8427185641483461
0.9074911009557469 1.8537069359408793
0.9024347187394643 1.8647571988181249
0.8974588610890661 1.8758690518063799
0.8925622892902079 1.8870421877518344
0.8877437914543169 1.8982762933510247
0.8830021819038408 1.9095710491819067
0.8783363005740077 1.9209261297355464
0.8737450124305863 1.9323412034484218
0.8692272069029222 1.9438159327353357
0.8647817973321144 1.9553499740229365
0.8604077204340065 1.9669429777838408
0.856103935776255 1.9785945885713556
0.8518694252691192 1.990304445054799
0.8477031926699024 2.002072180055414
0.8436042631006854 2.0138974205828712
0.839571682578374 2.025779787872355
0.835604517557296 2.037718897422237
0.8317018544840441 2.0497143590323246
0.8278627993639581 2.061765776842686
0.8240864773388518 2.0738727493730424
0.8203720322758653 2.0860348695627327
0.8167186263674501 2.0982517248112367
0.8131254397414655 2.1105228970192607
0.8095916700816643 2.1228479626303747
0.8061165322581931 2.135226492673203
0.8026992579676655 2.1476580528041596
0.7993390953828183 2.1601422033507265
0.7960353088110784 2.1726784993552704
0.7927871783623202 2.185266490619392
0.7895939996252367 2.197905721748807
0.7864550833521714 2.210595732198748
0.7833697551522604 2.223336056319889
0.7803373551923826 2.2361262234047854
0.7773572379062055 2.248965757734826
0.774428771710779 2.2618541786276887
0.77155133873047 2.2747910004852994
0.7687243345281584 2.2877757328422876
0.7659471678434883 2.3008078804149346
0.7632192603380383 2.313886943150607
0.7605400463470016 2.3270124162776757
0.7579089726376409 2.3401837903559084
0.7553254981740252 2.3534005513273364
0.7527890938877345 2.366662180567587
0.7502992424548375 2.3799681549376808
0.7478554380787796 2.393317946836283
0.7454571862788775 2.406711024252407
0.7431040036844259 2.4201468508185653
0.74079541783443 2.4336248858643628
0.7385309669825966 2.4471445844705193
0.7363101999073612 2.4607053975233306
0.7341326757271479 2.4743067717695486
0.7319979637207019 2.4879481498716847
0.729905643151992 2.5016289704637242
0.7278553031000541 2.515348668207251
0.7258465422933923 2.529106673847973
0.7238789689488005 2.542902414272647
0.7219522006147402 2.556735312566392
0.720065864018878 2.570604788070391
0.7182195949198705 2.584510256439971
0.716413037963385 2.598451129703058
0.7146458465419634 2.6124268163189996
0.7129176826588881 2.62643672123775
0.7112282167959137 2.640480245959411
0.7095771277847183 2.654556788594126
0.7079641026820725 2.668665743922314
0.7063888366486104 2.682806503455246
0.7048510328311034 2.6969784554959535
0.7033504022481681 2.711180985200459
0.7018866636794178 2.7254134746393333
0.7004595435578699 2.73967530285956
0.6990687758656193 2.7539658459467153
0.6977141020326711 2.768284477087442
0.6963952708390097 2.782630566632224
0.6951120383196031 2.797003482158448
0.6938641676723987 2.8114025885337464
0.6926514291693558 2.8258272479796207
0.6914736000702938 2.840276820135331
0.6903304645396737 2.854750662122052
0.6892218135661103 2.8692481286072837
0.6881474448845541 2.8837685718695156
0.6871071629013348 2.898311341863133
0.6861007786217602 2.9128757862835615
0.6851281095803086 2.9274612506326427
0.6841889797733481 2.9420670782842366
0.6832832195945033 2.9566926105500406
0.6824106657725172 2.9713371867456186
0.6815711613113383 2.9860001442566375
0.6807645554328251 3.000680818605302
0.679990703521914 3.0153785435169795
0.6792494670739043 3.0300926509870107
0.6785407136441143 3.0448224713476977
0.6778643167999814 3.0595673333354654
0.6772201560753117 3.074326564158187
0.6766081169267212 3.089099489562666
0.6760280906923343 3.1038854339022715
0.6754799745527504 3.118683720204717
0.6749636714940038 3.1334936702399783
0.6744790902727427 3.1483146045883403
0.6740261453836085 3.163145842708571
0.6736047570286539 3.177986703006208
0.6732148510888314 3.19283650290196
0.6728563590974758 3.2076945589002075
0.6725292182159676 3.2225601866576055
0.6722333712114199 3.237432701051772
0.6719687664363125 3.2523114162500595
0.6717353578101941 3.2671956457784064
0.6715331048033998 3.282084702590251
0.6713619724227273 3.2969778991355145
0.6712219311991056 3.3118745474296336
0.671112957177238 3.326773959122645
0.6710350319072567 3.34167544556831
0.6709881424383656 3.3565783178932738
0.6709722813142921 3.37148188706625
0.6709874465708092 3.38638546396723
0.6710336417352939 3.4012883594567054
0.6711108758282074 3.4161898844448912
0.6712191633663904 3.431089349960956
0.671358524368423 3.4459860672222393
0.6715289843620562 3.460879347703461
0.6717305743934903 3.475768503205902
0.671963331038618 3.490652845926562
0.6722272964162576 3.505531688527281
0.672522518203497 3.5204043442038175
0.6728490496528939 3.535270126754881
0.6732069496117943 3.5501283506511028
0.6735962825435288 3.564978331103949
0.6740171185507354 3.579819384134564
0.6744695334008033 3.5946508266425314
0.6749536085532177 3.609471976474561
0.6754694311890798 3.6242821524930746
0.6760170942427222 3.639080674644703
0.6765966964354174 3.6538668640286733
0.6772083423112019 3.668640042965087
0.6778521422748716 3.6833995350630806
0.6785282126321346 3.69814466528886
0.6792366756319701 3.712874760033605
0.6799776595112498 3.7275891471812335
0.680751298541599 3.74228715617602
0.6815577330784695 3.756968118090063
0.682397109612538 3.7716313656905953
0.6832695808235458 3.786276233507123
0.6841753056363968 3.8009020578983974
0.6851144492796153 3.815508177119206
0.686087183346367 3.8300939313869757
0.6870936858579287 3.8446586629481874
0.6881341413296551 3.859201716144585
0.6892087408393613 3.873722437479185
0.6903176820984993 3.8882201756820685
0.6914611695258854 3.9026942817759562
0.6926394143240507 3.9171441091415575
0.693852634558401 3.9315690135826857
0.695101055239102 3.945968353391136
0.6963849084057795 3.960341489411316
0.6977044332150676 3.9746877851046256
0.6990598760311848 3.9890066066135783
0.7004514905194484 4.003297322825656
0.7018795377427628 4.017559305436893
0.7033442862611813 4.031791929015183
0.7048460122347543 4.045994571063301
0.7063849995295431 4.060166612081633
0.7079615398269065 4.0743074356306135
0.709575932736134 4.088416428392853
0.7112284859104814 4.102492980234963
0.7129195151668178 4.1165364842690595
0.7146493446087117 4.1305463369139455
0.7164183067531539 4.144521937955971
0.7182267426611795 4.158462690609551
0.7200750020722011 4.1723680015773486
0.7219634435421107 4.186237281110108
0.7238924345856215 4.200069943066136
0.7258623518224726 4.213865404970429
0.7278735811278348 4.227623088073427
0.7299265177871699 4.241342417409408
0.732021566655191 4.255022821854496
0.7341591423193952 4.268663734184294
0.7363396692682631 4.282264591131126
0.7385635820640752 4.295824833440883
0.7408313255204024 4.309343905929475
0.7431433548846901 4.322821257538873
0.7455001360257691 4.336256341392744
0.7479021456265229 4.349648614851666
0.7503498713819529 4.362997539567924
0.7528438122025394 4.376302581539874
0.755384478423137 4.389563211165881
0.7579723920176082 4.402778903297811
0.7606080868193624 4.415949137294085
0.7632921087477499 4.429073397072277
0.7660250160406499 4.442151171161267
0.7688073794933397 4.455181952752925
0.7716397827038822 4.468165239753334
0.7745228223250554 4.4811005348335415
0.7774571083230586 4.493987345479839
0.7804432642433162 4.506825184043556
0.783481927483392 4.519613567790368
0.7865737495730776 4.532352018949122
0.7897193964622377 4.5450400647601565
0.7929195488164814 4.55767723752313
0.7961749023204455 4.570263074644335
0.7994861679894516 4.5827971186835095
0.8028540724896365 4.595278917400132
0.8062793584665318 4.607708023799195
0.8097627848824771 4.620083996176455
0.8133051273632294 4.6324063981631545
0.8169071785538915 4.644674798770212
0.820569748484321 4.656888772431872
0.8242936649445329 4.669047899048813
0.8280797738701507 4.681151764030711
0.8319289397381345 4.693199958338252
0.8358420459734504 4.705192078524586
0.8398199953666126 4.7171277267762255
0.8438637105023808 4.729006510953378
0.8479741342002349 4.740828044629716
0.8521522299668345 4.752591947131569
0.8563989824605681 4.764297843576542
0.8607153979687381 4.7759453649115535
0.865102504897696 4.787534147950298
0.8695613542764816 4.79906383541011
0.8740930202740292 4.810534075948245
0.8786986007303835 4.8219445241975585
0.8833792177025338 4.8332948408016
0.8881360180251207 4.844584692449089
0.8929701738864053 4.855813751907797
0.8978828834199861 4.866981698057816
0.9028753713128304 4.878088215924219
0.9079488894298721 4.889132996709099
0.9131047174557523 4.900115737822995
0.9183441635542121 4.911036142915691
0.9236685650455763 4.921893921906395
0.9290792891029913 4.932688791013286
0.9345777334676183 4.9434204727824325
0.9401653271836345 4.9540886961160755
0.9458435313538217 4.964693196300274
0.951613839915496 4.975233715031913
0.9574777804382543 4.985710000445065
0.9634369149437493 4.996121807136712
0.9694928407479345 5.006468896191812
0.9756471913269374 5.016751035207724
0.9819016372067623 5.0269679983179705
0.9882578868776808 5.037119566215355
0.994717687734247 5.047205526174413
1.0012828270410823 5.057225672073206
1.007955132925594 5.067179804414454
1.01473647539859 5.077067730346004
1.0216287674028117 5.086889263680629
1.0286339658910135 5.0966442249151624
1.0357540729338715 5.106332441248958
1.0429911368586395 5.115953746601679
1.0503472534196292 5.125507981630415
1.0578245670012942 5.134994993746119
1.0654252718547754 5.14441463712937
1.073151613368527 5.1537667727454535
1.0810058893747372 5.163051268358763
1.088990451491802 5.172267998546517
1.0971077065039108 5.181416844711794
1.1053601177791825 5.190497695095884
1.1137502067269942 5.199510444789945
1.122280554295712 5.208454995745987
1.1309538025116963 5.217331256787149
1.139772656060915 5.226139143617299
1.148739883914153 5.234878578829941
1.1578583209967157 5.243549491916421
1.1671308699043093 5.252151819273456
1.176560502665708 5.260685504209954
1.1861502625535445 5.2691504969531495
1.195903265944568 5.277546754654039
1.2058227042303578 5.285874241392124
1.2159118457797438 5.2941329281794545
1.226174037954231 5.302322792963983
1.236612709177702 5.310443820632209
1.247231371061021 5.318496003011139
1.2580336205836622 5.326479338869541
1.2690231423329987 5.334393833918507
1.280203710802337 5.342239500811309
1.291579192749518 5.35001635914257
1.3031535496167048 5.357724435446724
1.314930840012614 5.365363763195788
1.3269152222584326 5.37293438279643
1.3391109569985564 5.380436341586346
1.3515224098771583 5.387869693829935
1.3641540542811788 5.395234500713277
1.3770104741515932 5.40253083033842
1.3900963668632305 5.409758757716967
1.4034165461736297 5.416918364762968
1.41697594524259 5.424009740285125
1.4307796197225724 5.431032979978289
1.4448327509201802 5.437988186414279
1.459140649029411 5.444875469032002
1.4737087564373748 5.451694944126881
1.488542651101786 5.458446734839597
1.5036480500007832 5.465130971144139
1.5190308126545513 5.471747789835169
1.5346969447180578 5.4782973345147
1.550652601644998 5.484779755578084
1.5669040924208497 5.491195210199325
1.58345788336466 5.497543862315703
1.6003206019980671 5.503825882611717
1.617499040978223 5.510041448502356
1.6350001620936925 5.516190744115683
1.6528311003206921 5.522273960274746
1.6709991679351464 5.528291294478823
1.6895118586773317 5.53424295088398
1.7083768519654223 5.540129140282972
1.7276020171522297 5.545950080084467
1.7471954178197073 5.551705994291608
1.767165316104678 5.557397113479909
1.787520177048423 5.563023674774488
1.8082686729628472 5.568585921826645
1.829419687803328 5.574084104789775
1.8509823215381185 5.579518480294633
1.8729658945032868 5.584889311423939
1.8953799517308556 5.590196867686342
1.9182342672355914 5.595441424989729
1.9415388482457343 5.600623265613889
1.965303939360439 5.605742678182541
1.9895400266148144 5.610799957634716
2.014257841432787 5.615795405195506
2.0394683644446996 5.620729328346179
2.065182829144468 5.625602040793661
2.0914127253598562 5.630413862439389
2.1181698025059363 5.6351651193475485
2.1454660725886345 5.639856143712676
2.1733138129232157 5.644487273826656
2.2017255685295045 5.649058854045093
2.2307141541608995 5.653571234753074
2.2602926559213707 5.658024772330333
2.290474432421226 5.662419829115794
2.3212731154162882 5.666756773371522
2.352702609872587 5.671035979246078
2.3847770933928563 5.675257826737274
2.4175110149354095 5.679422701654345
2.4509190927503144 5.683530995579523
2.4850163114538493 5.687583105829042
2.51981791815248 5.691579435413551
2.5553394175229283 5.695520392997964
2.591596565747885 5.699406392860728
2.6286053631978024 5.70323785485253
2.666382045742246 5.707015204354442
2.7049430745648553 5.7107388722355035
2.744305124347625 5.714409294809752
2.7844850696802994 5.718026913792701
2.8254999695404592 5.721592176257277
2.867367049679939 5.725105534589205
2.9101036827418114 5.728567446441869
2.953727365921003 5.731978374690633
2.9982556959703723 5.73533878738663
3.0437063413406213 5.7386491577100385
3.090097011230622 5.7419099639228275
3.137445421313577 5.745121689320999
3.1857692558891455 5.74828482218631
3.235086126199579 5.751399855737498
3.2854135246360334 5.754467288081002
3.336768774547407 5.7574876221611895
3.3891689753517786 5.760461365710093
3.4426309426389174 5.763389031196661
3.4971711429417476 5.766271135775534
3.5528056228442226 5.76910820123533
3.609549932083912 5.771900753946481
3.6674190403007723 5.774649324808587
3.72642724707989 5.77735444919732
3.786588084932312 5.780016666910867
3.8479142148580654 5.782636522115928
3.9104173141408483 5.7852145632932706
3.974107956032237 5.78775134318284
4.038995480994547 5.7902474187284385
4.105087859192175 5.792703351021983
4.172391543944946 5.7951197052473296
4.240911315889529 5.797497050623685
4.3106501176355465 5.799835960348611
4.38160887875209 5.802137011540618
4.453786330980463 5.8044007851813575
4.527178813639111 5.806627866057421
4.601780069270505 5.808818842701753
4.6775810296759905 5.810974307334678
4.754569592595729 5.813094855804543
4.832730389417469 5.815181087528006
4.912044544440974 5.817233605429937
4.9924894263853945 5.819253015882975
5.074038393005824 5.821239928646722
5.156660529881468 5.823194956806593
5.240320384654615 5.825118716712326
5.3249776982332016 5.827011827916146
5.410587134723319 5.828874913110612
5.497098012125647 5.8307085980661295
5.584454036115538 5.832513511568155
5.672593039525866 5.834290285354079
5.761446730455386 5.836039554049817
5.850940452241287 5.83776195510609
5.940992958851179 5.839458128734421
6.031516209556993 5.841128717842847
6.122415187050546 5.842774367971348
6.213587743443679 5.844395727227008
6.304924478845732 5.8459934462189125
6.3963086574180075 5.847568177992786
6.487616165973695 5.849120577965381
6.578715520293567 5.850651303858629
6.669467924348782 5.852161015633542
6.759727387575387 5.853650375423904
6.849340905183185 5.855120047469729
6.938148706217431 5.856570698050509
7.02598457370892 5.858002995418261
7.112676240730108 5.859417609730375
7.198045865517423 5.860815212982271
7.28191058802898 5.862196478939871
7.364083169366083 5.86356208307191
7.444372714403309 5.864912702482068
7.522585476760347 5.866249015840954
7.598525743917443 5.867571703317933
7.671996798836471 5.86888144651282
7.742801952929146 5.870178928387436
7.810745643651471 5.871464833197042
7.8756345884215815 5.872739846421645
7.937278984984829 5.874004654697214
7.9954937468566705 5.875259945746774
8.050099761093083 5.876506408311416
8.100925154384935 5.877744732081216
8.14780655245352 5.878975607626075
8.190590316934328 5.880199726326484
8.22913374342187 5.881417780304218
8.263306204168304 5.882630462352976
8.292990219072188 5.883838465868965
8.318082439114514 5.885042484781422
8.33849452726709 5.8862432134831115
8.354153923125367 5.887441346760772
8.365004479093466 5.88863757972553
8.3710069578118 5.889832607743292
8.372139382669838 5.891027126365108
8.368397235593402 5.892221831257516
8.359793498799519 5.89341741813288
8.346358539813536 5.894614582679706
8.328139841654881 5.895814020492967
8.305201582664006 5.897016427004419
8.277624072885885 5.898222497412928
8.24550305618529 5.899432926614801
8.208948889303358 5.900648409134136
8.168085610792703 5.901869639053195
8.123049914193462 5.903097309942797
8.07399004087678 5.904332114792744
8.021064608690825 5.905574745942291
7.96444139289451 5.906825895010646
7.904296075850327 5.908086252827535
7.840810981616884 5.909356509363816
7.774173810937003 5.910637353662155
7.7045763912123695 5.911929473767778
7.632213454920394 5.9132335566592955
7.5572814586203085 5.914550288179618
7.479977453247565 5.91588035296696
7.400498014857833 5.917224434385947
7.319038243403953 5.918583214458831
7.2357908355462 5.919957373796823
7.15094523594827 5.92134759153155
7.064686870022707 5.922754545246645
6.9771964596936265 5.924178910909477
6.888649422469651 5.925621362803034
6.799215352956618 5.927082573457958
6.709057584926279 5.928563213584748
6.618332831185085 5.930063952006138
6.527190897748378 5.931585455589652
6.435774468241122 5.933128389180356
6.34421895398718 5.934693415533795
6.252652404921262 5.936281195249145
6.1611954762448615 5.937892386702574
6.069961445637149 5.939527645980821
5.979056275817944 5.9411876268150055
5.888578717323768 5.942872980514667
5.798620446489057 5.944584355902052
5.709266233813777 5.946322399246642
5.620594138129574 5.94808775419995
5.532675722241137 5.9498810617305615
5.445576286010924 5.951702960059465
5.359355113160847 5.953554084595641
5.274065728376902 5.9554350678719485
5.189756161619254 5.95734653948129
5.106469216853284 5.95928912601308
5.02424274271948 5.961263450990012
4.943109902953848 5.963270134805137
4.863099444648974 5.965309794659256
4.784235962707734 5.96738304449863
4.70654015908668 5.969490494953028
4.630029095652269 5.971632753274099
4.55471643968075 5.973810423274085
4.4806127012212285 5.97602410526489
4.407725461711906 5.978274395997486
4.336059593392158 5.98056188860169
4.2656174691886495 5.982887172526296
4.196399162873012 5.985250833479584
4.128402639393182 5.987653453370198
4.0616239353707995 5.990095610248411
3.9960573298341395 5.992577878247775
3.931695505321753 5.995100827527161
3.8685296995472487 5.997665024213207
3.806549847860095 6.000271030343159
3.7457447167738405 6.002919403808129
3.6861020288622424 6.005610698296768
3.62760857934563 6.008345463239358
3.570250344705365 6.011124243752335
3.5140125836748686 6.0139475805832365
3.4588799309626217 6.016816010056094
3.4048364840641123 6.019730064017267
3.3518658835190087 6.022690269781723
3.2999513869659354 6.025697150079774
3.249075937341127 6.028751223004267
3.1992222255602107 6.03185300195825
3.1503727480115424 6.035002995603094
3.1025098591796567 6.038201707807095
3.055615819706262 6.041449637594562
3.009672840183276 6.044747279095383
2.9646631209604077 6.04809512149508
2.9205688882365255 6.051493648985362
2.8773724266910032 6.05494334071518
2.835056108898885 6.058444670742283
2.793602421759965 6.06199810798528
2.7529939901600597 6.065604116176231
2.713213598070269 6.069263153813738
2.674244207277135 6.072975674116575
2.636068973925996 6.0767421249778355
2.5986712630485753 6.080562948919626
2.5620346612344975 6.084438583048283
2.526142987596357 6.088369459010142
2.4909803031686026 6.092356002947849
2.456530918870566 6.096398635457225
2.422779402155176 6.100497771544686
2.389710582456798 6.104653820585217
2.357309555543471 6.108867186280923
2.3255616868714943 6.113138266620132
2.294452614032553 6.117467453837083
2.2639682483782524 6.121855134372183
2.234094775899661 6.126301688832849
2.204818657433319 6.130807491954931
2.1761266282611325 6.135372912564723
2.148005697164802 6.13999831354157
2.1204431449919503 6.144684051781068
2.093426522786318 6.1494304781588625
2.0669436495290117 6.154237937495052
2.0409826095357873 6.1591067685192
2.0155317495509655 6.164037303835951
1.9905796755745049 6.1690298698912684
1.9661152494571166 6.174084786939287
1.942127585293859 6.17920236900978
1.9186060456449114 6.18438292387626
1.8955402376103858 6.189626753024701
1.87292000878139 6.19493415162289
1.8507354430902974 6.200305408490419
1.8289768565792788 6.205740806069301
1.8076347931047798 6.211240620395242
1.786700019994861 6.216805121069541
1.7661635236730797 6.222434571231642
1.7460165052628385 6.228129227532336
1.7262503761837515 6.233889340107606
1.7068567537511 6.239715152553133
1.6878274567873162 6.245606901899458
1.6691545012546303 6.251564818587795
1.6508300959167856 6.257589126446514
1.6328466380356894 6.263680042668282
1.6151967091097157 6.269837777787871
1.5978730706589839 6.276062535660638
1.5808686600618318 6.282354513441667
1.564176586446834 6.28871390156559
1.5477901266437042 6.295140883727082
1.531702721196328 6.301635636862031
1.515907970440222 6.308198331129386
1.500399630646423 6.314829129893685
1.4851716102339538 6.321528189708267
1.4702179660521328 6.328295660299165
1.455532899733511 6.335131684549691
1.4411107541186254 6.342036398485696
1.4269460097532627 6.349009931261532
1.4130332814579596 6.356052405146692
1.3993673149704653 6.363163935513153
1.3859429836608512 6.370344630823401
1.3727552853190572 6.377594592619155
1.3597993390148895 6.384913915510788
1.3470703820293013 6.392302687167441
1.3345637668568426 6.399760988307834
1.322274958278592 6.407288892691778
1.310199530504361 6.41488646711238
1.2983331643837488 6.422553771388959
1.2866716446851012 6.4302908583606495
1.2752108574409415 6.438097773880716
1.2639467873591241 6.445974556811565
1.2528755152986344 6.4539212390204606
1.2419932158087792 6.4619378453759415
1.2312961547309558 6.4700243937449455
1.2207806868612068 6.478180894990632
1.210443253672866 6.486407352970911
1.2002803810978417 6.49470376453768
1.1902886773655266 6.503070119536756
1.1804648308979961 6.511506400808522
1.1708056082599498 6.520012584189271
1.1613078521628477 6.528588638513253
1.1519684795215246 6.537234525615434
1.1427844795620574 6.54595020033495
1.1337529119799596 6.554735610519269
1.1248709051474561 6.5635906970290545
1.116135654368376 6.572515393743733
1.1075444201796287 6.581509627567759
1.0990945266983727 6.59057331843759
1.0907833600135284 6.599706379329352
1.0826083666204385 6.608908716267214
1.0745670518976886 6.618180228332455
1.066656978624934 6.627520807673233
1.0588757655408332 6.636930339515049
1.051221085939868 6.6464087021719145
1.043690666307108 6.6559557670582
1.036282284989905 6.665571398701192
1.0289937709056067 6.675255454754336
1.0218230022842234 6.685007786011171
1.0147679054450767 6.694828236419956
1.0078264536067902 6.704716643098982
1.000996665729326 6.71467283635258
0.9942766053874967 6.724696639687803
0.98766437967502 6.7347878698317984
0.9811581381384001 6.744946336749865
0.9747560717393907 6.755171843664184
0.9684564118456378 6.765464187073233
0.9622574292489153 6.775823156771878
0.9561574332095941 6.786248535872137
0.9501547705271682 6.796740100824618
0.9442478246358026 6.807297621440623
0.9384350147242875 6.8179208609149295
0.9327147948798145 6.8286095758492324
0.9270856532548131 6.839363516276249
0.9215461112562628 6.850182425684488
0.9160947227567754 6.861066041043676
0.9107300733270909 6.872014092830842
0.905450779489033 6.883026305057052
0.9002554879883855 6.8941023952948015
0.8951428750876567 6.90524207470605
0.8901116458776452 6.916445048070904
0.8851605336072064 6.9277110138169435
0.8802882990313248 6.939039664049187
0.8754937297764533 6.950430684580694
0.8707756397226397 6.9618837549638
0.8661328684023067 6.973398548521987
0.8615642804151248 6.984974732382376
0.8570687648583662 6.996611967508846
0.8526452347723092 7.008309908735776
0.8482926266004418 7.020068204802401
0.8440098996640819 7.031886498387786
0.8397960356508678 7.043764426146409
0.8356500381167411 7.055701618744352
0.8315709320011527 7.067697700896091
0.8275577631550628 7.079752291401897
0.8236095978814916 7.09186500318582
0.8197255224880006 7.104035443334274
0.8159046428511116 7.11626321313521
0.8121460839923116 7.12854790811787
0.808448989664916 7.140889118093126
0.8048125219520028 7.15328642719439
0.8012358608749229 7.165739413919103
0.7977182040118861 7.178247651170789
0.7942587661268268 7.190810706301675
0.7908567788079077 7.203428141155867
0.787511490115396 7.216099512113087
0.7842221642388358 7.2288243701329575
0.7809880811631665 7.241602260799836
0.7778085363436892 7.254432724368189
0.7746828403894961 7.2673152958085065
0.7716103187550655 7.280249504853747
0.7685903114401023 7.293234876046312
0.7656221726971428 7.306270928785549
0.7627052707467581 7.319357177375766
0.7598389875003388 7.332493131074764
0.7570227182900895 7.345678294142882
0.7542558716060727 7.358912165892542
0.7515378688400683 7.372194240738295
0.7488681440363728 7.3855240082473665
0.746246143648995 7.39890095319068
0.7436713263051369 7.41232455559438
0.7411431625751123 7.425794290791822
0.7386611347482154 7.439309629476044
0.7362247366144519 7.452870037752702
0.7338334732521307 7.466474977193473
0.7314868608209762 7.480123904889914
0.7291844263608556 7.493816273507776
0.7269257075957642 7.507551531341763
0.7247102527429959 7.521329122370733
0.7225376203274911 7.5351484863133384
0.7204073790011157 7.549009058684094
0.7183191073668339 7.562910270849872
0.7162723938075422 7.5768515500868165
0.7142668363196181 7.59083231963767
0.7123020423509175 7.604851998769511
0.7103776286431194 7.61891000283189
0.7084932210785664 7.633005743315368
0.7066484545312126 7.64713862791044
0.7048429727216488 7.661308060566846
0.7030764280762333 7.675513441553258
0.7013484815900872 7.689754167517348
0.6996588026940234 7.704029631546209
0.6980070691251303 7.71833922322715
0.6963929668010892 7.732682328708838
0.6948161896981506 7.747058330762793
0.6932764397325297 7.76146660884522
0.691773426645362 7.775906539159183
0.690306867890956 7.790377494717104
0.6888764885283415 7.804878845403591
0.6874820211161554 7.8194099580385785
0.6861232056107125 7.833970196440781
0.6847997892670518 7.848558921491451
0.6835115265431009 7.863175491198436
0.6822581790069893 7.877819260760527
0.6810395152471153 7.892489582632092
0.6798553107851825 7.907185806587988
0.6787053479919565 7.921907279788744
0.677589416005905 7.936653346846018
0.676507310654734 7.951423349888303
0.6754588343793013 7.96621662862689
0.6744437961602856 7.981032520422078
0.6734620114475623 7.995870360349621
0.6725133020919714 8.010729481267413
0.6715974962797017 8.025609213882394
0.6707144284691332 8.040508886817673
0.6698639393300766 8.055427826679876
0.6690458756854905 8.070365358126685
0.6682600904555128 8.085320803934582
0.6675064426037879 8.100293485066794
0.6667847970861701 8.115282720741405
0.6660950248016545 8.130287828499663
0.6654370025455858 8.145308124274456
0.6648106129650498 8.160342922458943
0.6642157445165098 8.175391535975356
0.6636522914254973 8.190453276343943
0.6631201536485561 8.205527453752065
0.662619236837293 8.220613377123419
0.6621494523044168 8.2357103541874
0.6617107169920293 8.250817691548587
0.6613029534418655 8.265934694756336
0.6609260897676059 8.28106066837449
0.6605800596291471 8.296194916051196
0.6602648022089853 8.3113367405888
0.6599802621906152 8.326485444013855
0.6597263897388487 8.341640327647188
0.6595031404820526 8.356800692174055
0.6593104754964311 8.371965837714356
0.6591483612923857 8.387135063892915
0.6590167698026104 8.402307669909813
0.6589156783721752 8.417482954610763
0.6588450697506056 8.432660216557526
0.6588049320859415 8.447838754098361
0.6587952589206021 8.463017865438502
0.6588160491891928 8.47819684871064
0.6588673072183824 8.493375002045438
0.6589490427285352 8.508551623642024
0.6590612708372767 8.523726011838502
0.6592040120651409 8.53889746518244
0.6593772923430113 8.554065282501352
0.6595811430215384 8.569228762973133
0.6598156008825189 8.584387206196489
0.660080708152144 8.599539912261315
0.6603765125163293 8.614686181819025
0.660703067137907 8.629825316152832
0.6610604306757839 8.644956617247972
0.6614486673062048 8.660079387861858
0.6618678467458954 8.675192931594152
0.6623180442772122 8.690296552956772
0.6627993407754996 8.705389557443798
0.663311822738237 8.720471251601287
0.6638555823163125 8.735540943096986
0.6644307173475381 8.750597940789932
0.6650373313921264 8.765641554799949
0.6656755337702 8.780671096576999
0.6663454396015821 8.795685878970428
0.667047169847823 8.810685216298053
0.6677808513562385 8.82566842441512
0.6685466169060774 8.840634820783103
0.6693446052571976 8.855583724538352
0.6701749612009438 8.870514456560565
0.6710378356131421 8.8854263395411
0.6719333855096277 8.900318698051102
0.6728617741040175 8.915190858609446
0.6738231708678548 8.930042149750488
0.6748177515933399 8.944871902091618
0.6758456984584719 8.959679448400607
0.676907200094598 8.974464123662733
0.6780024516565412 8.989225265147702
0.6791316548953853 9.003962212476337
0.680295018233943 9.018674307687025
0.6814927568447665 9.03336089530194
0.6827250927308965 9.048021322393005
0.6839922548095514 9.062654938647619
0.6852944789984831 9.077261096434102
0.6866320083052018 9.091839150866894
0.6880050929192578 9.106388459871471
0.6894139903074175 9.120908384248983
0.6908589653119173 9.135398287740607
0.6923402902518712 9.149857537091613
0.6938582450277505 9.164285502115124
0.695413117229151 9.178681555755576
0.6970052022459036 9.193045074151861
0.6986348033825841 9.207375436700161
0.7003022319762554 9.22167202611645
0.7020078075178875 9.235934228498666
0.7037518577775074 9.250161433388557
0.7055347189327369 9.264353033833173
0.7073567357012597 9.278508426446008
0.7092182614771174 9.292627011467799
0.711119658470763 9.30670819282695
0.7130612978534061 9.320751378199597
0.7150435599053436 9.334755979069302
0.7170668341682579 9.34872141078635
0.7191315196021438 9.362647092626691
0.7212380247465665 9.376532447850462
0.7233867678863104 9.390376903760124
0.7255781772216855 9.404179891758202
0.7278126910436005 9.417940847404601
0.730090757913437 9.43165921047352
0.7324128368478696 9.445334425009937
0.7347793975087612 9.458965939385685
0.7371909203983816 9.472553206355068
0.7396478970598326 9.486095683110062
0.742150830282895 9.499592831335068
0.7447002343156791 9.513044117261211
0.7472966350817895 9.52644901172019
0.7499405704034339 9.539806990197674
0.752632590230865 9.553117532886217
0.7553732568777297 9.566380124737723
0.7581631452627426 9.579594255515415
0.76100284315805 9.592759419845345
0.7638929514441919 9.605875117267404
0.7668340843720791 9.618940852285839
0.7698268698318879 9.631956134419289
0.7728719496291777 9.644920478250304
0.7759699797684863 9.657833403474369
0.7791216307446126 9.670694434948407
0.7823275878417404 9.683503102738781
0.7855885514404212 9.696258942168757
0.7889052373329951 9.708961493865457
0.7922783770475044 9.721610303806273
0.7957087181802058 9.734204923364748
0.7991970247371393 9.746744909355922
0.8027440774847706 9.759229824081123
0.806350674310226 9.771659235372226
0.8100176305912672 9.784032716635343
0.8137457795760311 9.79634984689396
0.8175359727730804 9.808610210831521
0.8213890803521854 9.820813398833433
0.8253059915557251 9.832959007028508
0.8292876151212354 9.845046637329832
0.8333348797155887 9.857075897475044
0.8374487343806322 9.86904640106605
0.8416301489910968 9.880957767608136
0.8458801147249839 9.892809622548492
0.8501996445466132 9.904601597314151
0.8545897737028094 9.916333329349317
0.859051560232521 9.928004462152098
0.8635860854905697 9.939614645310629
0.8681944546855379 9.951163534538596
0.8728777974322715 9.962650791710129
0.8776372683195093 9.97407608489409
0.8824740474931071 9.985439088387745
0.887389341255232 9.996739482749799
0.8923843826799085 10.007976954832813
0.8974604322455308 10.019151197814988
0.9026187784846215 10.030261911231317
0.9078607386515436 10.041308801004103
0.9131876594087278 10.052291579472827
0.9186009175315785 10.063209965423386
0.9241019206327962 10.074063684116677
0.929692107906907 10.084852467316534
0.9353729508953087 10.095576053317014
0.9411459542722487 10.106234186969035
0.9470126566527857 10.11682661970634
0.9529746314230303 10.127353109570821
0.9590334875932882 10.137813421237174
