0.130881 2023.5548146361605
0.131881 24.049473804390644
0.132881 16.632682773154812
0.133881 13.378880419243643
0.134881 11.456674781673875
0.135881 10.156067739212743
0.136881 9.2038193424113945
0.137881 8.4695338085667196
0.138881 7.882127553170073
0.139881 7.3991442467215069
0.140881 6.9934716368775209
0.141881 6.6468860301636798
0.142881 6.3466313484668939
0.143881 6.0834798225062103
0.144881 5.8505714406027636
0.145881 5.6426878225461721
0.146881 5.4557806497340851
0.147881 5.2866555525597141
0.148881 5.1327543454373288
0.14988100000000001 4.9920014061192761
0.15088100000000002 4.8626930197763842
0.15188100000000002 4.7434161843179199
0.15288100000000002 4.6329880425281917
0.15388100000000002 4.5304100270934873
0.15488100000000002 4.4348326773941187
0.15588100000000002 4.3455283150277122
0.15688100000000002 4.2618695867578262
0.15788100000000002 4.1833124435650122
0.15888100000000002 4.1093825125100283
0.15988100000000002 4.0396640911383361
0.16088100000000002 3.9737911889702637
0.16188100000000002 3.911440181441002
0.16288100000000003 3.8523237446761849
0.16388100000000003 3.796185815695682
0.16488100000000003 3.7427973796006797
0.16588100000000003 3.6919529282865819
0.16688100000000003 3.6434674679613428
0.16788100000000003 3.5971739778916376
0.16888100000000003 3.5529212422625611
0.16988100000000003 3.5105719922173209
0.17088100000000003 3.4700013070676379
0.17188100000000003 3.4310952330939171
0.17288100000000003 3.3937495858567757
0.17388100000000004 3.3578689079472213
0.17488100000000004 3.3233655589371538
0.17588100000000004 3.2901589182052753
0.17688100000000004 3.2581746844963551
0.17788100000000004 3.2273442586745835
0.17888100000000004 3.1976041982686429
0.17988100000000004 3.1688957341697108
0.18088100000000004 3.1411643413039378
0.18188100000000004 3.1143593563164051
0.18288100000000004 3.0884336363179017
0.18388100000000004 3.0633432535965146
0.18488100000000005 3.0390472219113267
0.18588100000000005 3.0155072505893972
0.18688100000000005 2.9926875231585575
0.18788100000000005 2.9705544976828646
0.18888100000000005 2.9490767263378626
0.18988100000000005 2.9282246920791231
0.19088100000000005 2.9079706605285716
0.19188100000000005 2.8882885454363185
0.19288100000000005 2.8691537862762826
0.19388100000000005 2.8505432367075163
0.19488100000000005 2.8324350627832104
0.19588100000000006 2.8148086499198413
