0.130881 0.37732326331877908
0.131881 0.3561256560434507
0.132881 0.34830372038118063
0.133881 0.34268939409221266
0.134881 0.33820302010337
0.135881 0.3344286689178782
0.136881 0.33115413149311301
0.137881 0.32825398578817694
0.138881 0.32564692244868587
0.139881 0.32327674512232513
0.140881 0.32110274038025477
0.141881 0.31909432467146681
0.142881 0.31722785467168468
0.143881 0.31548462054114479
0.144881 0.31384952690437884
0.145881 0.31231019403446264
0.146881 0.31085632657115669
0.147881 0.30947925857915115
0.148881 0.30817161833223805
0.14988100000000001 0.30692707649479789
0.15088100000000002 0.30574015371045266
0.15188100000000002 0.30460607135225115
0.15288100000000002 0.30352063418603364
0.15388100000000002 0.3024801370030632
0.15488100000000002 0.30148128951132808
0.15588100000000002 0.30052115531421686
0.15688100000000002 0.29959710188515587
0.15788100000000002 0.29870675921669426
0.15888100000000002 0.29784798537950857
0.15988100000000002 0.29701883763519454
0.16088100000000002 0.29621754804991163
0.16188100000000002 0.2954425027835732
0.16288100000000003 0.29469222440203635
0.16388100000000003 0.29396535669209717
0.16488100000000003 0.29326065156146858
0.16588100000000003 0.29257695768574055
0.16688100000000003 0.29191321062707848
0.16788100000000003 0.29126842419911997
0.16888100000000003 0.29064168289216707
0.16988100000000003 0.29003213520459697
0.17088100000000003 0.28943898775212218
0.17188100000000003 0.28886150004742511
0.17288100000000003 0.28829897985975483
0.17388100000000004 0.28775077907810442
0.17488100000000004 0.28721629001315352
0.17588100000000004 0.2866949420827713
0.17688100000000004 0.28618619883386254
0.17788100000000004 0.28568955526004786
0.17888100000000004 0.28520453538027768
0.17988100000000004 0.28473069004823914
0.18088100000000004 0.28426759496641701
0.18188100000000004 0.28381484888209629
0.18288100000000004 0.28337207194549285
0.18388100000000004 0.28293890421269385
0.18488100000000005 0.28251500427822501
0.18588100000000005 0.28210004802389632
0.18688100000000005 0.2816937274721717
0.18788100000000005 0.281295749733673
0.18888100000000005 0.28090583603962788
0.18988100000000005 0.28052372085110788
0.19088100000000005 0.2801491510378013
0.19188100000000005 0.27978188511986712
0.19288100000000005 0.27942169256710186
0.19388100000000005 0.27906835315026435
0.19488100000000005 0.27872165633993817
0.19588100000000006 0.2783814007487872
