0.196565 0.27815227594261688
0.197565 0.2778224359472814
0.198565 0.27749853796280494
0.199565 0.27718041008185779
0.200565 0.27686788740331408
0.201565 0.27656081166025692
0.202565 0.27625903087239556
0.203565 0.27596239902098507
0.204565 0.27567077574451382
0.205565 0.27538402605358298
0.206565 0.27510202006353246
0.207565 0.27482463274350394
0.208565 0.27455174368073321
0.209565 0.27428323685897549
0.210565 0.27401900045005373
0.211565 0.27375892661760293
0.212565 0.27350291133216709
0.213565 0.27325085419685935
0.214565 0.27300265828287473
0.215565 0.27275822997418681
0.216565 0.27251747882082272
0.217565 0.27228031740015002
0.218565 0.27204666118565646
0.219565 0.27181642842273868
