0.196565 2.8030195618975919
0.197565 2.7861609576310826
0.198565 2.7697341788839105
0.199565 2.75372242126666
0.200565 2.7381097572100908
0.201565 2.7228810787384594
0.202565 2.7080220447126915
0.203565 2.6935190321380107
0.204565 2.6793590911725405
0.205565 2.665529903510317
0.206565 2.6520197438446993
0.207565 2.6388174441475165
0.208565 2.6259123605248713
0.209565 2.6132943424337256
0.210565 2.6009537040639525
0.211565 2.5888811977087669
0.212565 2.5770679889630861
0.213565 2.5655056336039239
0.214565 2.5541860560202956
0.215565 2.5431015290718371
0.216565 2.5322446552662177
0.217565 2.5216083491548802
0.218565 2.511185820855474
0.219565 2.5009705606170565
