0.22 1449.8615993859084
0.221 784.99835345996075
0.222 543.9705541315833
0.223 419.89448267142257
0.224 344.61405405569064
0.225 294.37268174060318
0.226 258.73522124268766
0.227 232.41273067937516
0.228 212.45474002239368
0.229 197.10566746699146
0.23 185.28182099664232
0.231 176.31449951199434
0.232 169.82345215917732
0.233 165.6679977747593
0.234 163.96555885984313
0.23500000000000001 165.21114809249926
0.23600000000000002 170.63697313409889
0.23700000000000002 183.37337778320949
0.23800000000000002 213.59515352291962
0.23900000000000002 331.89223872639411
