0.22 113.53991411985783
0.221 59.553573938407311
0.222 39.914554494755365
0.223 29.746212686986276
0.224 23.522469981035314
0.225 19.31584134873318
0.226 16.278188896167411
0.227 13.977886759482935
0.228 12.171988988836471
0.229 10.713165372286802
0.23 9.5067321307698158
0.231 8.488887253707265
0.232 7.6148385338823594
0.233 6.8518962863657364
0.234 6.1751750447544929
0.23500000000000001 5.5646433379607423
0.23600000000000002 5.0026542153655029
0.23700000000000002 4.4708318286771132
0.23800000000000002 3.9427633314799202
0.23900000000000002 3.3444110300536352
