0.22 0.27171732554210815
0.221 0.2714918678830221
0.222 0.2712696454817185
0.223 0.27105058524618431
0.224 0.27083461637911893
0.225 0.27062167028482709
0.226 0.27041168048075925
0.227 0.27020458251343177
0.228 0.27000031387846224
0.229 0.26979881394448424
0.23 0.26960002388071569
0.231 0.26940388658797432
0.232 0.26921034663294291
0.233 0.26901935018550394
0.234 0.26883084495897358
0.23500000000000001 0.26864478015307292
0.23600000000000002 0.26846110639949194
0.23700000000000002 0.26827977570990152
0.23800000000000002 0.26810074142628582
0.23900000000000002 0.26792395817347081
