0.22 2.4965900223758961
0.221 2.4866613470075616
0.222 2.476925172518551
0.223 2.4673758465956741
0.224 2.4580079393243439
0.225 2.4488162322328546
0.226 2.4397957079836212
0.227 2.4309415406671069
0.228 2.422249086657303
0.229 2.4137138759910135
0.23 2.4053316042360251
0.231 2.3970981248159027
0.232 2.3890094417615222
0.233 2.38106170286181
0.234 2.3732511931880396
0.23500000000000001 2.3655743289679276
0.23600000000000002 2.3580276517876815
0.23700000000000002 2.3506078231013827
0.23800000000000002 2.3433116190288699
0.23900000000000002 2.3361359254244118
