0.24000000000000002 0.26774938181373364
0.24100000000000002 0.26757696940338432
0.24200000000000002 0.26740667915121918
0.24300000000000002 0.26723847037874737
0.24400000000000002 0.26707230348210609
0.24500000000000002 0.26690813989556988
0.24600000000000002 0.2667459420565873
0.24700000000000003 0.26658567337225753
0.24800000000000003 0.26642729818718303
0.24900000000000003 0.26627078175263408
0.25 0.26611609019694338
0.251 0.26596319049710526
0.252 0.26581205045148815
0.253 0.26566263865362783
0.254 0.26551492446704544
0.255 0.26536887800104275
0.256 0.265224470087429
0.257 0.2650816722581365
0.258 0.26494045672369659
0.259 0.26480079635249865
0.26 0.26466266465086141
0.261 0.26452603574381761
0.262 0.26439088435661617
0.263 0.26425718579690111
0.264 0.26412491593753784
0.265 0.26399405120005814
0.266 0.2638645685387
0.267 0.26373644542501418
0.268 0.26360965983301565
0.269 0.26348419022485592
0.27 0.26336001553699528
0.271 0.26323711516685394
0.272 0.26311546895992216
0.273 0.26299505719731181
0.274 0.26287586058372914
0.275 0.26275786023585501
0.276 0.26264103767111485
0.277 0.26252537479681937
0.278 0.26241085389966923
0.279 0.26229745763560219
0.28 0.2621851690199718
0.281 0.26207397141804628
0.28200000000000003 0.26196384853581689
0.28300000000000003 0.26185478441109034
0.28400000000000003 0.26174676340488062
0.28500000000000003 0.26163977019306256
0.28600000000000003 0.26153378975828889
0.28700000000000003 0.26142880738217611
0.28800000000000003 0.26132480863770069
0.28900000000000003 0.26122177938186297
0.29000000000000004 0.26111970574856525
0.29100000000000004 0.26101857414170337
0.29200000000000004 0.26091837122847145
0.29300000000000004 0.26081908393287301
0.29400000000000004 0.26072069942942122
0.29500000000000004 0.26062320513702725
0.29600000000000004 0.26052658871307877
0.29700000000000004 0.26043083804768519
0.29800000000000004 0.26033594125809367
0.29900000000000004 0.26024188668327131
