0.24000000000000002 2.3290777331997679
0.24100000000000002 2.3221341338863652
0.24200000000000002 2.3153023154223686
0.24300000000000002 2.3085795581513149
0.24400000000000002 2.301963231020081
0.24500000000000002 2.2954507879643389
0.24600000000000002 2.2890397644711293
0.24700000000000003 2.2827277743080865
0.24800000000000003 2.2765125064100538
0.24900000000000003 2.2703917219145056
0.25 2.2643632513366527
0.251 2.2584249918779413
0.252 2.2525749048592503
0.253 2.2468110132728643
0.254 2.2411313994465574
0.255 2.2355342028138478
0.256 2.2300176177847719
0.257 2.224579891711862
0.258 2.2192193229468828
0.259 2.2139342589820314
0.26 2.2087230946739016
0.261 2.2035842705434039
0.262 2.1985162711493231
0.263 2.1935176235313389
0.264 2.1885868957190899
0.265 2.1837226953040503
0.266 2.1789236680710995
0.267 2.1741884966869112
0.268 2.1695158994423878
0.269 2.1649046290465508
0.27 2.1603534714694477
0.271 2.1558612448317378
0.272 2.1514267983387687
0.273 2.1470490112570668
0.274 2.1427267919312465
0.275 2.1384590768395482
0.276 2.1342448296862053
0.277 2.130083040528826
0.278 2.1259727249395284
0.279 2.1219129231979865
0.28 2.117902699515152
0.281 2.1139411412862241
0.28200000000000003 2.1100273583717697
0.28300000000000003 2.1061604824051656
0.28400000000000003 2.1023396661262419
0.28500000000000003 2.0985640827389678
0.28600000000000003 2.0948329252926765
0.28700000000000003 2.0911454060862473
0.28800000000000003 2.0875007560926231
0.28900000000000003 2.0838982244051021
0.29000000000000004 2.0803370777029526
0.29100000000000004 2.0768165997357499
0.29200000000000004 2.0733360908260261
0.29300000000000004 2.06989486738938
0.29400000000000004 2.0664922614711241
0.29500000000000004 2.0631276202988782
0.29600000000000004 2.0598003058508909
0.29700000000000004 2.0565096944387102
0.29800000000000004 2.0532551763042006
0.29900000000000004 2.0500361552301567
