0.07000100000000001 0.07
0.080001 0.01
0.080001 0.49000000000000027
0.090001 0.03
0.090001 0.13999999999999999
0.090001 0.17
0.090001 0.45000000000000023
0.10000099999999999 0.08
0.10000099999999999 0.09999999999999999
0.10000099999999999 0.4000000000000002
0.10000099999999999 0.5800000000000003
0.10000099999999999 0.8400000000000005
0.11000099999999999 0.02
0.11000099999999999 0.03
0.11000099999999999 0.04
0.11000099999999999 0.05
0.11000099999999999 0.10999999999999999
0.11000099999999999 0.11999999999999998
0.11000099999999999 0.15
0.11000099999999999 0.16
0.11000099999999999 0.2800000000000001
0.12000099999999998 0.05
0.12000099999999998 0.060000000000000005
0.12000099999999998 0.08
0.12000099999999998 0.09
0.12000099999999998 0.11999999999999998
0.12000099999999998 0.13999999999999999
0.12000099999999998 0.15
0.12000099999999998 0.16
0.12000099999999998 0.20000000000000004
0.12000099999999998 0.2900000000000001
0.12000099999999998 0.3100000000000001
0.12000099999999998 0.3300000000000001
0.12000099999999998 0.4300000000000002
0.12000099999999998 0.6200000000000003
0.12000099999999998 0.8700000000000006
0.13000099999999998 0.12999999999999998
0.13000099999999998 0.24000000000000007
0.13000099999999998 0.2700000000000001
0.13000099999999998 0.34000000000000014
0.13000099999999998 0.35000000000000014
0.13000099999999998 0.36000000000000015
0.13000099999999998 0.4200000000000002
0.13000099999999998 0.7100000000000004
