0.050001000000000004 0.001
0.050001000000000004 0.002
0.060001000000000006 0.001
0.060001000000000006 0.002
0.07000100000000001 0.001
0.07000100000000001 0.002
0.07000100000000001 0.003
0.07000100000000001 0.004
0.07000100000000001 0.005
0.07000100000000001 0.006
0.080001 0.003
0.080001 0.004
0.080001 0.005
0.080001 0.006
0.080001 0.007
0.080001 0.008
0.080001 0.009000000000000001
0.080001 0.010000000000000002
0.080001 0.011000000000000003
0.080001 0.012000000000000004
0.080001 0.013000000000000005
0.090001 0.007
0.090001 0.008
0.090001 0.009000000000000001
0.090001 0.010000000000000002
0.090001 0.011000000000000003
0.090001 0.012000000000000004
0.090001 0.013000000000000005
0.090001 0.014000000000000005
0.090001 0.015000000000000006
0.090001 0.016000000000000007
0.090001 0.017000000000000008
0.090001 0.01800000000000001
0.090001 0.01900000000000001
0.090001 0.02000000000000001
0.090001 0.02100000000000001
0.090001 0.022000000000000013
0.090001 0.023000000000000013
0.090001 0.024000000000000014
0.090001 0.025000000000000015
0.10000099999999999 0.013000000000000005
0.10000099999999999 0.014000000000000005
0.10000099999999999 0.015000000000000006
0.10000099999999999 0.016000000000000007
0.10000099999999999 0.017000000000000008
0.10000099999999999 0.01800000000000001
0.10000099999999999 0.01900000000000001
0.10000099999999999 0.02000000000000001
0.10000099999999999 0.02100000000000001
0.10000099999999999 0.022000000000000013
0.10000099999999999 0.023000000000000013
0.10000099999999999 0.024000000000000014
0.10000099999999999 0.025000000000000015
0.10000099999999999 0.026000000000000016
0.10000099999999999 0.027000000000000017
0.10000099999999999 0.028000000000000018
0.10000099999999999 0.02900000000000002
0.10000099999999999 0.03000000000000002
0.10000099999999999 0.03100000000000002
0.10000099999999999 0.03200000000000002
0.10000099999999999 0.03300000000000002
0.10000099999999999 0.03400000000000002
0.10000099999999999 0.035000000000000024
0.10000099999999999 0.036000000000000025
0.10000099999999999 0.037000000000000026
0.10000099999999999 0.03800000000000003
0.10000099999999999 0.03900000000000003
0.10000099999999999 0.04000000000000003
0.11000099999999999 0.02100000000000001
0.11000099999999999 0.022000000000000013
0.11000099999999999 0.023000000000000013
0.11000099999999999 0.024000000000000014
0.11000099999999999 0.025000000000000015
0.11000099999999999 0.026000000000000016
0.11000099999999999 0.027000000000000017
0.11000099999999999 0.028000000000000018
0.11000099999999999 0.02900000000000002
0.11000099999999999 0.03000000000000002
0.11000099999999999 0.03100000000000002
0.11000099999999999 0.03200000000000002
0.11000099999999999 0.03300000000000002
0.11000099999999999 0.03400000000000002
0.11000099999999999 0.035000000000000024
0.11000099999999999 0.036000000000000025
0.11000099999999999 0.037000000000000026
0.11000099999999999 0.03800000000000003
0.11000099999999999 0.03900000000000003
0.11000099999999999 0.04000000000000003
0.11000099999999999 0.04100000000000003
0.11000099999999999 0.04200000000000003
0.11000099999999999 0.04300000000000003
0.11000099999999999 0.04400000000000003
0.11000099999999999 0.04500000000000003
0.11000099999999999 0.046000000000000034
0.11000099999999999 0.047000000000000035
0.11000099999999999 0.048000000000000036
0.11000099999999999 0.04900000000000004
0.11000099999999999 0.05000000000000004
0.11000099999999999 0.05100000000000004
0.11000099999999999 0.05200000000000004
0.11000099999999999 0.05300000000000004
0.11000099999999999 0.05400000000000004
0.11000099999999999 0.05500000000000004
0.11000099999999999 0.05600000000000004
0.11000099999999999 0.057000000000000044
0.11000099999999999 0.058000000000000045
0.12000099999999998 0.03000000000000002
0.12000099999999998 0.03100000000000002
0.12000099999999998 0.03200000000000002
0.12000099999999998 0.03300000000000002
0.12000099999999998 0.03400000000000002
0.12000099999999998 0.035000000000000024
0.12000099999999998 0.036000000000000025
0.12000099999999998 0.037000000000000026
0.12000099999999998 0.03800000000000003
0.12000099999999998 0.03900000000000003
0.12000099999999998 0.04000000000000003
0.12000099999999998 0.04100000000000003
0.12000099999999998 0.04200000000000003
0.12000099999999998 0.04300000000000003
0.12000099999999998 0.04400000000000003
0.12000099999999998 0.04500000000000003
0.12000099999999998 0.046000000000000034
0.12000099999999998 0.047000000000000035
0.12000099999999998 0.048000000000000036
0.12000099999999998 0.04900000000000004
0.12000099999999998 0.05000000000000004
0.12000099999999998 0.05100000000000004
0.12000099999999998 0.05200000000000004
0.12000099999999998 0.05300000000000004
0.12000099999999998 0.05400000000000004
0.12000099999999998 0.05500000000000004
0.12000099999999998 0.05600000000000004
0.12000099999999998 0.057000000000000044
0.12000099999999998 0.058000000000000045
0.12000099999999998 0.059000000000000045
0.12000099999999998 0.060000000000000046
0.12000099999999998 0.06100000000000005
0.12000099999999998 0.06200000000000005
0.12000099999999998 0.06300000000000004
0.12000099999999998 0.06400000000000004
0.12000099999999998 0.06500000000000004
0.12000099999999998 0.06600000000000004
0.12000099999999998 0.06700000000000005
0.12000099999999998 0.06800000000000005
0.12000099999999998 0.06900000000000005
0.12000099999999998 0.07000000000000005
0.12000099999999998 0.07100000000000005
0.12000099999999998 0.07200000000000005
0.12000099999999998 0.07300000000000005
0.12000099999999998 0.07400000000000005
0.12000099999999998 0.07500000000000005
0.12000099999999998 0.07600000000000005
0.12000099999999998 0.07700000000000005
0.12000099999999998 0.07800000000000006
0.12000099999999998 0.07900000000000006
0.13000099999999998 0.04100000000000003
0.13000099999999998 0.04200000000000003
0.13000099999999998 0.04300000000000003
0.13000099999999998 0.04400000000000003
0.13000099999999998 0.04500000000000003
0.13000099999999998 0.046000000000000034
0.13000099999999998 0.047000000000000035
0.13000099999999998 0.048000000000000036
0.13000099999999998 0.04900000000000004
0.13000099999999998 0.05000000000000004
0.13000099999999998 0.05100000000000004
0.13000099999999998 0.05200000000000004
0.13000099999999998 0.05300000000000004
0.13000099999999998 0.05400000000000004
0.13000099999999998 0.05500000000000004
0.13000099999999998 0.05600000000000004
0.13000099999999998 0.057000000000000044
0.13000099999999998 0.058000000000000045
0.13000099999999998 0.059000000000000045
0.13000099999999998 0.060000000000000046
0.13000099999999998 0.06100000000000005
0.13000099999999998 0.06200000000000005
0.13000099999999998 0.06300000000000004
0.13000099999999998 0.06400000000000004
0.13000099999999998 0.06500000000000004
0.13000099999999998 0.06600000000000004
0.13000099999999998 0.06700000000000005
0.13000099999999998 0.06800000000000005
0.13000099999999998 0.06900000000000005
0.13000099999999998 0.07000000000000005
0.13000099999999998 0.07100000000000005
0.13000099999999998 0.07200000000000005
0.13000099999999998 0.07300000000000005
0.13000099999999998 0.07400000000000005
0.13000099999999998 0.07500000000000005
0.13000099999999998 0.07600000000000005
0.13000099999999998 0.07700000000000005
0.13000099999999998 0.07800000000000006
0.13000099999999998 0.07900000000000006
0.13000099999999998 0.08000000000000006
0.13000099999999998 0.08100000000000006
0.13000099999999998 0.08200000000000006
0.13000099999999998 0.08300000000000006
0.13000099999999998 0.08400000000000006
0.13000099999999998 0.08500000000000006
0.13000099999999998 0.08600000000000006
0.13000099999999998 0.08700000000000006
0.13000099999999998 0.08800000000000006
0.13000099999999998 0.08900000000000007
0.13000099999999998 0.09000000000000007
0.13000099999999998 0.09100000000000007
0.13000099999999998 0.09200000000000007
0.13000099999999998 0.09300000000000007
0.13000099999999998 0.09400000000000007
0.13000099999999998 0.09500000000000007
0.13000099999999998 0.09600000000000007
0.13000099999999998 0.09700000000000007
0.13000099999999998 0.09800000000000007
0.13000099999999998 0.09900000000000007
0.13000099999999998 0.10000000000000007
0.13000099999999998 0.10100000000000008
0.13000099999999998 0.10200000000000008
0.13000099999999998 0.10300000000000008
0.13000099999999998 0.10400000000000008
0.13000099999999998 0.10500000000000008
