0 0.0
0.01 0.0023
0.02 0.4034
0.03 0.8161
0.04 0.8391
0.05 0.7901
0.060000000000000005 0.7607
0.07 0.7663
0.08 0.6817
0.09 0.6872
0.09999999999999999 0.6385
0.10999999999999999 0.6449
0.11999999999999998 0.6218
0.12999999999999998 0.6051
0.13999999999999999 0.5931
0.15 0.5727
0.16 0.5815
0.17 0.5704
0.18000000000000002 0.586
0.19000000000000003 0.5796
0.20000000000000004 0.5392
0.21000000000000005 0.5703
0.22000000000000006 0.5264
0.23000000000000007 0.543
0.24000000000000007 0.5474
0.25000000000000006 0.5506
0.26000000000000006 0.5429
0.2700000000000001 0.5511
0.2800000000000001 0.4902
0.2900000000000001 0.5387
