0.0 1.0100501772345065e-05
0.0 1.0202013606345043e-05
0.0 1.0304545653329757e-05
0.0 1.040810816665243e-05
0.0 1.0512711502715045e-05
0.0 1.0618366122004036e-05
0.0 1.0725082590136353e-05
0.0 1.0832871578916074e-05
0.0 1.0941743867401613e-05
0.0 1.1051710342983666e-05
0.0 1.1162782002473988e-05
0.0 1.1274969953205113e-05
0.0 1.1388285414141121e-05
0.0 1.1502739716999582e-05
0.0 1.161834430738476e-05
0.0 1.173511074593222e-05
0.0 1.185305070946493e-05
0.0 1.197217599216099e-05
0.0 1.2092498506733086e-05
0.0 1.2214030285619814e-05
0.0 1.233678348218896e-05
0.0 1.246077037195289e-05
0.0 1.258600335379614e-05
0.0 1.2712494951215361e-05
0.0 1.2840257813571706e-05
0.0 1.2969304717355822e-05
0.0 1.3099648567465551e-05
0.0 1.3231302398496462e-05
0.0 1.3364279376045372e-05
0.0 1.3498592798026948e-05
0.0 1.3634256096003562e-05
0.0 1.3771282836528494e-05
0.0 1.3909686722502648e-05
0.0 1.4049481594544895e-05
0.0 1.4190681432376195e-05
0.0 1.4333300356217626e-05
0.0 1.4477352628202466e-05
0.0 1.462285265380247e-05
0.0 1.476981498326847e-05
0.0 1.4918254313085475e-05
0.0 1.5068185487442375e-05
0.0 1.5219623499716432e-05
0.0 1.5372583493972677e-05
0.0 1.5527080766478384e-05
0.0 1.5683130767232775e-05
0.0 1.5840749101512084e-05
0.0 1.599995153143015e-05
0.0 1.6160753977514715e-05
0.0 1.632317252029954e-05
0.0 1.6487223401932532e-05
0.0 1.665292302780005e-05
0.0 1.6820287968167505e-05
0.0 1.698933495983648e-05
0.0 1.7160080907818475e-05
0.0 1.7332542887025515e-05
0.0 1.7506738143977702e-05
0.0 1.7682684098527966e-05
0.0 1.786039834560413e-05
0.0 1.80398986569685e-05
0.0 1.8221202982995125e-05
0.0 1.840432945446493e-05
0.0 1.8589296384378883e-05
0.0 1.8776122269789404e-05
0.0 1.896482579365015e-05
0.0 1.9155425826684422e-05
0.0 1.9347941429272337e-05
0.0 1.9542391853356966e-05
0.0 1.9738796544369634e-05
0.0 1.993717514317457e-05
0.0 2.0137547488033103e-05
0.0 2.03399336165876e-05
0.0 2.0544353767865342e-05
0.0 2.0750828384302542e-05
0.0 2.0959378113788706e-05
0.0 2.1170023811731543e-05
0.0 2.1382786543142625e-05
0.0 2.1597687584744014e-05
0.0 2.181474842709606e-05
0.0 2.2033990776746586e-05
0.0 2.2255436558401672e-05
0.0 2.2479107917118265e-05
0.0 2.270502722051881e-05
0.0 2.293321706102817e-05
0.0 2.3163700258132986e-05
0.0 2.3396499860663787e-05
0.0 2.363163914910001e-05
0.0 2.386914163789821e-05
0.0 2.4109031077843636e-05
0.0 2.4351331458425493e-05
0.0 2.4596067010236023e-05
0.0 2.4843262207393743e-05
0.0 2.5092941769991012e-05
0.0 2.534513066656621e-05
0.0 2.5599854116600763e-05
0.0 2.5857137593041263e-05
0.0 2.6117006824846946e-05
0.0 2.6379487799562756e-05
0.0 2.6644606765918293e-05
0.0 2.6912390236452872e-05
0.0 2.7182864990166965e-05
0.0 2.7456058075200298e-05
0.0 2.7731996811536856e-05
0.0 2.80107087937371e-05
0.0 2.829222189369761e-05
0.0 2.857656426343849e-05
0.0 2.8863764337918795e-05
0.0 2.9153850837880226e-05
0.0 2.9446852772719443e-05
0.0 2.9742799443389218e-05
0.0 3.0041720445328774e-05
0.0 3.0343645671423547e-05
0.0 3.064860531499473e-05
0.0 3.095662987281884e-05
0.0 3.1267750148177635e-05
0.0 3.158199725393873e-05
0.0 3.1899402615667104e-05
0.0 3.221999797476793e-05
0.0 3.254381539166101e-05
0.0 3.287088724898704e-05
0.0 3.3201246254846195e-05
0.0 3.353492544606922e-05
0.0 3.387195819152138e-05
0.0 3.421237819543966e-05
0.0 3.455621950080347e-05
0.0 3.4903516492739285e-05
0.0 3.525430390195943e-05
0.0 3.560861680823549e-05
0.0 3.5966490643906614e-05
0.0 3.632796119742307e-05
0.0 3.669306461692545e-05
0.0 3.7061837413859776e-05
0.0 3.7434316466629054e-05
0.0 3.781053902428144e-05
0.0 3.819054271023552e-05
0.0 3.8574365526043014e-05
0.0 3.896204585518931e-05
0.0 3.935362246693221e-05
0.0 3.9749134520179225e-05
0.0 4.0148621567403906e-05
0.0 4.055212355860146e-05
0.0 4.095968084528418e-05
0.0 4.1371334184517035e-05
0.0 4.1787124742993785e-05
0.0 4.2207094101154106e-05
0.0 4.263128425734208e-05
0.0 4.3059737632006496e-05
0.0 4.3492497071943335e-05
0.0 4.392960585458097e-05
0.0 4.437110769230835e-05
0.0 4.481704673684677e-05
0.0 4.526746758366552e-05
0.0 4.572241527644195e-05
0.0 4.6181935311566394e-05
0.0 4.664607364269231e-05
0.0 4.711487668533218e-05
0.0 4.758839132149967e-05
0.0 4.806666490439835e-05
0.0 4.8549745263157595e-05
0.0 4.903768070761612e-05
0.0 4.953052003315353e-05
0.0 5.002831252557049e-05
0.0 5.053110796601792e-05
0.0 5.103895663597575e-05
0.0 5.155190932228172e-05
0.0 5.2070017322210704e-05
0.0 5.259333244860515e-05
0.0 5.312190703505701e-05
0.0 5.365579394114184e-05
0.0 5.419504655770545e-05
0.0 5.47397188122037e-05
0.0 5.528986517409603e-05
0.0 5.584554066029314e-05
0.0 5.6406800840659434e-05
0.0 5.6973701843570835e-05
0.0 5.75463003615284e-05
0.0 5.8124653656828406e-05
0.0 5.870881956728938e-05
0.0 5.929885651203677e-05
0.0 5.9894823497345706e-05
0.0 6.049678012254252e-05
0.0 6.110478658596557e-05
0.0 6.1718903690986e-05
0.0 6.233919285208902e-05
0.0 6.296571610101631e-05
0.0 6.359853609297017e-05
0.0 6.423771611288002e-05
0.0 6.488332008173191e-05
0.0 6.553541256296167e-05
0.0 6.619405876891233e-05
0.0 6.685932456735634e-05
0.0 6.753127648808353e-05
0.0 6.820998172955518e-05
0.0 6.8895508165625e-05
0.0 6.958792435232768e-05
0.0 7.028729953473568e-05
0.0 7.099370365388493e-05
0.0 7.170720735377022e-05
0.0 7.242788198841078e-05
0.0 7.3155799628987e-05
0.0 7.389103307104888e-05
0.0 7.46336558417969e-05
0.0 7.538374220743605e-05
0.0 7.61413671806039e-05
0.0 7.690660652787328e-05
0.0 7.767953677733031e-05
0.0 7.846023522622874e-05
0.0 7.924877994872118e-05
0.0 8.004524980366796e-05
0.0 8.084972444252467e-05
0.0 8.166228431730886e-05
0.0 8.248301068864686e-05
0.0 8.331198563390146e-05
0.0 8.41492920553814e-05
0.0 8.499501368863327e-05
0.0 8.584923511081685e-05
0.0 8.671204174916458e-05
0.0 8.758351988952611e-05
0.0 8.846375668499878e-05
0.0 8.935284016464479e-05
0.0 9.025085924229603e-05
0.0 9.11579037254475e-05
0.0 9.207406432423999e-05
0.0 9.299943266053317e-05
0.0 9.393410127706991e-05
0.0 9.487816364673263e-05
0.0 9.58317141818928e-05
0.0 9.679484824385436e-05
0.0 9.776766215239215e-05
0.0 9.875025319538618e-05
0.0 9.974271963855276e-05
0.0 0.00010074516073527349
0.0 0.00010175767673652302
0.0 0.00010278036890089665
0.0 0.00010381333950473877
0.0 0.00010485669185237304
0.0 0.00010591053028643551
0.0 0.00010697496019831155
0.0 0.00010805008803867777
0.0 0.00010913602132814988
0.0 0.0001102328686680376
0.0 0.00011134073975120777
0.0 0.00011245974537305655
0.0 0.00011358999744259202
0.0 0.00011473160899362821
0.0 0.0001158846941960916
0.0 0.00011704936836744135
0.0 0.00011822574798420435
0.0 0.0001194139506936262
0.0 0.00012061409532543938
0.0 0.00012182630190374968
0.0 0.0001230506916590422
0.0 0.000124287387040308
0.0 0.00012553651172729274
0.0 0.00012679819064286837
0.0 0.00012807254996552932
0.0 0.00012935971714201424
0.0 0.00013065982090005468
0.0 0.00013197299126125199
0.0 0.00013329935955408358
0.0 0.00013463905842704007
0.0 0.00013599222186189445
0.0 0.0001373589851871047
0.0 0.00013873948509135107
0.0 0.00014013385963720964
0.0 0.00014154224827496323
0.0 0.0001429647918565512
0.0 0.00014440163264965955
0.0 0.0001458529143519526
0.0 0.0001473187821054479
0.0 0.00014879938251103562
0.0 0.00015029486364314382
0.0 0.0001518053750645514
0.0 0.0001533310678413498
0.0 0.0001548720945580552
0.0 0.00015642860933287272
0.0 0.0001580007678331141
0.0 0.0001595887272907703
0.0 0.00016119264651824082
0.0 0.0001628126859242211
0.0 0.00016444900752974966
0.0 0.00016610177498441677
0.0 0.00016777115358273582
0.0 0.00016945731028067957
0.0 0.0001711604137123825
0.0 0.00017288063420701127
0.0 0.00017461814380580467
0.0 0.00017637311627928502
0.0 0.00017814572714464262
0.0 0.00017993615368329496
0.0 0.0001817445749586227
0.0 0.0001835711718338836
0.0 0.0001854161269903071
0.0 0.00018727962494537043
0.0 0.00018916185207125882
0.0 0.00019106299661351107
0.0 0.00019298324870985285
0.0 0.00019492280040921928
0.0 0.00019688184569096887
0.0 0.00019886058048429063
0.0 0.0002008592026878063
0.0 0.00020287791218936987
0.0 0.0002049169108860661
0.0 0.00020697640270441012
0.0 0.0002090565936207503
0.0 0.00021115769168187617
0.0 0.00021327990702583378
0.0 0.00021542345190295013
0.0 0.00021758854069706926
0.0 0.00021977538994700187
0.0 0.0002219842183681906
0.0 0.00022421524687459322
0.0 0.00022646869860078593
0.0 0.00022874479892428902
0.0 0.0002310437754881169
0.0 0.00023336585822355507
0.0 0.00023571127937316617
0.0 0.00023808027351402726
0.0 0.00024047307758120107
0.0 0.00024288993089144304
0.0 0.0002453310751671471
0.0 0.0002477967545605319
0.0 0.00025028721567807075
0.0 0.00025280270760516706
0.0 0.0002553434819310778
0.0 0.000257909792774088
0.0 0.0002605018968069382
0.0 0.00026312005328250773
0.0 0.00026576452405975646
0.0 0.0002684355736299273
0.0 0.00027113346914301215
0.0 0.00027385848043448465
0.0 0.0002766108800523011
0.0 0.0002793909432841734
0.0 0.00028219894818511625
0.0 0.0002850351756052714
0.0 0.0002878999092180119
0.0 0.0002907934355483289
0.0 0.0002937160440015042
0.0 0.00029666802689207086
0.0 0.00029964967947306584
0.0 0.00030266129996557605
0.0 0.00030570318958858224
0.0 0.00030877565258910294
0.0 0.0003118789962726415
0.0 0.00031501353103393975
0.0 0.00031817957038804065
0.0 0.00032137743100166374
0.0 0.0003246074327248962
0.0 0.0003278698986232026
0.0 0.00033116515500975673
0.0 0.0003344935314780988
0.0 0.000337855360935121
0.0 0.0003412509796343854
0.0 0.0003446807272097764
0.0 0.0003481449467094921
0.0 0.0003516439846303778
0.0 0.00035517819095260463
0.0 0.00035874791917469743
0.0 0.0003623535263489147
0.0 0.00036599537311698477
0.0 0.00036967382374620156
0.0 0.00037338924616588337
0.0 0.0003771420120041986
0.0 0.0003809324966253621
0.0 0.0003847610791672056
0.0 0.0003886281425791265
0.0 0.0003925340736604179
0.0 0.0003964792630989852
0.0 0.0004004641055104517
0.0 0.00040448899947765775
0.0 0.0004085543475905576
0.0 0.0004126605564865176
0.0 0.0004168080368910198
0.0 0.00042099720365877566
0.0 0.00042522847581525275
0.0 0.0004295022765986201
0.0 0.00043381903350211525
0.0 0.00043817917831683766
0.0 0.00044258314717497314
0.0 0.00044703138059345283
0.0 0.00045152432351805205
0.0 0.0004560624253679326
0.0 0.00046064614008063345
0.0 0.00046527592615751463
0.0 0.0004699522467096578
0.0 0.00047467556950422945
0.0 0.00047944636701131047
0.0 0.00048426511645119705
0.0 0.0004891322998421778
0.0 0.0004940484040487916
0.0 0.0004990139208305716
0.0 0.0005040293468912794
0.0 0.000509095183928635
0.0 0.0005142119386845476
0.0 0.0005193801229958515
0.0 0.0005246002538455535
0.0 0.0005298728534145953
0.0 0.0005351984491341377
0.0 0.000540577573738371
0.0 0.0005460107653178568
0.0 0.0005514985673734067
0.0 0.0005570415288705043
0.0 0.0005626402042942742
0.0 0.0005682951537050046
0.0 0.0005740069427942292
0.0 0.0005797761429413739
0.0 0.0005856033312709728
0.0 0.0005914890907104618
0.0 0.0005974340100485528
0.0 0.0006034386839941968
0.0 0.0006095037132361396
0.0 0.000615629704503078
0.0 0.0006218172706244215
0.0 0.0006280670305916658
0.0 0.0006343796096203842
0.0 0.0006407556392128442
0.0 0.0006471957572212529
0.0 0.0006537006079116407
0.0 0.0006602708420283889
0.0 0.0006669071168594048
0.0 0.0006736100963019557
0.0 0.0006803804509291648
0.0 0.0006872188580571767
0.0 0.0006941260018129995
0.0 0.0007011025732030308
0.0 0.0007081492701822734
0.0 0.0007152667977242478
0.0 0.0007224558678916096
0.0 0.0007297171999074784
0.0 0.0007370515202274843
0.0 0.0007444595626125407
0.0 0.0007519420682023505
0.0 0.000759499785589652
0.0 0.0007671334708952137
0.0 0.0007748438878435838
0.0 0.0007826318078396035
0.0 0.0007904980100456906
0.0 0.0007984432814599021
0.0 0.0008064684169947833
0.0 0.0008145742195570113
0.0 0.0008227615001278411
0.0 0.0008310310778443619
0.0 0.0008393837800815725
0.0 0.0008478204425352839
0.0 0.0008563419093058569
0.0 0.0008649490329827838
0.0 0.0008736426747301224
0.0 0.0008824237043727912
0.0 0.000891293000483734
0.0 0.0009002514504719628
0.0 0.0009092999506714888
0.0 0.0009184394064311489
0.0 0.0009276707322053381
0.0 0.0009369948516456565
0.0 0.0009464126976934792
0.0 0.0009559252126734606
0.0 0.0009655333483879807
0.0 0.0009752380662125426
0.0 0.0009850403371921338
0.0 0.0009949411421385564
0.0 0.0010049414717287408
0.0 0.0010150423266040488
0.0 0.0010252447174705795
0.0 0.0010355496652004854
0.0 0.0010459582009343103
0.0 0.0010564713661843595
0.0 0.0010670902129391118
0.0 0.0010778158037686848
0.0 0.0010886492119313639
0.0 0.0010995915214812044
0.0 0.0011106438273767204
0.0 0.0011218072355906692
0.0 0.0011330828632209423
0.0 0.0011444718386025758
0.0 0.0011559753014208903
0.0 0.0011675944028257709
0.0 0.0011793303055471023
0.0 0.0011911841840113663
0.0 0.0012031572244594162
0.0 0.001215250625065439
0.0 0.0012274655960571193
0.0 0.001239803359837013
0.0 0.0012522651511051477
0.0 0.0012648522169828587
0.0 0.0012775658171378758
0.0 0.0012904072239106714
0.0 0.0013033777224420835
0.0 0.0013164786108022274
0.0 0.0013297112001207075
0.0 0.0013430768147181435
0.0 0.0013565767922390248
0.0 0.0013702124837859041
0.0 0.0013839852540549476
0.0 0.0013978964814728512
0.0 0.001411947558335141
0.0 0.0014261398909458677
0.0 0.001440474899758714
0.0 0.0014549540195195228
0.0 0.0014695786994102687
0.0 0.0014843504031944793
0.0 0.0014992706093641278
0.0 0.0015143408112880063
0.0 0.0015295625173615997
0.0 0.0015449372511584713
0.0 0.0015604665515831788
0.0 0.0015761519730257327
0.0 0.0015919950855176168
0.0 0.0016079974748893834
0.0 0.0016241607429298402
0.0 0.0016404865075468464
0.0 0.0016569764029297318
0.0 0.0016736320797133576
0.0 0.0016904552051438346
0.0 0.001707447463245915
0.0 0.0017246105549920763
0.0 0.0017419461984733147
0.0 0.0017594561290716615
0.0 0.0017771420996344463
0.0 0.0017950058806503184
0.0 0.0018130492604270497
0.0 0.0018312740452711327
0.0 0.0018496820596691952
0.0 0.0018682751464712487
0.0 0.0018870551670757882
0.0 0.001906024001616765
0.0 0.0019251835491524484
0.0 0.0019445357278561977
0.0 0.001964082475209163
0.0 0.0019838257481949355
0.0 0.002003767523496164
0.0 0.0020239097976931623
0.0 0.002044254587464524
0.0 0.0020648039297897674
0.0 0.0020855598821540285
0.0 0.0021065245227548266
0.0 0.0021276999507109213
0.0 0.002149088286273281
0.0 0.0021706916710381883
0.0 0.0021925122681624993
0.0 0.002214552262581084
0.0 0.0022368138612264645
0.0 0.002259299293250678
0.0 0.0022820108102493838
0.0 0.002304950686488241
0.0 0.002328121219131575
0.0 0.0023515247284733617
0.0 0.0023751635581705476
0.0 0.0023990400754787342
0.0 0.0024231566714902493
0.0 0.0024475157613746265
0.0 0.0024721197846215228
0.0 0.0024969712052860956
0.0 0.0025220725122368647
0.0 0.0025474262194060855
0.0 0.0025730348660426582
0.0 0.0025989010169676008
0.0 0.0026250272628321075
0.0 0.002651416220378226
0.0 0.0026780705327021726
0.0 0.0027049928695203193
0.0 0.0027321859274378737
0.0 0.0027596524302202843
0.0 0.002787395129067397
0.0 0.0028154168028903903
0.0 0.0028437202585915185
0.0 0.002872308331346692
0.0 0.0029011838848909217
0.0 0.002930349811806661
0.0 0.002959809033815069
0.0 0.002989564502070231
0.0 0.0030196191974563615
0.0 0.0030499761308880238
0.0 0.0030806383436133952
0.0 0.0031116089075206104
0.0 0.0031428909254472112
0.0 0.0031744875314927397
0.0 0.003206401891334504
0.0 0.0032386372025465467
0.0 0.003271196694921856
0.0 0.0033040836307978425
0.0 0.003337301305385128
0.0 0.0033708530470996675
0.0 0.0034047422178982456
0.0 0.003438972213617383
0.0 0.003473546464315684
0.0 0.0035084684346196617
0.0 0.0035437416240730784
0.0 0.003579369567489834
0.0 0.0036153558353104434
0.0 0.0036517040339621343
0.0 0.003688417806222608
0.0 0.0037255008315874964
0.0 0.0037629568266415556
0.0 0.0038007895454336346
0.0 0.0038390027798554573
0.0 0.0038776003600242558
0.0 0.003916586154669298
0.0 0.003955964071522346
0.0 0.003995738057712088
0.0 0.004035912100162582
0.0 0.004076490225995758
0.0 0.004117476502938014
0.0 0.004158875039730954
0.0 0.004200689986546303
0.0 0.004242925535405052
0.0 0.004285585920600868
0.0 0.004328675419127818
0.0 0.00437219835111245
0.0 0.004416159080250273
0.0 0.004460562014246689
0.0 0.0045054116052624165
0.0 0.004550712350363449
0.0 0.0045964687919756095
0.0 0.00464268551834373
0.0 0.004689367163995516
0.0 0.004736518410210146
0.0 0.004784143985491642
0.0 0.0048322486660470725
0.0 0.004880837276269638
0.0 0.004929914689226678
0.0 0.004979485827152665
0.0 0.005029555661947223
0.0 0.005080129215678242
0.0 0.005131211561090112
0.0 0.005182807822117164
0.0 0.005234923174402341
0.0 0.005287562845821178
0.0 0.005340732117011124
0.0 0.005394436321906284
0.0 0.005448680848277617
0.0 0.005503471138278659
0.0 0.005558812688996826
0.0 0.005614711053010353
0.0 0.005671171838950923
0.0 0.00572820071207206
0.0 0.005785803394823333
0.0 0.00584398566743043
0.0 0.0059027533684811746
0.0 0.00596211239551754
0.0 0.006022068705633718
0.0 0.0060826283160803195
0.0 0.006143797304874756
0.0 0.0062055818114178755
0.0 0.006267988037116919
0.0 0.006331022246014855
0.0 0.006394690765426163
0.0 0.006458999986579143
0.0 0.006523956365264799
0.0 0.006589566422492386
0.0 0.006655836745151673
0.0 0.006722773986682005
0.0 0.006790384867748228
0.0 0.006858676176923554
0.0 0.006927654771379429
0.0 0.00699732757758249
0.0 0.007067701591998677
0.0 0.0071387838818045765
0.0 0.0072105815856060755
0.0 0.007283101914164397
0.0 0.007356352151129601
0.0 0.007430339653781621
0.0 0.007505071853778929
0.0 0.007580556257914891
0.0 0.00765680044888191
0.0 0.007733812086043426
0.0 0.007811598906213871
0.0 0.007890168724446638
0.0 0.007969529434830182
0.0 0.008049689011292303
0.0 0.008130655508412726
0.0 0.008212437062244048
0.0 0.008295041891141152
0.0 0.008378478296599164
0.0 0.008462754664100056
0.0 0.008547879463967983
0.0 0.008633861252233439
0.0 0.008720708671506332
0.0 0.00880843045185808
0.0 0.008897035411712797
0.0 0.008986532458747701
0.0 0.009076930590802819
0.0 0.009168238896800077
0.0 0.009260466557671918
0.0 0.009353622847299492
0.0 0.009447717133460569
0.0 0.009542758878787251
0.0 0.009638757641733593
0.0 0.009735723077553235
0.0 0.009833664939287168
0.0 0.009932593078761723
0.0 0.010032517447596893
0.0 0.010133448098225117
0.0 0.01023539518492061
0.0 0.010338368964839376
0.0 0.010442379799070008
0.0 0.010547438153695386
0.0 0.010653554600865391
0.0 0.010760739819880764
0.0 0.010869004598288214
0.0 0.010978359832986905
0.0 0.011088816531346444
0.0 0.011200385812336481
0.0 0.011313078907668066
0.0 0.011426907162946873
0.0 0.011541882038838418
0.0 0.011658015112245419
0.0 0.011775318077497399
0.0 0.011893802747552699
0.0 0.012013481055212992
0.0 0.012134365054350475
0.0 0.012256466921147851
0.0 0.01237979895535124
0.0 0.012504373581536166
0.0 0.01263020335038676
0.0 0.012757300939988326
0.0 0.012885679157133388
0.0 0.013015350938641411
0.0 0.0131463293526923
0.0 0.013278627600173851
0.0 0.013412259016043294
0.0 0.013547237070703093
0.0 0.013683575371391138
0.0 0.013821287663585514
0.0 0.013960387832423971
0.0 0.014100889904138287
0.0 0.014242808047503665
0.0 0.014386156575303339
0.0 0.014530949945808544
0.0 0.014677202764274038
0.0 0.01482492978444932
0.0 0.01497414591010573
0.0 0.015124866196579611
0.0 0.015277105852331694
0.0 0.01543088024052289
0.0 0.015586204880606677
0.0 0.01574309544993824
0.0 0.01590156778540059
0.0 0.0160616378850478
0.0 0.016223321909765578
0.0 0.016386636184949368
0.0 0.01655159720220015
0.0 0.016718221621038157
0.0 0.016886526270634687
0.0 0.01705652815156224
0.0 0.01722824443756314
0.0 0.017401692477336885
0.0 0.017576889796346414
0.0 0.017753854098643503
0.0 0.01793260326871349
0.0 0.01811315537333959
0.0 0.018295528663486948
0.0 0.018479741576206705
0.0 0.018665812736560282
0.0 0.018853760959564096
0.0 0.01904360525215495
0.0 0.019235364815176334
0.0 0.019429059045385843
0.0 0.019624707537483976
0.0 0.01982233008616455
0.0 0.020021946688186958
0.0 0.02022357754447052
0.0 0.020427243062211196
0.0 0.020632963857020882
0.0 0.020840760755089564
0.0 0.021050654795370577
0.0 0.021262667231789236
0.0 0.021476819535475093
0.0 0.021693133397018106
0.0 0.02191163072874897
0.0 0.022132333667043882
0.0 0.022355264574654057
0.0 0.022580446043060205
0.0 0.02280790089485233
0.0 0.02303765218613507
0.0 0.02326972320895893
0.0 0.02350413749377764
0.0 0.02374091881193201
0.0 0.023980091178160506
0.0 0.024221678853136905
0.0 0.02446570634603533
0.0 0.02471219841712297
0.0 0.024961180080380792
0.0 0.0252126766061526
0.0 0.025466713523822727
0.0 0.025723316624522728
0.0 0.025982511963867368
0.0 0.02624432586472028
0.0 0.026508784919989616
0.0 0.026775915995454036
0.0 0.0270457462326194
0.0 0.027318303051606495
0.0 0.0275936141540702
0.0 0.02787170752615039
0.0 0.02815261144145501
0.0 0.02843635446407567
0.0 0.02872296545163613
0.0 0.02901247355837406
0.0 0.02930490823825648
0.0 0.029600299248129285
0.0 0.02989867665090119
0.0 0.03020007081876259
0.0 0.03050451243643968
0.0 0.03081203250448426
0.0 0.031122662342599666
0.0 0.03143643359300325
0.0 0.03175337822382582
0.0 0.03207352853254848
0.0 0.032396917149477365
0.0 0.03272357704125661
0.0 0.03305354151442015
0.0 0.03338684421898268
0.0 0.03372351915207033
0.0 0.034063600661591496
0.0 0.0344071234499483
0.0 0.03475412257778916
0.0 0.03510463346780302
0.0 0.03545869190855565
0.0 0.03581633405836857
0.0 0.03617759644924117
0.0 0.03654251599081639
0.0 0.03691112997439065
0.0 0.03728347607696846
0.0 0.03765959236536229
0.0 0.038039517300338256
0.0 0.03842328974080816
0.0 0.03881094894806842
0.0 0.03920253459008657
0.0 0.039598086745835724
0.0 0.039997645909677824
0.0 0.04040125299579602
0.0 0.040808949342676995
0.0 0.04122077671764373
0.0 0.04163677732143934
0.0 0.042056993792862665
0.0 0.04248146921345618
0.0 0.04291024711224694
0.0 0.04334337147054115
0.0 0.04378088672677309
0.0 0.044222837781408994
0.0 0.04466927000190666
0.0 0.04512022922773137
0.0 0.04557576177542897
0.0 0.04603591444375662
0.0 0.04650073451887217
0.0 0.04697026977958271
0.0 0.04744456850265314
0.0 0.04792367946817544
0.0 0.04840765196499951
0.0 0.04889653579622622
0.0 0.04939038128476362
0.0 0.04988923927894689
0.0 0.05039316115822309
0.0 0.05090219883890137
0.0 0.051416404779969456
0.0 0.051935831988977416
0.0 0.05246053402798937
0.0 0.052990565019604176
0.0 0.053525979653045855
0.0 0.05406683319032475
0.0 0.05461318147247024
0.0 0.055165080925835996
0.0 0.055722588568478705
0.0 0.05628576201661117
0.0 0.05685465949113079
0.0 0.05742933982422442
0.0 0.05800986246605053
0.0 0.05859628749149973
0.0 0.059188675607034696
0.0 0.05978708815761049
0.0 0.06039158713367632
0.0 0.06100223517825988
0.0 0.06161909559413531
0.0 0.06224223235107584
0.0 0.06287171009319234
0.0 0.06350759414635881
0.0 0.06414995052572603
0.0 0.0647988459433245
0.0 0.06545434781575789
0.0 0.0661165242719882
0.0 0.06678544416121386
0.0 0.06746117706084194
0.0 0.0681437932845559
0.0 0.06883336389048002
0.0 0.06952996068944182
0.0 0.07023365625333394
0.0 0.07094452392357657
0.0 0.07166263781968212
0.0 0.07238807284792315
0.0 0.07312090471010535
0.0 0.0738612099124467
0.0 0.07460906577456437
0.0 0.07536455043857095
0.0 0.07612774287828124
0.0 0.07689872290853149
0.0 0.07767757119461226
0.0 0.07846436926181675
0.0 0.0792591995051061
0.0 0.08006214519889322
0.0 0.08087329050694697
0.0 0.08169272049241814
0.0 0.08252052112798919
0.0 0.08335677930614922
0.0 0.0842015828495962
0.0 0.08505502052176794
0.0 0.08591718203750401
0.0 0.08678815807383998
0.0 0.08766804028093635
0.0 0.08855692129314366
0.0 0.08945489474020606
0.0 0.090362055258605
0.0 0.09127849850304537
0.0 0.09220432115808581
0.0 0.09313962094991556
0.0 0.09408449665827963
0.0 0.09503904812855485
0.0 0.09600337628397854
0.0 0.09697758313803233
0.0 0.09796177180698323
0.0 0.09895604652258433
0.0 0.09996051264493737
0.0 0.10097527667551963
0.0 0.10200044627037748
0.0 0.10303613025348911
0.0 0.1040824386302989
0.0 0.10513948260142592
0.0 0.10620737457654926
0.0 0.1072862281884727
0.0 0.10837615830737139
0.0 0.10947728105522342
0.0 0.11058971382042873
0.0 0.11171357527261859
0.0 0.11284898537765808
0.0 0.11399606541284484
0.0 0.11515493798230675
0.0 0.11632572703260184
0.0 0.11750855786852328
0.0 0.11870355716911264
0.0 0.11991085300388467
0.0 0.12113057484926668
0.0 0.122362853605256
0.0 0.12360782161229873
0.0 0.1248656126683932
0.0 0.1261363620464217
0.0 0.12742020651171396
0.0 0.12871728433984586
0.0 0.1300277353346774
0.0 0.1313517008466331
0.0 0.13268932379122927
0.0 0.13404074866785137
0.0 0.13540612157878593
0.0 0.13678559024851078
0.0 0.13817930404324769
0.0 0.13958741399078162
0.0 0.1410100728005508
0.0 0.14244743488401204
0.0 0.14389965637528546
0.0 0.14536689515208334
0.0 0.14684931085692757
0.0 0.14834706491866026
0.0 0.14986032057425236
0.0 0.15138924289091513
0.0 0.15293399878851915
0.0 0.15449475706232632
0.0 0.15607168840603938
0.0 0.15766496543517466
0.0 0.15927476271076302
0.0 0.1609012567633846
0.0 0.16254462611754275
0.0 0.16420505131638286
0.0 0.16588271494676152
0.0 0.1675778016646724
0.0 0.16929049822103417
0.0 0.17102099348784697
0.0 0.17276947848472332
0.0 0.17453614640579998
0.0 0.17632119264703702
0.0 0.17812481483391077
0.0 0.17994721284950718
0.0 0.18178858886302263
0.0 0.1836491473586788
0.0 0.18552909516505897
0.0 0.18742864148487293
0.0 0.18934799792515764
0.0 0.1912873785279215
0.0 0.19324699980123952
0.0 0.1952270807508076
0.0 0.19722784291196355
0.0 0.19924951038218314
0.0 0.20129230985405955
0.0 0.20335647064877457
0.0 0.20544222475007032
0.0 0.20754980683873006
0.0 0.20967945432757742
0.0 0.21183140739700307
0.0 0.21400590903102817
0.0 0.21620320505391427
0.0 0.21842354416732934
0.0 0.22066717798807997
0.0 0.22293436108641995
0.0 0.22522535102494554
0.0 0.22754040839808798
0.0 0.22987979687221438
0.0 0.2322437832263477
0.0 0.23463263739351728
0.0 0.23704663250275151
0.0 0.23948604492172432
0.0 0.24195115430006756
0.0 0.24444224361336156
0.0 0.24695959920781652
0.0 0.24950351084565736
0.0 0.2520742717512253
0.0 0.2546721786578096
0.0 0.25729753185522264
0.0 0.25995063523813333
0.0 0.26263179635517203
0.0 0.26534132645882225
0.0 0.2680795405561137
0.0 0.2708467574601324
0.0 0.27364329984236263
0.0 0.27646949428587747
0.0 0.2793256713393937
0.0 0.2822121655722079
0.0 0.2851293156300307
0.0 0.28807746429173636
0.0 0.29105695852704605
0.0 0.2940681495551622
0.0 0.2971113929043732
0.0 0.30018704847264716
0.0 0.303295480589234
0.0 0.3064370580772962
0.0 0.3096121543175882
0.0 0.3128211473132052
0.0 0.31606441975542304
0.0 0.3193423590906505
0.0 0.32265535758851654
0.0 0.32600381241111526
0.0 0.3293881256834317
0.0 0.3328087045649724
0.0 0.3362659613226258
0.0 0.33976031340477614
0.0 0.34329218351669755
0.0 0.34686199969725434
0.0 0.3504701953969338
0.0 0.3541172095572394
0.0 0.3578034866914724
0.0 0.36152947696693044
0.0 0.36529563628855294
0.0 0.369102426384043
0.0 0.372950314890497
0.0 0.37683977544257347
0.0 0.3807712877622336
0.0 0.3847453377500867
0.0 0.3887624175783741
0.0 0.39282302578562733
0.0 0.3969276673730351
0.0 0.4010768539025563
0.0 0.40527110359681673
0.0 0.4095109414408269
0.0 0.41379689928556157
0.0 0.4181295159534404
0.0 0.4225093373457513
0.0 0.426936916552059
0.0 0.43141281396164227
0.0 0.4359375973770038
0.0 0.44051184212949945
0.0 0.4451361311971323
0.0 0.4498110553245609
0.0 0.4545372131453699
0.0 0.45931521130665415
0.0 0.4641456645959679
0.0 0.4690291960706919
0.0 0.47396643718987347
0.0 0.47895802794859543
0.0 0.4840046170149304
0.0 0.4891068618695406
0.0 0.4942654289479826
0.0 0.4994809937857794
0.0 0.504754241166324
0.0 0.510085865271678
0.0 0.5154765698363354
0.0 0.520927068304017
0.0 0.5264380839875685
0.0 0.532010350232034
0.0 0.5376446105809795
0.0 0.543341618946143
0.0 0.5491021397804903
0.0 0.554926948254756
0.0 0.5608168304375543
0.0 0.5667725834791437
0.0 0.5727950157989339
0.0 0.578884947276824
0.0 0.585043209448466
0.0 0.5912706457045467
0.0 0.5975681114941876
0.0 0.6039364745325626
0.0 0.6103766150128355
0.0 0.6168894258225256
0.0 0.6234758127644094
0.0 0.6301366947820706
0.0 0.6368730041902139
0.0 0.643685686909862
0.0 0.6505757027085578
0.0 0.6575440254456959
0.0 0.6645916433231156
0.0 0.6717195591410856
0.0 0.6789287905598194
0.0 0.6862203703666608
0.0 0.6935953467490861
0.0 0.7010547835736699
0.0 0.7085997606711716
0.0 0.7162313741278973
0.0 0.7239507365835026
0.0 0.7317589775354032
0.0 0.7396572436499652
0.0 0.7476466990806556
0.0 0.7557285257933335
0.0 0.7639039238988727
0.0 0.7721741119933105
0.0 0.780540327505722
0.0 0.7890038270540277
0.0 0.7975658868089479
0.0 0.806227802866322
0.0 0.8149908916280206
0.0 0.8238564901916837
0.0 0.8328259567495253
0.0 0.841900670996453
0.0 0.8510820345477594
0.0 0.8603714713666482
0.0 0.8697704282018691
0.0 0.8792803750357425
0.0 0.8889028055428628
0.0 0.8986392375597821
0.0 0.9084912135659828
0.0 0.918460301176457
0.0 0.928548093646225
0.0 0.9387562103871306
0.0 0.9490862974972668
0.0 0.9595400283033934
0.0 0.970119103916723
0.0 0.9808252538024618
0.0 0.9916602363635061
0.0 1.002625839538708
0.0 1.0137238814161382
0.0 1.0249562108617882
0.0 1.036324708164168
0.0 1.047831285695273
0.0 1.0594778885884075
0.0 1.0712664954333724
0.0 1.0831991189895365
0.0 1.0952778069173355
0.0 1.1075046425287567
0.0 1.1198817455573897
0.0 1.1324112729486406
0.0 1.1450954196707326
0.0 1.1579364195471331
0.0 1.170936546111076
0.0 1.184098113482863
0.0 1.1974234772706631
0.0 1.2109150354955456
0.0 1.2245752295415144
0.0 1.2384065451313369
0.0 1.2524115133289901
0.0 1.2665927115695779
0.0 1.2809527647176011
0.0 1.2954943461545008
0.0 1.3102201788964225
0.0 1.3251330367431897
0.0 1.3402357454595093
0.0 1.3555311839894708
0.0 1.371022285705442
0.0 1.3867120396925037
0.0 1.4026034920696133
0.0 1.4186997473487275
0.0 1.4350039698331678
0.0 1.4515193850565569
0.0 1.4682492812637091
0.0 1.4851970109349122
0.0 1.502365992355089
0.0 1.5197597112293968
0.0 1.5373817223468715
0.0 1.555235651293799
0.0 1.5733251962185546
0.0 1.5916541296497286
0.0 1.610226300369426
0.0 1.6290456353437042
0.0 1.648116141712197
0.0 1.6674419088390533
0.0 1.6870271104274095
0.0 1.7068760066997057
0.0 1.7269929466462526
0.0 1.7473823703445566
0.0 1.7680488113520176
0.0 1.7889968991747232
0.0 1.8102313618151804
0.0 1.8317570284019487
0.0 1.8535788319042634
0.0 1.8757018119348743
0.0 1.8981311176444648
0.0 1.9208720107111639
0.0 1.9439298684288175
0.0 1.967310186897851
0.0 1.9910185843227202
0.0 2.0150608044201324
0.0 2.0394427199424072
0.0 2.0641703363205384
0.0 2.089249795431734
0.0 2.1146873794964276
0.0 2.140489515109984
0.0 2.16666277741456
0.0 2.193213894416847
0.0 2.220149751457679
0.0 2.2474773958397782
0.0 2.2752040416202073
0.0 2.3033370745744097
0.0 2.331884057339051
0.0 2.3608527347412225
0.0 2.3902510393219365
0.0 2.4200870970622295
0.0 2.4503692333205986
0.0 2.481105978990931
0.0 2.5123060768905403
0.0 2.5439784883884067
0.0 2.576132400284224
0.0 2.6087772319494045
0.0 2.6419226427417506
0.0 2.67557853970611
0.0 2.7097550855739714
0.0 2.74446270707563
0.0 2.7797121035792616
0.0 2.8155142560720123
0.0 2.851880436499004
0.0 2.888822217477011
0.0 2.9263514824004626
0.0 2.9644804359583903
0.0 3.0032216150819413
0.0 3.0425879003431757
0.0 3.0825925278269968
0.0 3.1232491014992902
0.0 3.1645716060956373
0.0 3.206574420556351
0.0 3.249272332035041
0.0 3.2926805505094836
0.0 3.3368147240252184
0.0 3.3816909546040863
0.0 3.4273258148517853
0.0 3.473736365300549
0.0 3.520940172525195
0.0 3.5689553280730775
0.0 3.6178004682509295
0.0 3.6674947948141927
0.0 3.7180580966072245
0.0 3.769510772205768
0.0 3.821873853616256
0.0 3.8751690310899534
0.0 3.9294186791136068
0.0 3.9846458836421954
0.0 4.040874470643594
0.0 4.098129036029479
0.0 4.156434977051662
0.0 4.215818525248239
0.0 4.276306781029561
0.0 4.337927750000026
0.0 4.400710381118209
0.0 4.464684606804782
0.0 4.529881385115225
0.0 4.596332744102406
0.0 4.664071828502848
0.0 4.733132948889942
0.0 4.80355163344752
0.0 4.875364682528244
0.0 4.948610226173124
0.0 5.023327784781387
0.0 5.099558333133847
0.0 5.177344367988047
0.0 5.256729979479817
0.0 5.337760926583697
0.0 5.42048471690397
0.0 5.504950691089065
0.0 5.591210112184906
0.0 5.679316260267662
0.0 5.769324532723428
0.0 5.861292550571913
0.0 5.95528027126343
0.0 6.051350108413698
0.0 6.149567058979462
0.0 6.24999883842003
0.0 6.352716024435959
0.0 6.457792209926693
0.0 6.565304165864406
0.0 6.675332014842253
0.0 6.787959416122209
0.0 6.903273763081396
0.0 7.021366394036989
0.0 7.142332817519399
0.0 7.266272953162227
0.0 7.393291389486827
0.0 7.52349765998017
0.0 7.657006538998644
0.0 7.79393835917896
0.0 7.934419352202232
0.0 8.07858201494066
0.0 8.22656550322033
0.0 8.378516055661116
0.0 8.534587450308518
0.0 8.694941497056025
0.0 8.859748569174082
0.0 9.02918817761757
0.0 9.203449592183132
0.0 9.382732514036583
0.0 9.567247804636054
0.0 9.75721827664638
0.0 9.952879553083877
0.0 10.15448100165874
0.0 10.362286752107448
0.0 10.576576805244246
0.0 10.797648243526085
0.0 11.025816554139274
0.0 11.261417077001813
0.0 11.504806591660541
0.0 11.75636505887911
0.0 12.016497534799779
0.0 12.285636277964405
0.0 12.564243072251623
0.0 12.852811791992302
0.0 13.151871239240528
0.0 13.46198828749442
0.0 13.783771371190387
0.0 14.117874366169008
0.0 14.465000913191306
0.0 14.82590924466611
0.0 15.201417584269942
0.0 15.592410200390846
0.0 15.999844207663102
0.0 16.42475722671912
0.0 16.868276031210517
0.0 17.331626333815326
0.0 17.816143890191878
0.0 18.323287132713563
0.0 18.854651585645364
0.0 19.41198636187621
0.0 19.99721310052824
