0.196565 1.4689574684059385
0.197565 1.5076032316926766
0.198565 1.547608901168824
0.199565 1.589162593369293
0.200565 1.63245610667391
0.201565 1.6776967822011626
0.202565 1.7251133317999345
0.203565 1.7749518972102423
0.204565 1.8275235055714871
0.205565 1.8831775449571293
0.206565 1.9423382779638771
0.207565 2.005506986620973
0.208565 2.0733155466852957
0.209565 2.1465637184419286
0.210565 2.2262611678474653
0.211565 2.3137655341342103
0.212565 2.4109278756011934
0.213565 2.5203799750794147
0.214565 2.646146353666638
0.215565 2.794840729907208
0.216565 2.9788629503829513
0.217565 3.2273085579570795
0.218565 3.665066333174339
0.219565 4.14373895253974
