0.196565 14.167706419535978
0.197565 13.331230507301688
0.198565 12.753620776583537
0.199565 12.2449387587061
0.200565 11.776962225606159
0.201565 11.337401734360629
0.202565 10.919307439521063
0.203565 10.51810943934731
0.204565 10.130563436865373
0.205565 9.754171257366638
0.206565 9.386837848851444
0.207565 9.026701500914243
0.208565 8.672132805120926
0.209565 8.321431684056659
0.210565 7.972872974777739
0.211565 7.624411415161592
0.212565 7.273702205304167
0.213565 6.917612874328347
0.214565 6.551713321217056
0.215565 6.169006819933889
0.216565 5.7567458449080995
0.217565 5.285546465524794
0.218565 4.6301011569411505
0.219565 4.145325670964417
