1e-06 1.0527828324701311e-30
0.010001 4.735863024475298e-18
0.020000999999999998 2.4225550195180322e-12
0.030001 4.807623710777986e-09
0.040001 6.507930644946537e-07
0.050001000000000004 1.913239599030069e-05
0.060001000000000006 0.00021631327484943744
0.07000100000000001 0.0012956241551201884
0.080001 0.005007759204832655
0.090001 0.014229263045959176
0.10000099999999999 0.032497765803462114
0.11000099999999999 0.06346035334968228
0.12000099999999998 0.11060677261268576
0.13000099999999998 0.17729522547312365
