6.11953726805204 2.424422120285425
6.133753311669577 2.4307816797045545
6.147951015023762 2.437153893884323
6.1621299282837985 2.443538573801108
6.1762896018764675 2.4499355291687372
6.190429586524826 2.4563445684511223
6.204549433286965 2.462765498875185
6.218648693594799 2.4691981264440646
6.232726919292909 2.4756422559506133
6.246783662677408 2.4820976909911714
6.260818476534831 2.4885642339796235
6.27483091418105 2.495041686161736
6.288820529500192 2.501529847629768
6.302786876983565 2.5080285173373564
6.316729511768584 2.5145374931146773
6.330647989677678 2.5210565716838715
6.3445418672571945 2.5275855486747405
6.358410701816269 2.5341242186407067
6.372254051465669 2.540672375075036
6.386071475156605 2.54722981042732
6.399862532719495 2.553796316120211
6.413626784902674 2.560371682566418
6.427363793411064 2.566955699185945
6.441073120944756 2.5735481544235848
6.454754331237548 2.580148835766652
6.468406989095392 2.5867575297629606
6.482030660434761 2.5933740220390344
6.495624912320932 2.599998097318561
6.50918931300617 2.6066295394410686
6.522723431967816 2.6132681313808335
6.536226839946265 2.619913655266017
6.549699108982825 2.626565892398012
6.563139812457473 2.633224623271018
6.576548525126473 2.6398896275918213
6.589924823159865 2.646560684299787
6.603268284178825 2.6532375715870606
6.616578487292879 2.659920066918964
6.629855013136969 2.6666079470545947
6.643097443908368 2.673300988067616
6.656305363403438 2.679998965367239
6.669478357054227 2.686701653719387
6.6826160119648925 2.6934088272680463
6.695717916947963 2.7001202595567895
6.708783662560409 2.7068357235504745
6.72181284113954 2.7135549916571127
6.734805046838723 2.720277835749901
6.747759875662894 2.727004027189415
6.760676925503883 2.733733336845959
6.773555796175549 2.7404655351220684
6.786396089448692 2.747200391975158
6.799197409085783 2.7539376769403168
6.811959360875465 2.7606771591532424
6.824681552666852 2.7674186073733074
6.837363594403604 2.7741617900067617
6.850005098157797 2.7809064751300587
6.86260567816355 2.787652430513305
6.875164950850448 2.7943994236438314
6.8876825348767285 2.801147221749876
6.900158051162234 2.8078955918243804
6.912591122921146 2.814644300648892
6.924981375694481 2.8213931148175693
6.937328437382342 2.8281418007612893
6.949631938275953 2.834890124771847
6.961891511089444 2.8416378530262527
6.9741067909914 2.8483847516111105
6.986277415636178 2.855130586547091
6.998403025194975 2.8618751238134816
7.010483262386667 2.8686181293728144
7.022517772508409 2.8753593691955768
7.034506203465987 2.882098609284988
7.046448205803944 2.8888356157018524
7.058343432735465 2.895570154589481
7.070191540172025 2.9023019921986717
7.081992186752804 2.909030894912765
7.093745033873872 2.91575662927275
7.105449745717146 2.922478962002443
7.117105989279111 2.9291976600337137
7.128713434399326 2.9359124905317766
7.140271753788703 2.942623220920537
7.1517806230575705 2.9493296189079934
7.163239720743521 2.9560314525116955
7.174648728339043 2.962728490084258
7.186007330318958 2.969420500338932
7.197315214167648 2.9761072523752317
7.208572070406088 2.9827885157046206
7.219777592618689 2.989464060276254
7.230931477479955 2.9961336565027876
7.242033424780961 3.0027970752862445
7.2530831374556595 3.0094540880439498
7.264080321607024 3.016104466734539
7.2750246865330315 3.022747983884031
7.28591594475249 3.029384412611988
7.296753812030741 3.0360135266577495
7.30753800740521 3.0426351004067578
7.318268253210842 3.049248908916978
7.328944275105425 3.055854727945418
7.3395658020948025 3.062452333974751
7.350132566557995 3.0690415042400647
7.360644304272236 3.0756220167557253
7.371100754437941 3.0821936503423815
7.381501659703609 3.0887561846541143
7.391846766190684 3.095309400205739
7.40213582351837 3.101853078400284
7.412368584828435 3.108387001556645
7.42254480681 3.1149109529374432
7.4326642497243345 3.1214247167770917
7.442726677429672 3.1279280783100947
7.452731857406061 3.134420823799594
7.462679560780271 3.140902740566185
7.472569562350753 3.147373617017018
7.4824016406126965 3.1538332426752134
7.492175577783184 3.160281408209609
7.501891159826455 3.166717905464868
7.511548176479312 3.173142527491976
7.521146421276689 3.179555068579151
7.530685691577372 3.185955324283202
7.540165788589935 3.1923430914613693
7.549586517398867 3.198718168303674
7.558947686990954 3.2050803543658257
7.568249110281886 3.211429450602715
7.577490604143163 3.2177652594025483
7.586671989429283 3.2240875846216497
7.595793091005246 3.2303962316199994
7.604853737774395 3.236691007297539
7.613853762706621 3.2429717201313104
7.6227930028669535 3.249238180213481
7.631671299444536 3.2554901992903127
7.640488497782051 3.2617275908021397
7.649244447405574 3.2679501699244287
7.657939002054911 3.2741577536099817
7.666572019714413 3.280350160632366
7.675143362644322 3.2865272116306503
7.683652897412633 3.292688729155529
7.692100494927521 3.298834537716926
7.700486030470338 3.304964463833177
7.708809383729206 3.3110783360818856
7.717070438833217 3.317175985152563
7.725269084387262 3.3232572439011645
7.733405213507499 3.329321947406646
7.7414787238574885 3.335369933029655
7.749489517684978 3.3414010404735084
7.7574375018593775 3.3474151118475794
7.765322587909915 3.3534119917332634
7.773144692064471 3.3593915272526593
7.780903735289111 3.3653535681401547
7.788599643328295 3.3712979668170773
7.796232346745768 3.3772245784696087
7.803801780966108 3.3831332611301512
7.811307886316928 3.389023875762363
7.818750608071696 3.3948962863500762
7.826129896493149 3.400750359990338
7.833445706877262 3.406585966990814
7.840697999597726 3.4124029809718164
7.847886740150881 3.4182012789732363
7.855011899201035 3.4239807415666528
7.8620734526261 3.4297412529729483
7.869071381563444 3.4354827011857267
7.87600567245587 3.441204978100891
7.882876317097594 3.446907979652728
7.889683312680088 3.4525916059568806
7.896426661837639 3.458255761460594
7.903106372692444 3.463900355100667
7.909722458899049 3.4695253004695275
7.916274939687905 3.475130515989909
7.922763839907792 3.480715925098594
7.929189190066843 3.4862814564397433
7.935551026371834 3.491827044068329
7.941849390765405 3.4973526276642395
7.948084330960833 3.5028581527576255
7.95425590047389 3.508343570966101
7.960364158651348 3.5138088402444274
7.966409170695567 3.5192539251473467
7.972391007684583 3.5246787971062474
7.978309746587054 3.530083434720375
7.984165470271329 3.5354678240633324
7.989958267507848 3.540831959005633
7.995688232963994 3.5461758415541014
8.001355467190434 3.551499482208932
8.006960076597878 3.5568029003392487
8.012502173423089 3.562086124578018
8.017981875682866 3.5673491932371917
8.023399307114573 3.5725921547439694
8.028754597101695 3.5778150680990746
8.034047880582708 3.583018003357944
8.039279297941414 3.5882010421357355
8.044448994876747 3.5933642781370345
8.049557122249798 3.598507817711139
8.054603835905699 3.6036317804337594
8.059589296467701 3.608736299715935
8.064513669100625 3.6138215234409152
8.069377123240562 3.618887614629681
8.074179832287465 3.6239347521356926
8.07892197325698 3.6289631313693356
8.083603726387551 3.6339729650524104
8.088225274698535 3.63896448400283
8.092786803494702 3.6439379379495187
8.09728849981215 3.6488935963772504
8.101730551800253 3.6538317494008936
8.10611314803395 3.65875270866824
8.110436476750136 3.6636568082901713
8.114700725001624 3.6685444057965375
8.11890607772163 3.673415883115593
8.123052716691289 3.6782716475742854
8.127140819402314 3.683112132916036
8.131170557806383 3.687937800331909
8.135142096942463 3.69274913950025
8.139055593432808 3.6975466696289025
8.142911193838009 3.7023309404930753
8.146709032861082 3.707102533460731
8.150449231390283 3.7118620624960412
8.154131894370106 3.7166101751299876
8.15775710848977 3.7213475533855425
8.161324939678462 3.726074914643082
8.164835430396705 3.730793012429691
8.168288596713511 3.7355026371138957
8.171684425159418 3.7402046164849923
8.175022869346284 3.744899816193646
8.178303846345663 3.749589140027728
8.181527232818995 3.75427352999447
8.18469286089449 3.7589539661770277
8.187800513787849 3.763631466330336
8.190849921166604 3.7683070851779195
8.193840754261108 3.7729819133679796
8.196772620729151 3.77765707604376
8.199645059285746 3.7823337309799583
8.20245753411504 3.7870130662338437
8.205209429087533 3.7916962972569244
8.207900041812938 3.7963846634105805
8.210528577567038 3.8010794238271863
8.21309414314009 3.805781852557105
8.215595740664236 3.8104932329416776
8.218032261488561 3.8152148511532675
8.220402480182319 3.819947988845726
8.222705048759728 3.8246939148626287
8.224938491233226 3.8294538759565957
8.227101198616042 3.8342290864811903
8.229191424509237 3.8390207170276875
8.231207281422387 3.8438298819925842
8.233146737990598 3.84865762607846
8.235007617262976 3.853504909750839
8.236787596248297 3.8583725936972
8.2384842069119 3.863261422361354
8.240094838822792 3.868172006656886
8.241616743650834 3.873104805997111
8.243047041709776 3.8780601098156073
8.244382730731834 3.8830380187902045
8.245620697042606 3.888038426023566
8.24675772928061 3.8930609984740556
8.247790534772863 3.8981051589701137
8.248715758636331 3.903170069178279
8.249530005624528 3.908254613927467
8.250229864679227 3.9133573873181637
8.250811936079838 3.9184766810626934
8.251272861008589 3.923610475509559
8.251609353269773 3.9287564337989984
8.251818232818449 3.9339118995765228
8.251896460670462 3.9390738986549185
8.251841174685032 3.944239144962003
8.251649725636781 3.949404051041229
8.251319712929817 3.9545647432854207
8.250849019256206 3.9597170819820797
8.250235843468376 3.964856686134169
8.249478730923157 3.9699789628963043
8.248576600566452 3.975079141337149
8.247528768064013 3.9801523101092333
8.246334964345545 3.9851934584828217
8.244995349015971 3.9901975200863147
8.243510518197052 3.9951594185974115
8.241881506491145 4.000074114551807
8.240109782902483 4.004936652383731
8.23819724070438 4.00974220678817
8.236146181397066 4.014486127499969
8.23395929305409 4.019163981620359
8.231639623499046 4.0237715926856925
8.229190548882825 4.028305075763455
8.226615738339575 4.032760867973134
8.223919115483213 4.037135753959118
8.221104817562834 4.0414268859838725
8.218177153123433 4.045631798455964
8.215140559018483 4.049748416853243
8.211999557594115 4.053775061140666
8.2087587148141 4.057710443910128
8.205422600023882 4.0615536635818685
8.201995747964887 4.065304193100689
8.198482623552032 4.068961864633247
8.194887589822146 4.072526850824409
8.191214879353858 4.075999643201158
8.18746856935408 4.079381028323043
8.183652560506342 4.082672062270599
8.179770559584625 4.0858740440396994
8.17582606575519 4.088988488373536
8.17182236041956 4.0920170985174655
8.167762500395066 4.0949617393283955
8.16364931418523 4.097824411112409
8.159485401060431 4.100607224504431
8.155273132648835 4.1033123766441415
8.151014656727506 4.105942128844781
8.146711902902533 4.10849878589751
8.142366589873463 4.11098467710447
8.137980233990044 4.113402139089519
8.133554158826696 4.115753500397038
8.129089505521035 4.1180410678564145
8.124587243645971 4.120267114662734
8.120048182409331 4.122433870102482
8.115472981999835 4.12454351083646
8.110862164922754 4.126598153639958
8.10621612719224 4.128599849492232
8.10153514926959 4.130550578902733
8.096819406657463 4.132452248359951
8.092068980078958 4.1343066877895875
8.087283865187452 4.136115648911583
8.08246398176813 4.137880804389894
8.077609182405357 4.139603747674389
8.072719260601286 4.1412859934405555
8.067793958340738 4.142928978539529
8.062832973105413 4.144534063378037
8.057835964346985 4.146102533655046
8.052802559433928 4.147635602388981
8.04773235909103 4.149134412176262
8.042624942353571 4.150600037628512
8.03747987106042 4.152033487941999
8.032296693911732 4.153435709558681
8.027074950117786 4.154807588883632
8.021814172665785 4.156149955028518
8.016513891231362 4.157463582555319
8.0111736347611 4.158749194198526
8.005792933751561 4.1600074635476645
8.000371322249505 4.161239017675265
7.994908339596834 4.162444439698233
7.9894035319426 4.1636242712631
7.983856453543204 4.164779014947834
7.978266667870611 4.1659091365747996
7.972633748547066 4.167015067431089
7.966957280123568 4.168097206393863
7.9612368587180455 4.16915592195952
7.955472092527979 4.1701915541765295
7.949662602231024 4.171204416482584
7.943808021286075 4.17219479744743
7.937907996146142 4.1731629624232776
7.9319621863934175 4.174109155105152
7.925970264805965 4.175033599003883
7.9199319173645835 4.175936498834702
7.913846843207601 4.1768180418246095
7.907714754540584 4.177678398941801
7.9015353765072645 4.178517726050521
7.895308447027335 4.179336164994763
7.889033716606197 4.180133844614194
7.8827109481211775 4.180910881695724
7.876339916588284 4.181667381863999
7.869920408913067 4.182403440414109
7.86345222362882 4.183119143089636
7.8569351706249 4.183814566809141
7.850369070867709 4.1844897803440135
7.84375375611649 4.18514484495054
7.837089068635885 4.185779814958904
7.8303748609069235 4.186394738321727
7.823610995337895 4.186989657124615
7.816797343976386 4.187564608061069
7.809933788223555 4.188119622874017
7.803020218551574 4.1886547287660445
7.796056534225043 4.189169948780378
7.789042643027016 4.189665302154475
7.781978460990225 4.1901408046480295
7.774863912133935 4.19059646884706
7.7676989282068 4.191032304445686
7.760483448436032 4.191448318507059
7.753217419283095 4.1918445157048545
7.745900794206078 4.19222089854665
7.73853353342889 4.192577467580404
7.731115603717329 4.192914221585188
7.723646978162055 4.193231157747277
7.716127635968464 4.1935282718225855
7.708557562253438 4.193805558286388
7.700936747848904 4.194063010471249
7.693265189112127 4.194300620693943
7.685542887742638 4.194518380372169
7.677769850605689 4.1947162801317575
7.669946089562097 4.194894309905067
7.66207162130437 4.195052459021176
7.654146467198934 4.195190716288471
7.646170653134348 4.1953090700701665
7.63814420937533 4.1954075083532745
7.630067170422439 4.1954860188115015
7.621939574877271 4.195544588862494
7.613761465312984 4.195583205719877
7.60553288815 4.195601856440438
7.597253893536736 4.195600527966835
7.5889245352351855 4.19557920716616
7.580544870511199 4.195537880864644
7.572114960029312 4.195476535878832
7.563634867751963 4.195395159043458
7.55510466084295 4.195293737236296
7.546524409574981 4.195172257400206
7.537894187241174 4.195030706562587
7.529214070070361 4.1948690718524615
7.520484137146068 4.194687340515348
7.5117044703290246 4.194485499926116
7.5028751541830925 4.194263537599974
7.4939962759044665 4.194021441201752
7.485067925254039 4.193759198553603
7.4760901944928095 4.193476797641263
7.467063178320217 4.1931742266189955
7.457986973815295 4.192851473813311
7.448861680380534 4.192508527725596
7.4396873996883555 4.192145377033707
7.430464235630083 4.191762010592675
7.421192294267347 4.19135841743454
7.411871683785783 4.19093458676745
7.402502514450983 4.1904905079740535
7.393084898566581 4.190026170609274
7.383618950434395 4.189541564397527
7.3741047863165665 4.189036679229431
7.364542524399591 4.188511505158057
7.354932284760187 4.187966032394796
7.345274189332929 4.1874002513048465
7.335568361879566 4.1868141524024045
7.325814927959967 4.186207726345572
7.316014014904641 4.18558096393102
7.306165751788746 4.184933856088455
7.296270269407551 4.1842663938749025
7.286327700253287 4.183578568468846
7.276338178493328 4.182870371164245
7.266301839949656 4.1821417933644645
7.256218822079567 4.181392826576109
7.246089263957548 4.1806234624028304
7.235913306258305 4.179833692539085
7.2256910912408845 4.179023508763877
7.21542276273384 4.178192902934508
7.205108466121414 4.177341866980329
7.1947483483307 4.176470392896538
7.184342557819725 4.175578472738004
7.173891244566438 4.174666098613153
7.163394560058564 4.173733262677909
7.152852657284279 4.172779957129718
7.142265690723689 4.171806174201648
7.131633816341074 4.170811906156577
7.120957191577863 4.169797145281485
7.11023597534632 4.168761883881847
7.099470328023912 4.167706114276137
7.0886604114483225 4.166629828790444
7.077806388913096 4.165533019753218
7.066908425163883 4.164415679490132
7.055966686395267 4.163277800319081
7.044981340248135 4.162119374545314
7.033952555807595 4.160940394456695
7.022880503601395 4.159740852319113
7.0117653555988335 4.158520740372032
7.000607285210146 4.157280050824184
6.98940646728633 4.156018775849407
6.978163078119421 4.154736907582644
6.96687729544316 4.1534344381160695
6.955549298434081 4.152111359495391
6.944179267712963 4.150767663716292
6.932767385346644 4.149403342721029
6.921313834850198 4.148018388395183
6.909818801189432 4.146612792564574
6.898282470783699 4.1451865469923215
6.886705031509028 4.143739643376064
6.875086672701528 4.142272073345338
6.863427585161076 4.140783828459116
6.85172796115527 4.1392749002034925
6.839987994423625 4.137745279989536
6.828207880182009 4.136194959151291
6.816387815127311 4.1346239289439435
6.804527997442312 4.133032180542133
6.792628626800771 4.131419705038438
6.7806899043726885 4.129786493441995
6.768712032829764 4.128132536677293
6.756695216351016 4.1264578255831115
6.744639660628562 4.124762350911615
6.732545572873555 4.12304610332761
6.720413161822247 4.121309073407942
6.7082426377422015 4.119551251641061
6.69603421243861 4.117772628426726
6.6837880992607275 4.115973194075872
6.671504513108416 4.114152938810624
6.659183670438773 4.112311852764462
6.646825789272853 4.110449925982543
6.6344310892024625 4.108567148422161
6.621999791397025 4.1066635099533695
6.609532118610507 4.104739000359744
6.597028295188399 4.102793609339298
6.584488547074737 4.100827326505545
6.571913101819167 4.098840141388708
6.5593021885840335 4.096832043437072
6.546656038151498 4.094803022018493
6.533974882930664 4.092753066422042
6.521258956964716 4.090682165859796
6.508508495938054 4.088590309468783
6.495723737183431 4.086477486313055
6.482904919689062 4.084343685385923
6.470052284105732 4.082188895612316
6.457166072753855 4.080013105851301
6.444246529630521 4.077816304898729
6.431293900416485 4.075598481490034
6.4183084324831166 4.073359624303169
6.4052903748993035 4.071099721961682
6.392239978438278 4.068818763037933
6.37915749558439 4.06651673605645
6.366043180539803 4.06419362949743
6.3528972892311115 4.061849431800368
6.339720079315875 4.05948413136784
6.326511810189053 4.0570977165694035
6.313272742989355 4.05469017574566
6.300003140605473 4.052261497212435
6.286703267682218 4.049811669265108
6.273373390626522 4.04734068018307
6.260013777613341 4.044848518234324
6.24662469859141 4.0423351716802225
6.233206425288878 4.039800628780331
6.2197592312187915 4.037244877797442
6.206283391684444 4.034667907002708
6.192779183784563 4.032069704680924
6.17924688641835 4.029450259135932
6.165686780290345 4.02680955869617
6.152099147915138 4.024147591720348
6.138484273621885 4.021464346603262
6.124842443558667 4.018759811781736
6.111173945696642 4.0160339757407035
6.097479069834016 4.013286827019417
6.083758107599816 4.010518354217794
6.070011352457452 4.007728546002887
6.056239099708081 4.004917391115494
6.042441646493747 4.0020848783769
6.0286192918003065 3.999230996695742
6.014772336460125 3.9963557350750127
6.00090108315454 3.99345908261919
5.987005836416093 3.990541028541499
5.973086902630514 3.9876015621713035
5.95914459003846 3.9846406729616257
5.945179208736997 3.9816583504967955
5.931191070680829 3.9786545845002315
5.917180489683254 3.9756293648423444
5.903147781416855 3.972582681548574
5.889093263413916 3.9695145248075487
5.875017255066556 3.9664248849793777
5.860920077626571 3.963313752604065
5.846802054204998 3.9601811184100515
5.832663509771367 3.9570269733228836
5.818504771152656 3.9538513084740052
5.804326167031948 3.9506541152096757
5.790128027946756 3.9474353851000115
5.775910686287048 3.9441951099481507
5.761674476292938 3.9409332817995435
5.74741973405205 3.9376498929513604
5.733146797496554 3.9343449359620246
5.718856006399857 3.9310184036608686
5.7045477023729525 3.927670289157904
5.69022222886042 3.9243005858537163
5.675879931136073 3.9209092874494806
5.661521156298251 3.917496387957086
5.647146253264736 3.9140618817093884
5.632755572767314 3.9106057633705738
5.618349467345959 3.907128027946636
5.603928291342632 3.9036286707959738
5.5894924008947084 3.900107687640099
5.575042153928013 3.896565074574456
5.560577910149459 3.893000828079355
5.546100031039295 3.8894149450310174
5.5316088798429535 3.8858074227127264
5.517104821562488 3.8821782588260887
5.5025882229476055 3.878527451502404
5.488059452486281 3.874854999314139
5.473518880394957 3.8711609012865056
5.4589668786083205 3.867445156909145
5.444403820768649 3.863707766147909
5.429830082214736 3.859948729456749
5.415246039970371 3.8561680477896956
5.400652072732389 3.852365722612943
5.386048560858276 3.8485417559170245
5.371435886353331 3.8446961502290837
5.356814432857373 3.84082890862524
5.342184585631006 3.8369400347430416
5.327546731541419 3.8330295327940096
5.3129012590477345 3.8290974075762696
5.298248558185885 3.8251436644872676
5.283589020553041 3.821168309536569
5.268923039291551 3.8171713493587385
5.254251009072429 3.8131527912263015
5.2395733260783555 3.809112643062777
5.224890387986213 3.805050913455793
5.210202593949135 3.800967611670265
5.1955103445780795 3.796862747661655
5.180814041922915 3.792736332089288
5.16611408945303 3.78858837632974
5.1514108920374495 3.7844188924902853
5.136704855924461 3.780227893422407
5.121996388720756 3.7760153927353604
5.1072858993700825 3.771781404809794
5.092573798131395 3.7675259448114202
5.07786049655652 3.763249028704737
5.063146407467321 3.7589506732667917
5.048431944932373 3.754630896100991
5.033717524243134 3.750289715650945
5.019003561889626 3.745927151214358
5.004290475535618 3.7415432229569374
4.98957868399331 3.737137951926346
4.974868607197518 3.7327113600661708
4.960160666179368 3.7282634702299213
4.94545528303949 3.72379430619504
4.930752880920713 3.719303892676934
4.9160538839802745 3.714792255343017
4.901358717361528 3.7102594208267567
4.8866678071651535 3.705705416741726
4.871981580419894 3.701130271695659
4.857300465052784 3.6965340153044988
4.8426248898588975 3.6919166782064345
4.827955284470613 3.6872782920759346
4.813292079326388 3.682618889637752
4.798635705639061 3.6779385046809203
4.783986595363663 3.673237172072712
4.769345181164764 3.668514927772578
4.754711896383344 3.6637718088460445
4.740087175003193 3.6590078534785753
4.725471451616844 3.6542231009893866
4.71086516139105 3.6494175918452165
4.696268740031797 3.644591367674038
4.681682623748866 3.639744471278715
4.66710724921995 3.634876946650593
4.652543053554319 3.629988838983023
4.637990474256049 3.6250801946848124
4.623449949186824 3.6201510613935906
4.608921916528296 3.615201487989099
4.594406814744038 3.6102315246063843
4.57990508254106 3.6052412226489006
4.565417158830941 3.600230634801507
4.550943482690529 3.595199815043366
4.5364844933222646 3.59014881866072
4.522040630014106 3.5850777022595586
4.50761233209907 3.5799865237781607
4.4932000389144 3.5748753424995043
4.478804189760365 3.5697442190635456
4.464425223858699 3.564593215479355
4.450063580310688 3.55942239513711
4.435719698054915 3.5542318228199283
4.421394015824673 3.549021564715551
4.407086972105048 3.543791688427855
4.392799005089683 3.5385422629881984
4.378530552637249 3.533273358866587
4.364282052227608 3.5279850479826576
4.350053940917686 3.522677403716475
4.33584665529708 3.5173505009191297
4.321660631443397 3.512004415923138
4.307496304877325 3.5066392265526307
4.2933541105174795 3.5012550121333312
4.279234482635001 3.49585185350231
4.265137854807937 3.4904298330175143
4.251064659875411 3.4849890345670658
4.237015329891603 3.4795295435783142
4.222990296079528 3.4740514470266537
4.208989988784655 3.4685548334440788
4.195014837428356 3.463039792927487
4.18106527046121 3.4575064171467162
4.167141715316176 3.451954799352311
4.153244598361634 3.4463850343830122
4.139374344854324 3.440797218672962
4.125531378892192 3.435191450258622
4.111716123367145 3.429567828785394
4.097928999917753 3.4239264555139397
4.084170428881879 3.418267433326193
4.070440829249293 3.4125908667310565
4.056740618614241 3.406896861869783
4.043070213128015 3.401185526521023
4.029430027451526 3.3954569701055517
4.015820474707897 3.3897113036906465
4.002241966435092 3.3839486399941303
3.988694912538592 3.3781690933880637
3.9751797212441438 3.372372779902079
3.9616967990505816 3.366559817226358
3.9482465506827533 3.3607303247142464
3.9348293790445537 3.3548844233844877
3.921445685172091 3.349022235923095
3.9080958681869924 3.3431438866848286
3.894780325249877 3.337249501694296
3.8814994515139993 3.3313392086466567
3.8682536400790872 3.3254131369079314
3.8550432819453904 3.3194714175149143
3.8418687659679542 3.313514183174672
3.8287304788111305 3.307541568263641
3.815628804903352 3.301553708826308
3.8025641263921766 3.2955507425734694
3.789536823099624 3.289532808880073
3.7765472724778193 3.283500048782632
3.7635958495649593 3.2774526049762063
3.750682926941617 3.271390621810956
3.7378088746874045 3.265314245288253
3.724974060338004 3.259223623056355
3.7121788488425924 3.2531189044056386
3.699423602521666 3.24700024026338
3.686708681025284 3.2408677831880937
3.674034441291757 3.234721687363417
3.661401237506776 3.228562108591541
3.648809421063019 3.2223892042861864
3.6362593405202377 3.2162031334651218
3.6237513415658418 3.2100040567422234
3.611285766976001 3.203792136319071
3.598862956577277 3.197567535976086
3.5864832472087973 3.1913304210632014
3.574146972684994 3.185080958490073
3.5618544637589133 3.178819316715821
3.549606048086117 3.1725456657383075
3.537402050189187 3.1662601770829513
3.5252427914228477 3.159963023791071
3.513128589939722 3.1536543804077697
3.5010597606567324 3.1473344229693496
3.48903661522216 3.141003328990264
3.4770594619833775 3.1346612774496068
3.46512860595527 3.1283084487771373
3.453244348789349 3.1219450248388476
3.4414069887435845 3.1155711889220665
3.4296168206529507 3.1091871257201094
3.417874135900717 3.1027930213164723
3.406179222390479 3.096389063168571
3.3945323645189487 3.0899754400910315
3.382933843149514 3.083552342238533
3.3713839355865796 3.0771199610882056
3.3598829155506897 3.0706784894215873
3.3484310531544645 3.064228121306143
3.337028614879331 3.0577690520763507
3.3256758635530823 3.0513014783143575
3.31437305832826 3.044825597830209
3.303120454661371 3.038341609641659
3.2919183042929556 3.031849713953563
3.280766855228496 3.0253501121368633
3.2696663517201943 3.018843006707159
3.2586170342496095 3.012328601302889
3.247619139511169 3.005807100663109
3.236672900396559 2.9992787106048855
3.2257785459799995 2.9927436380003063
3.214936301504405 2.9862020907531135
3.204146388368444 2.979654277774968
3.1934090241144943 2.9731004089613515
3.182724422417503 2.966540695167113
3.1720927930747482 2.9599753481816626
3.161514341996515 2.9534045807038334
3.1509892711976812 2.9468286063164
3.1405177787902145 2.9402476394602783
3.13010005897659 2.933661895408405
3.1197363020441213 2.9270715902393074
3.109426694360212 2.9204769408103752
3.0991714183685226 2.9138781647308365
3.0889706525860587 2.9072754803344534
3.078824571601176 2.9006691066519394
3.0687333460725013 2.894059263383116
3.0586971427287692 2.887446170868808
3.0487161243695753 2.8808300500624973
3.038790449867037 2.8742111225017313
3.0289202741683656 2.867589610279313
3.0191057482993435 2.860965736014268
3.009347019368702 2.8543397228226004
2.999644230573402 2.8477117942878563
2.9899975212048013 2.8410821744314974
2.9804070266557163 2.834451087683095
2.9708728784283656 2.827818758850356
2.961395204143191 2.8211854130889966
2.95197412754855 2.8145512758724625
2.942609768531276 2.8079165729615156
2.9333022431280935 2.801281530373699
2.924051663537888 2.7946463743526775
2.9148581381348153 2.7880113313374824
2.90572177148225 2.781376627931657
2.8966426643475596 2.774742490872322
2.887620913717696 2.768109146999165
2.8786566128155973 2.76147682322337
2.8697498511173896 2.7548457464964975
2.860900714370376 2.7482161437793198
2.8521092846118097 2.7415882420106312
2.8433756401884307 2.7349622680760333
2.8346998557767678 2.7283384487767184
2.8260820024041813 2.7217170107982467
2.8175221474706453 2.715098180679345
2.809020354771255 2.70848218478072
2.800576684519445 2.70186924925391
2.7921911933709067 2.695259600010176
2.7838639344481972 2.6886534626894507
2.7755949573660206 2.6820510626293466
2.7673843082571725 2.6754526248342407
2.7592320297991337 2.6688583739444414
2.7511381612413013 2.662268534205446
2.74310273843284 2.655683329437309
2.735125793851144 2.649102983004108
2.7272073566308945 2.6425277177835467
2.7193474525936967 2.635957756136679
2.7115461042782845 2.6293933198777717
2.703803330971279 2.6228346302443204
2.6961191487384863 2.6162819078672195
2.688493570456716 2.609735372741094
2.6809266058461114 2.603195244194813
2.6734182615029782 2.5966617408621744
2.665968540933087 2.5901350806527836
2.658577444585448 2.583615480723131
2.6512449698865312 2.577103157447865
2.6439711112749293 2.5705983263912877
2.6367558602364367 2.5641012022790544
2.6295992053395403 2.557611998970109
2.622501132271298 2.5511309294288447
2.6154616238736015 2.544658205697499
2.608480660179796 2.538194038868798
2.6015582184516535 2.5317386390588394
2.5946942732166804 2.5252922153802375
2.587888796305742 2.5188549759155197
2.581141756891001 2.5124271276907892
2.5744531215241375 2.5060088766496538
2.5678228541748602 2.4996004276274237
2.5612509162696737 2.49320198432559
2.5547372667309025 2.486813749286573
2.5482818620159517 2.480435923868761
2.5418846561567934 2.474068708221827
2.5355456007996686 2.4677123012623343
2.5292646452449885 2.4613669006496335
2.5230417364874227 2.4550327027620473
2.516876819256169 2.4487099026733508
2.510769836055383 2.442398694129542
2.504720727204767 2.436099269525912
2.4987294308803008 2.4298118198844083
2.492795883155106 2.4235365348312934
2.4869200180404327 2.4172736025751016
2.4811017675267615 2.41102320988489
2.475341061625011 2.4047855420687854
2.469637828407842 2.3985607829528255
2.463991994051047 2.3923491148600933
2.458403482875023 2.3861507185901423
2.452872217386323 2.3799657733987143
2.4473981183192626 2.373794456977744
2.441981104677603 2.3676369454356463
2.436621093776282 2.361493413277894
2.4313180012831985 2.3553640333878687
2.4260717412610484 2.349248977007994
2.4208822262092027 2.343148413721142
2.415749367105631 2.337062511432311
2.410673073448866 2.330991436350571
2.4056532533000095 2.3249353529712704
2.400689813324776 2.31889442405851
2.395782658835584 2.312868810627864
2.390931693833689 2.306858671929362
2.386136821051359 2.3008641654307125
2.3813979419941074 2.294885446800775
2.3767149569829766 2.28892266989327
2.372087765196884 2.2829759867307278
2.3675162647150385 2.277045547488666
2.3630003525594274 2.271131500480001
2.3585399247373964 2.265233992139679
2.3541348762843213 2.2593531670095337
2.3497851013063853 2.253489167723363
2.345490493023482 2.2476421349922187
2.3412509438122497 2.2418122075899163
2.3370663452492577 2.2359995223387528
2.3329365881543596 2.2302042140954415
2.3288615626342306 2.224426415737256
2.3248411581261164 2.218666258148387
2.320875263441803 2.2129238702065157
2.3169637668118397 2.207199378769601
2.313106555930037 2.201492908662889
2.3093035179982664 2.1958045826661463
2.3055545397715846 2.1901345215011263
2.3018595076037203 2.184482843819273
2.2982183074929483 2.1788496661896755
2.2946308251283853 2.1732351030872787
2.291096945936741 2.1676392668813733
2.287616555129563 2.1620622678243677
2.28418953775101 2.156504214040872
2.2808157787261942 2.1509652115171067
2.2774951629101365 2.1454453640906617
2.274227575137369 2.1399447734406354
2.2710129002722397 2.134463539078177
2.2678510232599534 2.129001758337472
2.2647418291784076 2.123559526367205
2.261685203290858 2.1181369361225397
2.258681031099477 2.1127340783576662
2.2557291983998415 2.107351041618966
2.25282959133641 2.1019879122388425
2.2499820964590387 2.0966447743302923
2.247186600780583 2.091321709782272
2.2444429918356454 2.086018798255939
2.241751157740507 2.0807361171818504
2.2391109872543122 2.075473741758198
2.2365223698415373 2.070231744950182
2.2339851957358015 2.0650101974906203
2.2314993560050684 2.059809167881905
2.229064742618269 2.0546287223994297
2.2266812485134015 2.0494689250966087
2.224348767667133 2.0443298378116266
2.2220671951659376 2.039211520176072
2.2198364272788003 2.034114029625603
2.2176563615314997 2.0290374214128186
2.2155268967824866 2.023981748622513
2.2134479333003583 2.018947062189497
2.211419372842922 2.013933410919196
2.2094411187378364 2.0089408415112278
2.207513075964786 2.003969398586184
2.2056351512391608 1.999019124715855
2.203807253097171 1.9940900604571346
2.2020292919823232 1.9891822443898666
2.20030118033316 1.9842957131588976
2.198622832672149 1.9794305015206084
2.196994165695578 1.9745866423942133
2.195415098364293 1.969764166918118
2.193885551995088 1.9649631045116351
2.1924054503525245 1.9601834829423634
2.190974719740922 1.9554253283995382
2.1895932890962486 1.9506886655736662
2.1882610900775674 1.9459735177427515
2.1869780571577007 1.9412799068654234
2.1857441277126908 1.9366078536812616
2.184559242109629 1.9319573778186174
2.183423343792352 1.9273284979102023
2.1823363793644837 1.9227212317167084
2.181298298669232 1.9181355962586966
2.180309054865309 1.913571607956967
2.179368604498302 1.909029282781585
2.1784769075667563 1.9045086364097086
2.1776339275821956 1.9000096843923042
2.176839631622243 1.8955324423297986
2.176093990375971 1.8910769260566467
2.175396978180553 1.8866431518347322
2.174748573048256 1.8822311365554403
2.1741487566827575 1.8778408979501604
2.173597514483764 1.8734724548088855
2.173094835538854 1.8691258272064764
2.1726407126014617 1.8648010367360455
2.1722351420539137 1.8604981067488076
2.171878123854405 1.8562170625996157
2.1715696614668465 1.851957931897271
2.171309761772504 1.8477207447585628
2.1710984349624143 1.843505534064848
2.1709356944096 1.8393123357198398
2.1708215565201887 1.835141188907121
2.1707560405626185 1.8309921363457582
2.1707391684742317 1.8268652245422352
2.1707709646446824 1.8227605040367936
2.1708514556757375 1.8186780296421183
2.1709806701172125 1.814617860672192
2.171158638178995 1.8105800611590146
2.1713853914193093 1.8065647000547915
2.1716609624096117 1.802571851417111
2.1719853843767685 1.7986015945745695
2.172358690823438 1.794654014270269
2.1727809151278574 1.7907292007806117
2.1732520901245507 1.7868272500068325
2.173772247667764 1.7829482635367815
2.174341418179767 1.7790923486745593
2.1749596301864544 1.775259618435754
2.175626909843012 1.7714501915062009
2.1763432804526843 1.7676641921624126
2.1771087619819887 1.76390175015209
2.177923370575965 1.760163000533431
2.178787118077282 1.7564480834722989
2.179700011553235 1.7527571439966976
2.1806620528347915 1.7490903317084168
2.181673238071995 1.7454478004521619
2.182733557310046 1.7418297079429477
2.183842994090422 1.7382362153530337
2.185001525081308 1.7346674868601641
2.1862091197415023 1.7311236891593933
2.187465740021767 1.727604990941258
2.188771340107349 1.7241115623395427
2.1901258662050695 1.7206435743523385
2.1915292563780175 1.717201198240514
2.192981440430441 1.7137846049080945
2.194482339844942 1.7103939642693713
2.1960318677735704 1.7070294446078298
2.197629929083823 1.7036912119321854
2.199276420459977 1.7003794293349481
2.2009712305595768 1.6970942563589893
2.202714240224263 1.6938358483775644
2.204505322743541 1.6906043559931492
2.2063443441694623 1.6873999244602562
2.20823116367965 1.6842226931371644
2.2101656339855293 1.6810727949711604
2.212147601782167 1.677950356021503
2.214176908235664 1.674855495023886
2.216253389503672 1.6717883229996722
2.218376877284315 1.6687489429126416
2.2205471993885366 1.6657374493754333
2.22276418033074 1.6627539284072752
2.225027641932513 1.6597984572440079
2.227337403934193 1.6568711042008137
2.2296932846091115 1.6539719285874857
2.2320951013754646 1.6511009806755161
2.234542671400974 1.6482583017157542
2.237035812195727 1.6454439240048935
2.2395743421889094 1.6426578709986073
2.2421580812854858 1.6399001574687477
2.24478685139925 1.6371707897016932
2.2474604769591027 1.6344697657346308
2.2501787853858235 1.6317970756263418
2.2529416075370525 1.629152701758882
2.2557487781186376 1.626536619166439
2.258600136060942 1.6239487958875845
2.2614955248591406 1.6213891933371396
2.26443479287693 1.6188577666939068
2.267417793613487 1.6163544653006054
2.270444385933858 1.6138792330724812
2.2735144342633 1.6114320089112029
2.276627808746395 1.609012727120862
2.2797843853720368 1.6066213178230861
2.2829840460655975 1.6042577073685154
2.2862266787498107 1.6019218187421262
2.289512177376047 1.5996135719601412
2.2928404419277952 1.597332884456512
2.296211378398265 1.5950796714572202
2.29962489874409 1.5928538463408897
2.303080920817139 1.5906553209844467
2.306579368276477 1.5884840060928032
2.310120170482494 1.586339811511752
2.313703262375183 1.584222646523483
2.3173285843385236 1.5821324201243185
2.320996082052827 1.5800690412844467
2.3247057063368666 1.5780324191895958
2.32845741298149 1.5760224634647404
2.3322511625763362 1.574039084380061
2.3360869203311716 1.5720821930394915
2.339964655893267 1.5701517015522937
2.3438843431621 1.5682475231881747
2.3478459601026005 1.5663695725165432
2.3518494885580057 1.564517765530548
2.355894914063326 1.562692019756593
2.359982225660286 1.5608922543500574
2.3641114157145267 1.5591183901779655
2.368282479735756 1.5573703498893732
2.372495416201431 1.5556480579742384
2.376750226384496 1.5539514408115431
2.3810469141855886 1.5522804267074257
2.3853854859700827 1.5506349459240678
2.3897659504102426 1.549014930700067
2.3941883183327244 1.547420315262995
2.3986526025715755 1.5458510358348274
2.4031588178268564 1.5443070306308921
2.407706980528952 1.5427882398529624
2.412297108708586 1.5412946056770869
2.416929221872542 1.5398260722367147
2.421603340885034 1.5383825856016464
2.4263194878546583 1.5369640937533025
2.431077686026829 1.5355705465567777
2.4358779596815783 1.5342018957301096
2.4407203340365875 1.5328580948111616
2.4456048351552884 1.5315390991224958
2.450531489859889 1.5302448657345693
2.455500325649134 1.5289753534275765
2.46051137062064 1.5277305226522162
2.465564653397602 1.5265103354896488
2.4706602030597002 1.5253147556108808
2.4757980490780134 1.5241437482357887
2.4809782212537463 1.5229972800919762
2.4862007496605907 1.5218753193736378
2.4914656645905278 1.5207778357005803
2.496772996502899 1.5197048000775424
2.5021227759765514 1.518656184853927
2.507515033664901 1.517631963684057
2.512949800253729 1.5166321114880397
2.5184271064215595 1.5156566044133235
2.523946982802448 1.5147054197970093
2.5295094599510373 1.5137785361289737
2.535114568309728 1.5128759330158512
2.540762338177828 1.5119975911459111
2.546452799682542 1.511143492254858
2.552185982751673 1.5103136190925794
2.5579619170879133 1.5095079553908548
2.5637806321446157 1.5087264858320328
2.56964215710292 1.5079691960186883
2.575546520850146 1.5072360724442502
2.581493751959344 1.5065271024646
2.5874838786699117 1.505842274270636
2.5935169288691897 1.5051815768617833
2.5995929300749556 1.5045450000204434
2.605711909418733 1.5039325342873657
2.611873893629848 1.5033441709379185
2.618078909020159 1.5027799019592436
2.6243269814694 1.502239720028271
2.6306181364110763 1.5017236184905731
2.6369523988188543 1.5012315913400307
2.6433297931933937 1.5007636331992917
2.6497503435495777 1.500319739300994
2.6562140734040867 1.4998999054697282
2.662721005763283 1.499504128104716
2.669271163111362 1.4991324041631762
2.6758645673987314 1.4987847311443558
2.682501240030593 1.4984611070741987
2.6891812018556878 1.4981615304906262
2.695904473155178 1.4978860004294083
2.7026710736316426 1.497634516410596
2.70948102239816 1.4974070784254934
2.716334337967453 1.4972036869241472
2.7232310382410785 1.497024342803326
2.730171140498646 1.496869047394972
2.7371546613870397 1.4967378024550977
2.7441816169096365 1.4966306101531113
2.7512520224155015 1.4965474730615451
2.7583658925885484 1.4964883941461706
2.765523241436654 1.4964533767564763
2.772724082280721 1.4964424246164931
2.779968427743665 1.496455541815948
2.78725628973934 1.4964927328017235
2.7945876794613693 1.4965540023696131
2.8019626073718995 1.4966393556563509
2.809381083190252 1.4967487981318988
2.816843115881481 1.4968823355919805
2.824348713644823 1.4970399741508424
2.831897883902044 1.49722172023423
2.839490633285674 1.497427580572563
2.8471269676271254 1.4976575621943011
2.8548068919447016 1.4979116724194819
2.862530410431485 1.4981899188534213
2.8702975264431076 1.4984923093805655
2.878108242485405 1.4988188521584815
2.885962560201947 1.499169555611977
2.893860480361453 1.4995444284273367
2.9018020028450815 1.499943479546668
2.909787126633609 1.5003667181623455
2.9178158497944877 1.5008141537115443
2.925888169468778 1.5012857958708545
2.9340040818579816 1.5017816545509677
2.94216358221074 1.5023017398914285
2.9503666648094384 1.5028460622554423
2.9586133229566847 1.5034146322247335
2.966903548961686 1.5040074605944456
2.975237334126516 1.5046245583680768
2.983614668732274 1.5052659367524464
2.9920355420251474 1.5059316071526823
3.0004999422023664 1.5066215811672308
3.009007856398064 1.5073358705828726
3.0175592706690404 1.5080744873697498
3.026154169980434 1.5088374436763934
3.0347925381913003 1.5096247518247485
3.0434743580401054 1.5104364243051895
3.0521996111301335 1.511272473771527
3.060968277914812 1.5121329130359957
3.069780337682961 1.5130177550642232
3.078635768543959 1.5139270129701752
3.0875345474128455 1.5148607000110719
3.096476649995347 1.5158188295822765
3.105462050772836 1.5168014152121454
3.1144907229872314 1.5178084705568433
3.1235626386258315 1.5188400093951198
3.1326777684060954 1.5198960456230386
3.1418360817603648 1.5209765932486645
3.15103754682054 1.5220816663867007
3.1602821304027042 1.5232112792530763
3.169569797991702 1.5243654461594782
3.1789005137256816 1.5255441815078317
3.1882742403805957 1.526747499784721
3.1976909393546635 1.5279754155557508
3.2071505706528094 1.5292279434598484
3.2166530928710677 1.5305050982035007
3.2261984631809617 1.5318068945549292
3.2357866373138657 1.5331333473381963
3.2454175695453413 1.534484471427247
3.255091212679468 1.535860281739878
3.264807518033153 1.5372607932316407
3.274566435420438 1.5386860208896693
3.2843679131367978 1.5401359797264376
3.2942118979434407 1.5416106847734425
3.3040983350516067 1.5431101510748118
3.314027168106872 1.5446343936808367
3.323998339173462 1.5461834276414275
3.33401178871858 1.547757267999492
3.34406745559674 1.5493559297842356
3.35416527703413 1.5509794280043825
3.3643051886129913 1.552627777641317
3.3744871242560226 1.5543009936421455
3.384711016210816 1.5559990909126757
3.394976795034321 1.557722084310318
3.4052843895773472 1.5594699886369008
3.415633726969107 1.5612428186314082
3.4260247326017943 1.563040588962632
3.436457330115219 1.5648633142217423
3.4469314413814796 1.5667110089147755
3.4574469864896984 1.5685836874550376
3.4680038837308067 1.5704813641554263
3.4786020495823933 1.572404053220667
3.4892413986936144 1.5743517687394681
3.499921843870169 1.5763245246765902
3.510643296059348 1.5783223348648336
3.5214056643351554 1.5803452129969406
3.5322088558835048 1.5823931726174147
3.5430527759875 1.5844662271142584
3.553937328012798 1.586564389710624
3.5648624133930595 1.5886876734563855
3.575827931615494 1.5908360912196238
3.5868337802064945 1.5930096556780329
3.5978798547173754 1.5952083793102405
3.6089660487102124 1.5974322743870497
3.6200922537437847 1.5996813529625966
3.6312583593596295 1.6019556268654283
3.642464253068208 1.6042551076895002
3.6537098203351905 1.6065798067850914
3.6649949445678573 1.6089297352496432
3.6763195071016286 1.6113049039185152
3.6876833871867167 1.6137053233556653
3.6990864619749138 1.6161310038442502
3.7105286065065104 1.6185819553771494
3.7220096936973577 1.6210581876474124
3.7335295943260656 1.6235597100386288
3.7450881770213496 1.626086531615225
3.7566853082495295 1.628638661112686
3.7683208523021765 1.631216106927701
3.77999467128392 1.6338188771082407
3.7917066251004123 1.6364469793435596
3.8034565714464628 1.6391004209541273
3.815244365794333 1.6417792088814918
3.8270698613822076 1.6444833496780713
3.83893290920284 1.6472128494968803
3.850833357992375 1.6499677140811875
3.862771054219357 1.652747948754107
3.874745842073921 1.6555535584081273
3.8867575634571767 1.658384547494574
3.8988060579707833 1.6612409200130112
3.9108911629067244 1.6641226795005828
3.923012713237283 1.6670298290212915
3.935170541605219 1.6699623711552218
3.947364478314159 1.6729203079877042
3.9595943513191947 1.675903641098423
3.9718599862176993 1.678912371550471
3.984161206240361 1.681946499879351
3.996497832242444 1.6850060260819235
4.008869682695268 1.688090949605308
4.021276573677928 1.6912012693357328
4.03371831886924 1.6943369835873385
4.046194729539928 1.6974980900909373
4.058705614545053 1.7006845859827264
4.0712507803166815 1.7038964677929627
4.08383003085681 1.707133731434593
4.096443167730534 1.71039637219185
4.109089990059479 1.713684384708808
4.121770294515481 1.7169977629779063
4.134483875314544 1.7203365003284372
4.147230524211047 1.7237005894150057
4.160010030492236 1.727090022205957
4.172822180972973 1.7305047899717791
4.185666759990772 1.7339448832734787
4.198543549401118 1.7374102919509358
4.211452328573055 1.7409010051112337
4.224392874385073 1.744417011116975
4.237364961221279 1.7479582975745764
4.25036836096786 1.7515248513225508
4.263402843009849 1.7551166584197775
4.2764681742281825 1.758733704133761
4.289564118997066 1.7623759729288828
4.302690439181641 1.7660434484546477
4.3158468941359684 1.7697361135339258
4.329033240701313 1.7734539501511966
4.342249233204756 1.7771969394407905
4.355494623458113 1.780965061675139
4.368769160757185 1.7847582962530277
4.382072591881324 1.7885766216878616
4.395404661093334 1.7924200155959409
4.408765110139692 1.7962884546847495
4.422153678251112 1.800181914741264
4.435570102143439 1.8041003706202798
4.4490141160188825 1.80804379623276
4.462485451567589 1.8120121645342104
4.475983837969562 1.816005447513081
4.489509001896926 1.8200236161791996
4.503060667516539 1.8240666405522388
4.516638556492959 1.828134489650217
4.530242387991754 1.8322271314780416
4.543871878683186 1.8363445330160935
4.557526742746236 1.8404866602088559
4.5712066918730025 1.844653477953592
4.584911435273449 1.8488449500890722
4.598640679680532 1.8530610393843592
4.612394129355683 1.8573017075276455
4.626171486094668 1.8615669151151537
4.639972449233813 1.8658566216401007
4.653796715656607 1.8701707854817264
4.66764397980067 1.8745093638943937
4.681513933665113 1.8788723129967595
4.6954062668182575 1.8832595877610243
4.709320666405751 1.8876711420022578
4.723256817159053 1.8921069283678094
4.737214401404311 1.8965668983268027
4.75119309907161 1.9010510021597207
4.765192587704622 1.9055591889480812
4.779212542470627 1.9100914065642092
4.7932526361709344 1.9146476016611071
4.807312539251684 1.9192277196624283
4.821391919815039 1.9238317047525548
4.835490443630772 1.9284594998667854
4.849607774148241 1.9331110466816346
4.86374357250876 1.9377862856052475
4.877897497558352 1.9424851557679355
4.892069205860911 1.9472075950128314
4.906258351711748 1.951953539886673
4.92046458715153 1.956722925630714
4.9346875619806205 1.9615156861717693
4.948926923773808 1.966331754113396
4.963182317895434 1.9711710607272117
4.977453387514914 1.9760335359443602
4.991739773622649 1.980919108347119
5.0060411150463455 1.9858277051606597
5.020357048467707 1.9907592522449606
5.034687208439545 1.995713674086876
5.049031227403262 2.000690893792366
5.063388735706743 2.0056908330788885
5.077759361622632 2.0107134122679597
5.0921427313669945 2.0157585502778854
5.106538469118387 2.0208261646166625
5.120946197037301 2.025916171375063
5.1353655352860015 2.0310284852198928
5.149796102048754 2.036163019387439
5.164237513552438 2.0413196856771
5.1786893840875425 2.046498394445211
5.1931513260295485 2.0516990545990583
5.2076229498606885 2.056921573591094
5.222103864192094 2.0621658574133495
5.236593675786314 2.067431810592051
5.2510919895802175 2.0727193361824456
5.265598408708263 2.078028335763835
5.280112534526143 2.08335870943482
5.294633966634806 2.088710355808764
5.309162302904837 2.094083172009477
5.323697139501206 2.0994770536671163
5.33823807090839 2.1048918949143185
5.352784689955836 2.110327588382555
5.367336587843802 2.115784025198723
5.38189335416954 2.121261094981967
5.396454576953839 2.126758685840736
5.41101984266791 2.132276684370088
5.425588736260625 2.1378149756492286
5.440160841186095 2.1433734432392977
5.454735739431584 2.148951969181406
5.469313011545766 2.1545504339949213
5.483892236667311 2.160168716676004
5.4984729925538005 2.165806694696405
5.513054855610967 2.1714642440025154
5.52763740092226 2.1771412390146816
5.54222020227872 2.1828375526267796
5.556802832209176 2.1885530562060564
5.571384862010746 2.19428761959324
5.585965861779645 2.200041111102915
5.600545400442295 2.205813397524174
5.615123045786725 2.2116043441215414
5.629698364494275 2.217413814636173
5.644270922171573 2.223241671287331
5.658840283382801 2.2290877747741433
5.673406011682247 2.23495198427764
5.687967669647113 2.2408341574630755
5.702524818910604 2.2467341504825327
5.717077020195273 2.2526518179778154
5.731623833346628 2.2585870130836287
5.746164817366992 2.2645395874310483
5.760699530449601 2.270509391151277
5.775227530012957 2.2764962728796974
5.789748372735406 2.2825000797602155
5.804261614589953 2.288520657449899
5.8187668108793 2.2945578501239083
5.833263516271105 2.3006115004807257
5.8477512848334525 2.306681449747681
5.86222967007053 2.3127675376867742
5.876698224958514 2.3188696026007958
5.89115650198164 2.324987481339744
5.905604053168474 2.3311210093075485
5.920040430128362 2.337270020469083
5.93446518408805 2.343434347357487
5.948877865928495 2.349613821081782
5.963278026221819 2.35580827133479
5.977665215268435 2.3620175264013508
5.992038983134321 2.368241413166842
6.006398879688435 2.374479757125997
6.020744454640285 2.3807323823920217
6.035075257577612 2.3869991117060145
6.049390838004209 2.39327976644668
6.063690745377864 2.399574166640343
6.077974529148405 2.4058821309712646
6.09224173879586 2.4122034767922473
6.1064919238687105 2.4185380201355424
