6.109331886335772 2.447021955172178
6.123466374142054 2.4534860440671933
6.1375817754946995 2.4599634646896784
6.151677632445422 2.46645403165743
6.1657534871885495 2.472957558359517
6.179808882097366 2.4794738569692534
6.1938433597604385 2.486002738457464
6.207856463017938 2.4925440126060305
6.221847734997939 2.499097488021728
6.235816719152683 2.505662972150338
6.249762959294814 2.5122402712910485
6.263685999633558 2.5188291906111235
6.277585384810855 2.525429534160855
6.291460659937427 2.5320411048887843
6.305311370628762 2.5386637046571914
6.319137063041036 2.545297134257857
6.33293728390693 2.5519411934280827
6.346711580571356 2.5585956808669765
6.360459501027078 2.5652603942519945
6.374180593950207 2.571935130255737
6.387874408735583 2.578619684562998
6.4015404955320205 2.5853138518880576
6.415178405277405 2.5920174259922266
6.42878768973365 2.598730199701623
6.442367901521485 2.605451964925192
6.455918594155078 2.6121825126729523
6.469439322076482 2.6189216330744776
6.4829296406898935 2.625669115397597
6.496389106395717 2.6324247480673177
6.509817276624422 2.639188318684965
6.523213709870191 2.6459596140475288
6.536577965724344 2.6527384201672217
6.549909604908532 2.6595245222912354
6.563208189307687 2.6663177049216955
6.576473282002735 2.673117751835808
6.589704447303036 2.6799244461061895
6.602901250778569 2.6867375701213865
6.616063259291834 2.6935569056065614
6.629190041029477 2.700382233644358
6.6422811655336185 2.7072133346959237
6.655336203732873 2.7140499886221012
6.668354727973073 2.7208919747047644
6.681336312047655 2.7277390716683083
6.694280531227733 2.7345910577012784
6.707186962291825 2.741447710478138
6.720055183555234 2.748308807181163
6.732884774899075 2.75517412452246
6.745675317798945 2.762043438766103
6.758426395353203 2.7689165257503787
6.7711375923108825 2.7757931609101374
6.783808495099214 2.782673119299239
6.796438691850738 2.789556175613088
6.809027772430016 2.7964421042112564
6.82157532845993 2.8033306791401733
6.834080953347539 2.810221674155894
6.846544242309526 2.8171148627469234
6.858964792397178 2.8240100181570904
6.871342202520929 2.8309069134084788
6.8836760734744376 2.837805321324384
6.895966007958194 2.84470501455231
6.908211610602649 2.8516057655869833
6.92041248799086 2.8585073467933833
6.932568248680635 2.865409530429775
6.944678503226177 2.8723120886707445
6.956742864199213 2.879214793630222
6.9687609462096 2.8861174173844812
6.980732365925405 2.893019731995113
6.992656742092437 2.899921509531964
7.004533695553234 2.9068225220960215
7.016362849265502 2.91372254184225
7.028143828319969 2.9206213410023567
7.0398762599576825 2.9275186919074816
7.051559773586708 2.9344143670108083
7.063194000798243 2.9413081389100695
7.074778575382131 2.9481997803699573
7.08631313334175 2.9550890643444108
7.0977973129083 2.9619757639987783
7.109230754554447 2.9688596527318434
7.120613101007331 2.9757405041977014
7.131943997260933 2.9826180923274754
7.1432230905877745 2.9894921913508603
7.154450030549955 2.9963625758174848
7.1656244690095185 3.003229020618075
7.176746060138121 3.010091301005412
7.187814460426013 3.0169491926150656
7.198829328690319 3.023802471485899
7.2097903260825875 3.0306509140803195
7.220697116095628 3.037494297304271
7.231549364569611 3.0443323985269517
7.24234673969742 3.0511649956002365
7.253088912029245 3.0579918668778037
7.263775554476415 3.0648127912339294
7.2744063423144505 3.071627548081953
7.284980953185329 3.078435917392389
7.29549906709895 3.0852376797106644
7.305960366433792 3.092032616174471
7.316364535936747 3.0988205085307166
7.326711262722124 3.1056011391520424
7.337000236269803 3.1123742910529058
7.347231148422543 3.119139747905193
7.357403693382414 3.1258972940533516
7.367517567706346 3.132646714529015
7.377572470300794 3.1393877950650992
7.387568102415493 3.146120322109347
7.397504167636292 3.1528440828372974
7.407380371877064 3.1595588651646556
7.4171964233706635 3.166264457759032
7.426952032658932 3.172960650051032
7.4366469125817245 3.179647232244661
7.446280778264962 3.1863239953270153
7.455853347107668 3.1929907310772356
7.465364338768005 3.1996472320746796
7.474813475148272 3.2062932917062894
7.484200480378865 3.212928704173115
7.493525080801171 3.2195532644959544
7.502787004949394 3.226166768520077
7.511985983531286 3.232769012918986
7.521121749407777 3.2393597951971818
7.530194037571477 3.2459389136918726
7.539202585124049 3.2525061675736016
7.548147131252421 3.2590613568457227
7.557027417203828 3.265604282342694
7.5658431862596744 3.272134745727115
7.574594183708188 3.2786525494854706
7.583280156815857 3.2851574969225026
7.591900854797632 3.291649392154167
7.6004560287858745 3.2981280400990935
7.608945431798042 3.30459324646849
7.617368818703089 3.3110448177544147
7.625725946186566 3.317482561216336
7.634016572714409 3.323906284865911
7.6422404584954045 3.3303157974498827
7.650397365442301 3.3367109084310185
7.65848705713158 3.3430914279669914
7.666509298761853 3.3494571668871025
7.674463857110875 3.355807936666744
7.682350500491181 3.362143549399491
7.690168998704324 3.368463817766702
7.697919122993692 3.3747685550045134
7.705600645995949 3.3810575748680924
7.713213341691029 3.38733069159301
7.720756985350746 3.3935877198535986
7.728231353485971 3.3998284747181313
7.735636223792425 3.4060527716006717
7.742971375095055 3.412260426209419
7.750236587291047 3.4184512544913748
7.757431641291449 3.4246250725731335
7.764556318961466 3.430781696697613
7.771610403059433 3.4369209431564975
7.778593677174493 3.4430426282181896
7.785505925663045 3.4491465680510207
7.79234693358398 3.455232578641487
7.799116486632789 3.4613004757072416
7.805814371074574 3.4673500746045773
7.812440373676086 3.4733811902301035
7.818994281636818 3.479393636916316
7.8254758825193065 3.485387228320743
7.83188496417872 3.4913617773083203
7.838221314691873 3.4973170958266495
7.844484722285824 3.5032529947737596
7.8506749752661875 3.5091692838579767
7.856791861945401 3.5150657714494944
7.862835170571088 3.5209422644232014
7.86880468925481 3.5267985679923153
7.874700205901424 3.5326344855323395
7.88052150813936 3.5384498183948394
7.886268383252138 3.5442443657105156
7.891940618111477 3.55001792418101
7.897537999112401 3.5557702878588846
7.903060312110791 3.5615012479151504
7.908507342363864 3.5672105923937294
7.913878874474124 3.5728981059521865
7.919174692337406 3.5785635695880504
7.924394579095648 3.584206760350011
7.929538317095143 3.589827451033258
7.934605687851073 3.5954254098581977
7.93959647201922 3.601000400131762
7.944510449375819 3.6065521798904925
7.949347398806647 3.6120805015245763
7.954107098306505 3.6175851113819704
7.958789324990421 3.6230657493517544
7.9633938551179595 3.628522148425819
7.967920464132218 3.6339540342380077
7.972368926715203 3.639361124579807
7.976739016861443 3.6447431288916965
7.981030507971883 3.650099747729274
7.985243172970261 3.65543067220329
7.98937678444441 3.66073558339275
7.9934311148150865 3.666014151730301
7.997405936535218 3.6712660363591443
8.001301022322673 3.6764908844608226
8.005116145429925 3.6816883305532837
8.008851079954285 3.6868579957587677
8.012505601192665 3.691999487041172
8.016079486045152 3.697112396412733
8.01957251347204 3.702196300110049
8.022984465009275 3.7072507577396983
8.026315125347727 3.712275311393997
8.029564282981989 3.717269484737732
8.032731730934932 3.7222327820671133
8.035817267564594 3.727164687342576
8.038820697460418 3.7320646631976033
8.041741832436378 3.7369321499262753
8.044580492628867 3.7417665644529086
8.047336507707795 3.746567299287901
8.050009718209665 3.751333721474706
8.052599977001918 3.7560651715338382
8.0551071508882 3.760760962410834
8.057531122364534 3.7654203784363154
8.05987179153675 3.7700426743076125
8.062129078209693 3.7746270741028733
8.064302924158957 3.7791727703402316
8.066393295595844 3.783678923096393
8.06840018583622 3.7881446592009804
8.070323618183595 3.7925690715251137
8.072163649036346 3.796951218385061
8.073920371228228 3.8012901230842946
8.075593917610327 3.805584773619992
8.077184464881283 3.809834122582906
8.07869223767084 3.814037087282523
8.080117512879667 3.818192550132632
8.08146062427562 3.8222993593356516
8.08272196734343 3.826356329907392
8.08390200438088 3.830362245087267
8.085001269829903 3.83431585818219
8.086020375825663 3.8382158948954994
8.086960017940454 3.8420610561950848
8.087820981092076 3.845850021777294
8.088604145578339 3.849581454185115
8.089310493190194 3.8532540036402456
8.089941113345953 3.8568663136489496
8.090497209178066 3.8604170274406298
8.090980103491855 3.8639047952957695
8.091391244502873 3.8673282828159006
8.091732211245963 3.870686180182281
8.092004718535192 3.873977212441807
8.092210621339488 3.877200150847865
8.092351918424859 3.8803538252702685
8.092430755100455 3.8834371376716637
8.092449424893395 3.886449076627775
8.092410369966617 3.8893887328453394
8.09231618008569 3.8922553156045203
8.092169589935697 3.895048170022114
8.091973474588208 3.897766794998097
8.091730842922686 3.900410861671468
8.091444828816579 3.9029802321725033
8.091118679935311 3.9054749784183014
8.090755743977923 3.9078954006579236
8.090359452266926 3.9102420454339226
8.089933300612534 3.912515722590119
8.089480827432048 3.9147175209230256
8.089005589164366 3.9168488220482693
8.088511133087124 3.918911312035852
8.088000967718331 3.92090699036126
8.087478531064194 3.92283817572529
8.086947157057809 3.9247075083158194
8.086410040616812 3.926517948121058
8.085870201828785 3.928272768956991
8.085330449847497 3.929975547941917
8.084793347147428 3.9316301502378193
8.084261174834202 3.933240708980122
8.083735899741404 3.934811600431938
8.083219144056097 3.9363474145228823
8.082712158204007 3.9378529210616575
8.082215797688958 3.939333032041199
8.081730504519301 3.940792760579759
8.0812562937675 3.942237177155448
8.080792745699725 3.9436713638900174
8.080339003783633 3.9451003677151046
8.079893778738985 3.9465291533066496
8.079455358642651 3.9479625566976337
8.079021624943389 3.9494052404739683
8.078590074088355 3.9508616514229593
8.078157844319676 3.9523359814396137
8.077721747070845 3.95383213240568
8.077278302284768 3.9553536856438813
8.076823776891615 3.956903876420144
8.076354225628156 3.958485573825613
8.075865533352127 3.9601012662238397
8.075353458005125 3.9617530523028925
8.074813673404261 3.9634426376328573
8.074241811093396 3.965171336501408
8.073633500555689 3.966940078687855
8.072984407176232 3.968749420742459
8.072290267441904 3.9705995612647276
8.071546920970642 3.9724903596227383
8.070750339069658 3.9744213575249905
8.069896649627426 3.976391802845774
8.068982158244214 3.978400675112682
8.068003365597487 3.9804467120882605
8.066956981119707 3.98252843691413
8.065839933135363 3.984644185332338
8.064649375660819 3.9867921325522655
8.06338269211473 3.988970319389399
8.062037496218545 3.991176677362164
8.060611630387148 3.993409052492628
8.059103161919689 3.995665227614406
8.057510377301815 3.9979429430451403
8.055831774923972 4.000239915530389
8.054066056507784 4.002553855409955
8.052212117515106 4.004882481996275
8.050269036793408 4.007223537187243
8.048236065687986 4.0095747973629665
8.046112616827031 4.011934083637625
8.043898252760746 4.014299270554265
8.041592674611163 4.016668293322453
8.039195710865695 4.01903915370677
8.03670730642514 4.021409924678691
8.034127511996111 4.023778753945989
8.031456473899022 4.02614386647295
8.028694424345687 4.028503566101874
8.02584167222563 4.0308562363819895
8.022898594426934 4.033200340706369
8.01986562770626 4.035534421851209
8.016743261112962 4.037857101004927
8.013532028964287 4.040167076367489
8.010232504362055 4.0424631213932045
8.006845293236019 4.044744082743097
8.003371028894913 4.047008878006113
7.999810367063224 4.049256493241818
7.996163981379436 4.051485980391027
7.9924325593300445 4.053696454594982
7.988616798592851 4.055887091458323
7.984717403762642 4.058057124286163
7.980735083432547 4.060205841321086
7.976670547604807 4.062332583001844
7.972524505405361 4.064436739261877
7.968297663077649 4.0665177468825755
7.963990722232082 4.068575086913296
7.959604378328791 4.070608282167679
7.9551393193725914 4.072616894803565
7.950596224800296 4.07460052399195
7.945975764541895 4.076558803678724
7.941278598238366 4.078491400441592
7.936505374600134 4.080398011443327
7.9316567308914765 4.082278362481542
7.9267332925272775 4.084132206134313
7.921735672769718 4.085959320000304
7.916664472513522 4.087759505031493
7.91152028014936 4.089532583956125
7.906303671496021 4.0912783997892115
7.9010152097927415 4.092996814427595
7.895655445743984 4.094687707326432
7.890224917609648 4.0963509742537845
7.884724151334425 4.09798652611997
7.879153660710634 4.09959428787825
7.873513947569463 4.101174197493456
7.867805501996088 4.102726204975174
7.862028802564607 4.10425027147217
7.8561843165892125 4.105746368424783
7.850272500388372 4.107214476772166
7.8442937995592255 4.108654586211265
7.838248649259677 4.110066694504616
7.832137474496001 4.111450806834102
7.82596069041403 4.112806935197963
7.819718702592246 4.114135097848447
7.813411907335316 4.115435318767638
7.80704069196681 4.11670762717909
7.800605435119998 4.117952057093038
7.794106507025808 4.119168646883075
7.787544269797152 4.120357438892274
7.780919077708943 4.121518479066866
7.774231277473253 4.122651816615699
7.7674812085091505 4.123757503693783
7.760669203206858 4.124835595108339
7.753795587185907 4.125886148045862
7.746860679547094 4.1269092218188135
7.739864793118045 4.1279048776305975
7.73280823469229 4.128873178357629
7.725691305261757 4.129814188347307
7.718514300242669 4.130727973230837
7.711277509694842 4.131614599749864
7.703981218534403 4.132474135596008
7.69662570674 4.133306649262371
7.689211249552573 4.134112209906224
7.681738117668775 4.134890887222087
7.674206577428169 4.135642751324488
7.666616890994304 4.13636787263971
7.658969316529812 4.137066321805922
7.651264108365676 4.13773816958109
7.643501517164793 4.138383486758128
7.6356817900800085 4.139002344086777
7.6278051709067505 4.139594812201742
7.619871900230449 4.140160961556636
7.611882215568875 4.1407008623633255
7.603836351509576 4.141214584536292
7.5957345398425495 4.141702197641646
7.587577009688325 4.142163770850468
7.579363987621605 4.142599372896165
7.571095697790616 4.143009072035545
7.562772362032323 4.143392936013357
7.554394199983657 4.143751032030028
7.545961429188892 4.1440834267123785
7.537474265203325 4.1443901860870955
7.5289329216933885 4.144671375556755
7.5203376105333275 4.144927059878227
7.511688541898585 4.145157303143255
7.502985924356004 4.145362168761088
7.49422996495098 4.1455417194429796
7.48542086929169 4.145696017188439
7.476558841630488 4.145825123273091
7.467644084942611 4.145929098238024
7.458676801002273 4.146008001880528
7.449657190456276 4.146061893246094
7.440585452895211 4.146090830621608
7.4314617869223785 4.1460948715296135
7.422286390220486 4.146074072723601
7.4130594596162425 4.14602849018421
7.403781191142917 4.145958179116291
7.394451780100944 4.145863193946763
7.385071421116671 4.145743588323188
7.375640308199312 4.145599415113019
7.366158634796173 4.145430726403474
7.356626593846244 4.145237573501962
7.347044377832193 4.145020006937041
7.33741217883087 4.144778076459857
7.327730188562328 4.144511831046012
7.317998598437472 4.144221318897852
7.308217599604364 4.14390658744711
7.298387382993247 4.143567683357898
7.288508139360332 4.143204652530008
7.278580059330428 4.142817540102493
7.268603333438414 4.1424063904575155
7.258578152169648 4.141971247224425
7.248504705999323 4.1415121532840535
7.23838318543083 4.141029150773218
7.2282137810331655 4.1405222810893845
7.217996683477415 4.139991584895507
7.2077320835723615 4.13943710212502
7.1974201722992355 4.138858871986941
7.187061140845667 4.138256932971129
7.176655180638848 4.137631322853622
7.16620248337795 4.136982078702093
7.15570324106582 4.136309236881386
7.145157646039981 4.135612833059139
7.13456589100298 4.134892902211473
7.123928169052086 4.134149478628758
7.113244673708377 4.133382595921421
7.102515598945239 4.132592287025822
7.0917411392162935 4.131778584210168
7.080921489482783 4.130941519080475
7.070056845240427 4.13008112258656
7.059147402545766 4.129197425028082
7.048193358042029 4.12829045606059
7.037194908984523 4.127360244701622
7.026152253265566 4.126406819336814
7.015065589438989 4.125430207726036
7.003935116744213 4.124430437009547
6.992761035129916 4.123407533714168
6.981543545277306 4.12236152375947
6.970282848623022 4.121292432463982
6.958979147381647 4.120200284551407
6.947632644567886 4.11908510415686
6.936243544018385 4.117946914833104
6.9248120504132205 4.1167857395568195
6.913338369297061 4.1156016007348635
6.901822707100016 4.114394520210555
6.890265271158179 4.113164519269972
6.878666269733873 4.111911618648249
6.867025912035605 4.1106358385359
6.85534440823774 4.109337198585147
6.8436219694999 4.10801571791626
6.831858807986097 4.10667141512392
6.8200551368836 4.105304308283582
6.808211170421558 4.103914414957868
6.796327123889349 4.102501752202961
6.784403213654721 4.101066336575031
6.7724396571816525 4.099608184136664
6.760436673048014 4.098127310463317
6.748394480962973 4.096623730649796
6.736313301784184 4.095097459316744
6.724193357534757 4.09354851061716
6.712034871419992 4.0919768982429385
6.699838067843917 4.0903826354314266
6.687603172425593 4.088765734972018
6.675330412015216 4.08712620921276
6.663020014710015 4.085464070067001
6.650672209869926 4.0837793290200555
6.63828722813308 4.082071997135907
6.625865301431068 4.080342085063938
6.61340666300402 4.078589603045695
6.600911547415472 4.076814560921686
6.588380190567034 4.075016968138211
6.575812829712859 4.073196833754238
6.563209703473917 4.071354166448307
6.550571051852055 4.069488974525471
6.537897116243881 4.067601265924293
6.525188139454429 4.06569104822387
6.512444365710634 4.063758328650904
6.499666040674601 4.06180311408682
6.486853411456691 4.059825411074929
6.474006726628382 4.057825225827634
6.461126236234945 4.055802564233692
6.448212191807916 4.053757431865515
6.435264846377361 4.051689833986532
6.422284454483937 4.049599775558599
6.409271272190743 4.04748726124946
6.396225557094981 4.0453522954402645
6.383147568339381 4.043194882233145
6.370037566623438 4.04101502545884
6.356895814214428 4.038812728684391
6.343722574958205 4.036587995220887
6.330518114289794 4.034340828131272
6.317282699243751 4.032071230238219
6.304016598464313 4.029779204132059
6.290720082215317 4.0274647521787825
6.2773934223899035 4.0251278765281
6.264036892519981 4.022768579121572
6.250650767785467 4.020386861700801
6.237235325023291 4.0179827258157035
6.223790842736166 4.015556172832839
6.210317601101119 4.013107203943811
6.196815881977776 4.010635820173751
6.1832859689164055 4.008142022389861
6.169728147165717 4.0056258113100345
6.156142703680402 4.003087187511554
6.142529927128423 4.000526151439864
6.128890107898045 3.997942703417412
6.115223538104608 3.99533684365258
6.101530511597032 3.9927085722486786
6.0878113239640514 3.990057889213036
6.074066272540187 3.987384794466149
6.060295656411433 3.9846892878509292
6.04649977642067 3.981971369142023
6.032678935172796 3.9792310380552127
6.018833437039571 3.976468294256904
6.004963588164166 3.973683137373691
5.9910696964654315 3.9708755670020124
5.977152071641853 3.968045582717884
5.96321102517521 3.965193184086723
5.9492468703339405 3.962318370673252
5.93525992217618 3.9594211420514926
5.921250497552496 3.9565014978148465
5.907218915108302 3.953559437586258
5.893165495285957 3.9505949610284707
5.879090560326524 3.9476080678543664
5.86499443427122 3.944598757837396
5.85087744296251 3.9415670308220965
5.836739914044882 3.9385128867346983
5.822582176965271 3.93543632559382
5.808404562973135 3.932337347521253
5.794207405120189 3.929215952752839
5.779991038259773 3.9260721416494286
5.765755799045874 3.92290591470794
5.751502025931778 3.9197172725724982
5.737230059168354 3.916506216045672
5.722940240801972 3.913272746099793
5.708632914672041 3.910016863888372
5.694308426408173 3.9067385707575992
5.679967123426961 3.9034378682579356
5.665609354928362 3.9001147581557953
5.651235471891709 3.896769242445316
5.636845827071296 3.8934013233602163
5.6224407749916 3.890011003385744
5.608020671942066 3.886598285270713
5.593585875971507 3.883163172039624
5.579136746882078 3.8797056670048775
5.564673646222848 3.876225773779069
5.550196937282939 3.8727234962873736
5.535706985084249 3.8691988387800147
5.5212041563737495 3.865651805844817
5.506688819615346 3.8620824024198446
5.4921613449813105 3.858490633806123
5.47762210434327 3.8548765056804406
5.463071471262758 3.8512400241082365
5.448509820981318 3.847581195556564
5.43393753041016 3.843900026907137
5.419354978119363 3.840196525469454
5.404762544326624 3.8364706989939985
5.390160610885548 3.832722555685518
5.375549561273476 3.8289521042163748
5.3609297805788465 3.8251593537399735
5.346301655488089 3.821344313904258
5.331665574272055 3.8175069948652816
5.317021926771959 3.813647407300844
5.302371104384865 3.8097655624241993
5.287713500048669 3.805861471997826
5.273049508226623 3.8019351483472645
5.258379524891359 3.7979866043750152
5.243703947508436 3.794015853574499
5.229023175019395 3.790022910044074
5.214337607824322 3.7860077885011116
5.199647647763924 3.781970504296126
5.184953698101104 3.7779110734269565
5.170256163502046 3.773829512552999
5.155555450016798 3.7697258390094857
5.140851965059357 3.7656000708218134
5.126146117387259 3.761452226719912
5.111438317080657 3.757282326152652
5.0967289755209055 3.7530903893022955
5.082018505368641 3.748876437098977
5.06730732054135 3.7446404912352214
5.052595836190445 3.740382574180487
5.0378844686778255 3.736102709195741
5.023173635551936 3.731800920348054
5.008463755523324 3.7274772325252172
4.993755248439685 3.723131671450378
4.979048535260409 3.7187642636966896
4.964344038030616 3.7143750367019703
4.9496421798546955 3.7099640187833742
4.934943384869336 3.7055312391520605
4.920248078216059 3.7010767279278687
4.905556686013244 3.6966005161539877
4.890869635327661 3.692102635811622
4.876187354145503 3.687583119834642
4.861510271342921 3.683042002124224
4.846838816656068 3.6784793175634722
4.83217342065065 3.673895102032016
4.817514514690984 3.669289392420582
4.802862530908575 3.664662226645534
4.7882179021702065 3.660013643663385
4.773581062045548 3.655343683485258
4.75895244477429 3.6506523871913132
4.7443324852328 3.645939796945123
4.729721618900312 3.6412059560079957
4.715120281824644 3.6364509087532393
4.700528910587464 3.6316747006803656
4.685947942269086 3.626877378429227
4.671377814412822 3.6220589897940805
4.65681896498888 3.6172195837375756
4.642271832357825 3.61235921040466
4.627736855233595 3.6074779211363994
4.613214472646093 3.602575768483704
4.598705123903348 3.597652806220958
4.5842092485532575 3.5927090893595466
4.569727286344916 3.587744674161276
4.555259677189537 3.5827596181516776
4.540806861120975 3.5777539801331977
4.5263692782558556 3.572727820198257
4.511947368753317 3.5676811997421836
4.497541572774378 3.5626141814760115
4.483152330440933 3.557526829439135
4.4687800817943835 3.552419209011816
4.4544252667539235 3.5472913869275415
4.440088325074469 3.5421434312852194
4.425769696304264 3.5369754115612086
4.411469819742147 3.5317873986211845
4.3971891343945115 3.526579464731818
4.3829280789319505 3.521351683572283
4.368687091645606 3.5161041302455662
4.354466610403234 3.5108368812895883
4.340267072604985 3.5055500146881204
4.326088915138923 3.500243609881495
4.311932574336292 3.4949177477771043
4.297798485926525 3.48957251075968
4.283687084992032 3.4842079827013426
4.269598805922764 3.4788242489714287
4.255534082370561 3.4734213964460694
4.2414933472033045 3.467999513517534
4.227477032458889 3.462558690103316
4.213485569299017 3.457099017654969
4.199519387962829 3.451620589166676
4.185578917720393 3.446123499183552
4.171664586826053 3.440607843809669
4.157776822471667 3.4350737207158053
4.143916050739722 3.4295212291468986
4.130082696556365 3.423950469929217
4.116277183644359 3.418361545477222
4.102499934475953 3.41275455980013
4.08875137022573 3.4071296185081605
4.075031910723387 3.401486828818472
4.061341974406518 3.3958262995607655
4.047681978273371 3.3901481411825705
4.034052337835624 3.384452465754187
4.020453467071181 3.37873938697329
4.006885778376999 3.3730090201691927
3.993349682521977 3.3672614823067497
3.9798455885999107 3.3614968919899106
3.9663739039825274 3.3557153694649076
3.952935034272626 3.3499170366230735
3.939529383257333 3.3441020170032942
3.926157352861485 3.3382704357940733
3.9128193431011673 3.3324224198352215
3.899515752037408 3.326558097619154
3.88624697573006 3.320677599291798
3.8730134081918766 3.3147810566531
3.8598154413427967 3.3088686031571317
3.8466534649644655 3.302940373911793
3.8335278666549986 3.2969965056780994
3.820439031784006 3.2910371368690585
3.8073873434478993 3.2850624075481254
3.794373182425491 3.2790724594272374
3.781396927133906 3.2730674358644207
3.7684589535848243 3.2670474818609705
3.755559635341064 3.261012744058193
3.7426993434735296 3.254963370733714
3.729878446518535 3.2488995117973505
3.7170973104355216 3.242821318786534
3.704356298565189 3.236728944861295
3.691655771588049 3.2306225447987957
3.6789960874834198 3.2245022749874166
3.666377601488889 3.218368293420386
3.653800666060241 3.212220759688964
3.641265630831878 3.2060598349751617
3.6287728425777512 3.1998856820440102
3.6163226451728083 3.19369846523537
3.6039153795549814 3.1874983504552787
3.5915513836877273 3.1812855051668403
3.5792309925231334 3.175060098380656
3.5669545379656107 3.1688223006447873
3.5547223488361785 3.1625722840342663
3.5425347508373655 3.156310222140136
3.5303920665187354 3.1500362900580368
3.518294615243054 3.143750664376328
3.506242713153108 3.137453523163751
3.494236673139196 3.1311450459566332
3.4822768048072987 3.1248254137456346
3.4703634144479416 3.1184948089620392
3.4584968050057716 3.112153415463589
3.4466772760498454 3.10580141851987
3.434905123744658 3.099439004797243
3.423180640821912 3.0930663623433317
3.4115041165530418 3.0866836805710607
3.399875836722511 3.080291150242257
3.3882960836018823 3.073888963450807
3.376765135924681 3.0674773136053806
3.365283268862058 3.0610563954117267
3.3538507539992617 3.0546264048545364
3.342467859312929 3.048187539178884
3.3311348491492097 3.041739996871251
3.319851984202724 3.035283977640134
3.308619521496371 3.028819682396244
3.297437714361988 3.022347313232303
3.286306812421877 3.0158670734024393
3.275227061571198 3.009379167301194
3.2641987039612426 3.0028838004421368
3.2532219779835883 2.9963811794361055
3.242297118255147 2.989871511969068
3.2314243556041053 2.9833550067796195
3.2206039170567693 2.9768318736361166
3.2098360258253136 2.970302323313463
3.1991209012964426 2.963766567569545
3.1884587590209668 2.9572248191213313
3.177849810704296 2.9506772916206434
3.1672942641978548 2.9441241996295995
3.1567923234914232 2.937565758595752
3.146344188706405 2.9310021848269154
3.135950056090022 2.9244336954656953
3.1256101180104383 2.9178605084637366
3.115324562952819 2.9112828425556874
3.105093575516318 2.9047009172328986
3.0949173364119975 2.8981149527168597
3.084796022461677 2.8915251699323896
3.0747298065977153 2.884931790480581
3.06471885786372 2.878335036611525
3.054763341416185 2.8717351311968042
3.0448634185270493 2.8651322977017886
3.0350192465871855 2.858526760157724
3.025230979110798 2.8519187431336355
3.0154987657407446 2.8453084717080577
3.0058227522547663 2.838696171440594
2.996203080572624 2.8320820683433214
2.986639888764138 2.825466388852057
2.9771333110581253 2.8188493597974857
2.9676834778522263 2.812231208376172
2.958290515723619 2.805612162121461
2.948954547440609 2.7989924488742814
2.939675691975095 2.7923722967538636
2.9304540645158923 2.785751934128386
2.9212897764829213 2.7791315895855564
2.912182935542235 2.772511491903146
2.903133645621891 2.765891870019483
2.8941420069286585 2.759272953003927
2.8852081159655367 2.7526549700273226
2.8763320655500912 2.746038150332456
2.8675139448335942 2.7394227232045236
2.8587538393209493 2.7328089179416226
2.850051830891402 2.7261969638252785
2.8414079978200175 2.7195870900910175
2.832822414799918 2.7129795258990077
2.8242951529652633 2.7063745003047637
2.8158262799149694 2.6997722422299435
2.8074158597371452 2.6931729804332405
2.799063953034242 2.686576943481386
2.790770616948895 2.6799843597202724
2.782535905190453 2.6733954572462153
2.774359868062172 2.666810463877358
2.766242552489069 2.6602296071252387
2.7581840020464146 2.6536531141665263
2.7501842569888537 2.6470812118149394
2.7422433542801405 2.640514126493365
2.7343613276234686 2.6339520842061797
2.726538207492389 2.6273953105117904
2.718774021162291 2.6208440304954106
2.7110687927424366 2.6142984687420756
2.703422543208537 2.607758849309911
2.695835290435845 2.6012253957036724
2.688307049232753 2.5946983308485567
2.680837831374883 2.5881778770643074
2.6734276456396495 2.5816642560396157
2.666076497841274 2.575157688806835
2.6587843908662467 2.568658395717019
2.6515513247092075 2.5621665964152873
2.644377296509232 2.555682509816544
2.637262300586508 2.5492063540815417
2.6302063284793893 2.5427383465933158
2.6232093689817972 2.536278703933996
2.6162714081809626 2.5298276418619956
2.60939242949549 2.5233853752896067
2.602572413713721 2.5169521182609955
2.5958113390323887 2.510528083930613
2.589109181095532 2.504113484542035
2.5824659130336647 2.497708531407233
2.575881505503175 2.4913134348862935
2.5693559267259385 2.4849284043675883
2.5628891425291256 2.4785536482484094
2.556481116385188 2.4721893739160734
2.5501318094520045 2.4658357877295103
2.5438411806131667 2.459493095001338
2.5376091865183854 2.4531614999804376
2.531435781624006 2.446841205835032
2.525320918233603 2.4405324146362815
2.519264546538645 2.4342353273423996
2.5132666146592073 2.4279501437833013
2.507327068684711 2.421677062645786
2.501445852714673 2.4154162814592715
2.495622908899449 2.409167996582072
2.489858177480945 2.4029324031882453
2.4841515968332812 2.3967096952549993
2.4785031035033893 2.3905000655506785
2.472912632251523 2.384303705623326
2.46738011609166 2.3781208057898335
2.4619054863317777 2.371951555125686
2.4564886726139816 2.3657961414553013
2.4511296029544662 2.3596547513429806
2.4458282037832855 2.353527570084464
2.4405843999839174 2.3474147816991002
2.4353981149325943 2.3413165689226467
2.430269270537385 2.335233113200683
2.425197787276997 2.3291645946826627
2.420183584239292 2.3231111922165963
2.415226579159471 2.317073083344375
2.4103266884579315 2.3110504442977358
2.405483827277749 2.305043449994869
2.400697909521775 2.29905227403768
2.3959688478893257 2.293077088709701
2.391296553912426 2.287118064974651
2.3866809379915987 2.2811753724756594
2.382121909431163 2.275249179535141
2.3776193764740166 2.269339653155331
2.37317324633588 2.2634469590194755
2.3687834252389726 2.2575712614936823
2.364449818445086 2.25171272362943
2.360172330288039 2.245871507166726
2.355950864205471 2.2400477725379253
2.3517853227699512 2.234241678872193
2.347675607719369 2.2284533840006167
2.3436216199865743 2.2226830444619567
2.339623259728235 2.2169308155090337
2.3356804263528734 2.2111968511157434
2.3317930185480535 2.2054813039846906
2.327960934306675 2.199784325555434
2.324184070952344 2.1941060660133296
2.3204623251637724 2.1884466742989606
2.3167955929981794 2.182806298118141
2.3131837699136435 2.177185083952476
2.3096267507903634 2.171583177070458
2.306124429950795 2.166000721539086
2.3026767011786085 2.16043786023598
2.2992834577364234 2.1548947348619656
2.2959445923822828 2.1493714859541058
2.2926599973848045 2.143868252899145
2.2894295645369724 2.13838517394734
2.2862531851685115 2.1329223862266296
2.283130750156799 2.127480025757114
2.2800621499362554 2.122058227465794
2.2770472745061676 2.1166571252015256
2.274086013436883 2.111276851750137
2.2711782558743288 2.105917538849646
2.2683238905427925 2.1005793172055305
2.265522805745919 2.0952623165059676
2.2627748893658546 2.089966665436982
2.260080028860498 2.0846924916974165
2.257438111258788 2.079439922013651
2.2548490231539895 2.074209082153963
2.2523126506949085 2.0690000969424474
2.2498288795749954 2.063813090272377
2.2473975950192866 2.058648185118898
2.245018681769124 2.053505503550934
2.242692024064628 2.048385166742172
2.240417505624864 2.0432872949809826
2.2381950096256804 2.038212007679139
2.2360244186751723 2.0331594233791597
2.2339056147867606 2.028129659760123
2.2318384793498547 2.023122833641757
2.229822893098095 2.0181390609866283
2.227858736075169 2.0131784569002242
2.2259458875982148 2.0082411356287118
2.224084226218819 2.0033272105541586
2.2222736296816583 1.9984367941869747
2.2205139748808156 1.9935699981553343
2.2188051378138427 1.9887269331913167
2.2171469935336416 1.9839077091135016
2.2155394160982733 1.9791124348057432
2.2139822785188 1.9743412181918298
2.212475452705321 1.9695941662057401
2.2110188094113536 1.9648713847571848
2.209612218176767 1.9601729786921285
2.2082555472694883 1.9554990517479724
2.206948663626243 1.950849706503079
2.2056914327926087 1.9462250443203135
2.2044837188627238 1.9416251652842884
2.2033253844190064 1.9370501681319836
2.202216290472295 1.932500150176439
2.201156296402853 1.9279752072232115
2.200145259902739 1.9234754334793103
2.1991830369200724 1.9190009214543384
2.198269481605791 1.9145517618535925
2.197404446263529 1.9101280434628978
2.196587781303308 1.9057298530249918
2.1958193351997717 1.9013572751073051
2.1950989544557538 1.8970103919610362
2.1944264835720158 1.8926892833714677
2.1938017650240362 1.8883940264995325
2.193224639246782 1.8841246957147035
2.192694944628431 1.8798813624193573
2.1922125175140654 1.8756640948648453
2.1917771922203713 1.8714729579595952
2.191388801062418 1.867308013069669
2.191047174393617 1.8631693178123074
2.190752140659948 1.8590569258431098
2.1905035264695756 1.8549708866376222
2.190301156678929 1.850911245268232
2.1901448544963373 1.8468780421774078
2.1900344416042277 1.8428713129484675
2.1899697383008867 1.8388910880751943
2.1899505636626784 1.8349373927317776
2.189976735727545 1.8310102465446956
2.1900480717004904 1.8271096633683128
2.190164388181639 1.8232356510660963
2.1903255014172847 1.8193882112995068
2.190531227574203 1.815567339326732
2.190781383037276 1.8117730238135588
2.1910757847302893 1.8080052466587737
2.191414250459509 1.8042639828365656
2.1917965992794017 1.800549200258463
2.1922226518795793 1.7968608596573752
2.1926922309917742 1.7931989144963068
2.1932051618153374 1.7895633109042988
2.193761272459457 1.7859539876420762
2.194360394399967 1.7823708760997938
2.195002362948318 1.7788139003291261
2.1956870177299566 1.775282977111774
2.19641420316907 1.7717780160662335
2.1971837689763762 1.7682989197944132
2.1979955706363614 1.7648455840693758
2.1988494698901553 1.7614178980651365
2.199745335210022 1.7580157446290685
2.2006830422613017 1.7546390005970427
2.20166247434752 1.7512875371509882
2.2026835228343282 1.7479612202180823
2.2037460875479393 1.744659910910296
2.2048500771437842 1.7413834660025183
2.2059954094412286 1.738131738446981
2.207182011720394 1.734904577921217
2.2084098209773555 1.7317018314062982
2.2096787841343293 1.7285233437916512
2.2109888582018193 1.7253689585023309
2.2123400103901343 1.722238518144245
2.2137322181681713 1.719131865162511
2.2151654692678853 1.7160488425078488
2.2166397616334383 1.7129892943057194
2.2181551033146003 1.7099530665227818
2.219711512304597 1.7069400076251962
2.221309016323217 1.7039499692233109
2.2229476525465865 1.7009828066973793
2.2246274672856403 1.6980383797991296
2.2263485156158707 1.6951165532242565
2.228110860961491 1.6922171971512339
2.229914574637619 1.6893401877422303
2.2317597353545415 1.6864854076023545
2.2336464286884876 1.683652746193951
2.235574746523645 1.6808421002032037
2.237544786470396 1.6780533738568653
2.239556651264912 1.6752864791875142
2.2416104481553183 1.6725413362463333
2.243706288279684 1.6698178732629951
2.245844286040998 1.667116026752819
2.2480245584841807 1.6644357415719149
2.2502472246799936 1.6617769709215693
2.2525124051204366 1.6591396763036033
2.2548202211299406 1.656523827428889
2.257170794296303 1.6539294020816029
2.2595642459249357 1.6513563859421327
2.26200069651959 1.648804772371849
2.264480265292281 1.6462745621631716
2.267003069704705 1.6437657632585378
2.2695692250430044 1.6412783904419916
2.2721788440272737 1.63881246500717
2.2748320364567998 1.6363680144054717
2.2775289088916004 1.6339450718781525
2.280269564370437 1.6315436760760065
2.283054102165122 1.6291638706701685
2.2858826175706057 1.6268057039574153
2.288755201730013 1.6244692284631563
2.2916719414935516 1.6221545005450997
2.294632919309975 1.6198615800003404
2.297638213149067 1.6175905296783928
2.3006878964534843 1.6153414151024217
2.303782038118134 1.613114304100688
2.3069207024951845 1.6109092664499625
2.310103949422729 1.6087263735324142
2.3133318342750946 1.6065656980072365
2.3166044080327595 1.6044273134980356
2.3199217173698687 1.6023112942967919
2.3232838047573594 1.600217715084985
2.326690708579753 1.5981466506722848
2.330142463263746 1.5960981757530284
2.3336390994167986 1.5940723646805415
2.3371806439740084 1.592069291259211
2.3407671203516576 1.5900890285540894
2.3443985486059185 1.5881316487176953
2.3480749455953047 1.586197222833572
2.3517963251455742 1.584285820776085
2.3555626982158806 1.5823975110858701
2.3593740730650974 1.5805323608602777
2.3632304554173245 1.5786904356581295
2.367131848625713 1.5768717994180546
2.371078253833819 1.5750765143896588
2.3750696701338088 1.5733046410767648
2.379106094720927 1.571556238191953
2.3831875230437114 1.5698313626216363
2.387313948949543 1.5681300694009102
2.3914853648251575 1.5664524116974359
2.3957017617318526 1.564798440803623
2.399963129535161 1.5631682061364138
2.404269457028826 1.5615617552439844
2.4086207320529693 1.5599791338187126
2.4130169416063816 1.5584203857157906
2.4174580719529226 1.5568855529768881
2.4219441087220295 1.5553746758583096
2.426475037003395 1.5538877928631154
2.4310508414358782 1.5524249407767126
2.4356715062907566 1.5509861547054509
2.440337015549429 1.5495714681177963
2.4450473529757177 1.5481809128876773
2.4498025021829175 1.5468145193396363
2.454602446695749 1.545472316295445
2.459447170007402 1.5441543311218697
2.4643366556318393 1.5428605897793015
2.469270887151548 1.541591116870989
2.4742498482609294 1.5403459356926392
2.4792735228055114 1.5391250682821707
2.484341894817181 1.5379285354694285
2.4894549485456157 1.5367563569256872
2.494612668486114 1.5356085512127897
2.499815039403991 1.5344851358317864
2.5050620463557376 1.5333861272709532
2.510353674707102 1.5323115410530879
2.5156899101482804 1.5312613917819884
2.521070738706367 1.530235693188042
2.5264961467552363 1.5292344581728532
2.5319661210230002 1.528257698852859
2.537480648597199 1.5273054266018857
2.5430397169278587 1.5263776520926073
2.548643313828557 1.5254743853368802
2.5542914274756234 1.5245956357249315
2.5599840464056016 1.5237414120633865
2.565721159511083 1.5229117226121256
2.571502756035036 1.522106575119966
2.577328825563724 1.5213259768591716
2.583199358018319 1.5205699346587944
2.5891143436453037 1.5198384549368542
2.5950737730057547 1.519131543731371
2.60107763696358 1.5184492067302644
2.607125926672809 1.5177914493001325
2.6132186335639846 1.5171582765139362
2.619355749329754 1.5165496931776006
2.625537265909699 1.5159657038555645
2.6317631754744877 1.5154063128952924
2.638033470409388 1.5148715244507798
2.644348143297211 1.5143613425050715
2.650707186900721 1.5138757708918211
2.657110594144572 1.513414813315915
2.6635583580968043 1.5129784733731901
2.670050471949941 1.512566754569265
2.6765869290017363 1.5121796603375164
2.683167722635589 1.5118171940562242
2.6897928463006715 1.5114793590649094
2.6964622934917983 1.5111661586798917
2.7031760577290553 1.510877596209091
2.709934132537227 1.5106136749660968
2.7167365114250366 1.510374398283529
2.7235831878642265 1.510159769525717
2.730474155268497 1.5099697921007136
2.7374094069723176 1.5098044694716715
2.7443889362096385 1.5096638051676017
2.751412736092507 1.509547802793536
2.75848079958961 1.5094564660401124
2.765593119504755 1.5093897986926044
2.7727496884552956 1.509347804639415
2.779950498850526 1.5093304878800502
2.787195542870036 1.5093378525325931
2.7944848124420543 1.509369902840696
2.801818299221774 1.5094266431801053
2.809195994569677 1.509508078064737
2.8166178895298613 1.5096142121523168
2.8240839748083735 1.509745050249603
2.8315942407515604 1.5099005973172022
2.839148677324437 1.5100808584739953
2.846747274089081 1.5102858390011864
2.8543900201830517 1.5105155443459848
2.8620769042978473 1.5107699801249352
2.8698079146573905 1.511049152126909
2.8775830389965575 1.5113530663157624
2.885402264539745 1.5116817288326798
2.8932655779794816 1.5120351459982053
2.9011729654550864 1.5124133243139781
2.90912441253137 1.5128162704641788
2.917119904177388 1.513243991316694
2.925159424745245 1.5136964939240125
2.933242957948946 1.5141737855238573
2.941370486843306 1.5146758735395618
2.9495419938029093 1.5152027655802007
2.957757460501123 1.5157544694404803
2.9660168678891683 1.5163309931003945
2.9743201961752432 1.516932344724657
2.982667424803709 1.5175585326619099
2.9910585324343235 1.5182095654437222
2.9994934969215397 1.518885451783376
3.0079722952938583 1.5195862005744536
3.016494903733239 1.5203118208892235
3.0250612975545703 1.521062321976838
3.033671451185197 1.5218377132613383
3.0423253381445092 1.52263800433948
3.0510229310235855 1.5234632049783785
3.059764201464901 1.5243133251129783
3.068549120142093 1.5251883748433546
3.077377656739786 1.5260883644318437
3.0862497799334774 1.5270133043000147
3.0951654573694847 1.527963205025476
3.104124655644955 1.5289380773385297
3.113127340287932 1.5299379321186692
3.12217347573749 1.5309627803909267
3.131263025323925 1.5320126333220745
3.140395951249013 1.533087502216678
3.1495722145663314 1.5341873985130097
3.1587917751616397 1.5353123337788188
3.1680545917333314 1.5364623197069678
3.1773606217729466 1.5376373681109288
3.1867098215457506 1.5388374909201499
3.1961021460713828 1.5400627001752882
3.205537549104568 1.5413130080233135
3.2150159831159004 1.5425884267124856
3.224537399272695 1.5438889685872033
3.234101747419907 1.5452146460827332
3.243708976061127 1.546565471719811
3.2533590323396417 1.5479414580991264
3.263051862019576 1.5493426178956864
3.2727874094671026 1.5507689638530593
3.2825656176317306 1.5522205087775056
3.2923864280276667 1.5536972655319905
3.302249780715262 1.5551992470300844
3.3121556142825304 1.5567264662297484
3.3221038658267528 1.5582789361270108
3.3320944709361595 1.559856669749532
3.3421273636717013 1.561459680150059
3.352202476548899 1.5630879803997746
3.3623197405197884 1.5647415835815355
3.3724790849549446 1.5664205027830072
3.382680437625602 1.5681247510896938
3.3929237246858666 1.569854341577861
3.4032088706550176 1.5716092873073584
3.4135357983999093 1.5733896013143378
3.423904429117467 1.5751952966038716
3.4343146823172828 1.5770263861424691
3.444766475804315 1.578882882850494
3.4552597256616866 1.5807647995944825
3.465794346233593 1.582672149179364
3.476370250108316 1.5846049443405852
3.4869873481013447 1.5865631977361345
3.497645549238614 1.5885469219384771
3.5083447607398512 1.5905561294263886
3.519084888002041 1.5925908325766993
3.529865834583011 1.5946510436559445
3.5406875021851376 1.5967367748119203
3.55154979063917 1.5988480380651524
3.5624525978881914 1.6009848453002693
3.573395819971694 1.6031472082572895
3.5843793510097983 1.605335138522818
3.595403083187597 1.6075486475211558
3.606466906739638 1.6097877465053194
3.6175707099345473 1.6120524465479777
3.6287143790597898 1.614342758532302
3.6398977984065763 1.6166586931427287
3.651120850254918 1.619000260855642
3.662383414858829 1.6213674719299713
3.673685370431678 1.6237603363977078
3.685026593131703 1.626178864054339
3.6964069570476754 1.6286230644492041
3.707826334184731 1.6310929468757698
3.7192845944503596 1.6335885203618266
3.7307816056405665 1.636109793659611
3.742317233426199 1.6386567752358476
3.753891341339448 1.6412294732617196
3.7655037907605227 1.6438278956027628
3.7771544409045066 1.6464520498086868
3.7888431488083936 1.6491019431031255
3.8005697693183094 1.6517775823733156
3.8123341550769188 1.6544789741597055
3.8241361565110243 1.6572061246454959
3.8359756218193635 1.6599590396461135
3.847852396960594 1.6627377245986172
3.859766325641487 1.6655421845510405
3.871717249305321 1.6683724241516693
3.8837050071204815 1.6712284476382586
3.89572943596927 1.6741102588271872
3.907790370436929 1.6770178611025521
3.9198876428008798 1.6799512574052065
3.9320210830201803 1.682910450221738
3.944190518725208 1.6858954415733942
3.956395775207564 1.6889062330049522
3.968636675410211 1.691942825573536
3.98091303991784 1.6950052198373837
3.993224686947474 1.6980934158445635
4.005571432339311 1.7012074131216433
4.017953089547807 1.7043472106623128
4.030369469633006 1.707512806915962
4.042820381252118 1.7107041997762154
4.055305630651349 1.713921386569426
4.067825021657985 1.717164364043129
4.080378355672733 1.7204331283544587
4.09296543166233 1.7237276750585262
4.105586046152409 1.7270479990967684
4.118239993220631 1.7303940947852596
4.130927064490102 1.7337659558029956
4.1436470491230475 1.7371635751801473
4.156399733814775 1.74058694528629
4.169184902787911 1.744036057818607
4.182002337786928 1.7475109037900702
4.194851818072951 1.7510114735176014
4.207733120418861 1.7545377566102154
4.220646019104684 1.7580897419571448
4.233590285913285 1.7616674177159546
4.246565690126349 1.7652707713006415
4.25957199852068 1.7688997893697254
4.272608975364785 1.772554457814334
4.285676382415789 1.7762347617462817
4.298773978916642 1.7799406854861457
4.311901521593646 1.7836722125513433
4.3250587646543055 1.7874293256442095
4.338245459785485 1.7912120066400812
4.351461356151902 1.7950202365753873
4.3647062003949335 1.798853995635749
4.377979736631757 1.802713263144093
4.391281706454823 1.8065980175487768
4.404611848931655 1.8105082364117364
4.417969900604991 1.8144438963966485
4.431355595493258 1.8184049732571195
4.444768665091394 1.8223914418248983
4.458208838372008 1.8264032759981177
4.471675841786887 1.8304404487295671
4.485169399268851 1.8345029320149986
4.498689232233962 1.8385906968814691
4.512235059584084 1.8427037133757243
4.52580659770979 1.8468419505526221
4.539403560493641 1.851005376463604
4.553025659313813 1.8551939581452128
4.566672603048089 1.859407661607663
4.580344098078218 1.8636464518234648
4.594039848294628 1.8679102927161058
4.607759555101523 1.8721991471487924
4.621502917422331 1.8765129769132565
4.635269631705544 1.8808517427186264
4.6490593919309005 1.8852154041803695
4.662871889615977 1.889603919809306
4.676706813823128 1.8940172470007015
4.690563851166815 1.8984553420234362
4.704442685821312 1.9029181600092582
4.718342999528791 1.9074056549421212
4.732264471607787 1.911917779647614
4.746206778962051 1.9164544857824786
4.760169596089776 1.9210157238242285
4.774152595093217 1.9256014430608606
4.788155445688692 1.9302115915806746
4.802177815216969 1.9348461162621955
4.816219368654041 1.9395049627642047
4.830279768622289 1.9441880755158856
4.844358675402038 1.9488953977070829
4.858455746943484 1.9536268712786828
4.872570638879037 1.9583824369131153
4.886703004536032 1.9631620340249822
4.900852494949839 1.9679656007518156
4.915018758877363 1.9727930739449686
4.92920144281093 1.9776443891606428
4.9434001909925716 1.9825194806510544
4.957614645428688 1.9874182813557475
4.971844445905108 1.9923407228930485
4.986089230002545 1.9972867355516764
5.000348633112422 2.0022562482825026
5.0146222884531095 2.0072491886904698
5.028909827086531 2.0122654830266717
5.043210877935174 2.0173050561805965
5.057525067799467 2.0223678316725366
5.071852021375565 2.027453731646171
5.086191361273501 2.032562676861322
5.100542708035732 2.037694586686888
5.114905680156059 2.0428493790939593
5.12927989409894 2.0480269706491177
5.143664964319171 2.0532272765079234
5.15806050328195 2.0584502104085955
5.172466121483318 2.0636956846658845
5.186881427470974 2.068963610165142
5.2013060278654635 2.074253896356598
5.215739527381737 2.0795664512498337
5.230181528851078 2.0849011814084695
5.244631633243397 2.0902579919450597
5.259089439689895 2.095636786516202
5.273554545506077 2.1010374673178696
5.288026546215138 2.1064599350809536
5.302505035571705 2.1119040890670395
5.316989605585919 2.117369827064402
5.331479846547887 2.122857045384238
5.34597534705247 2.128365638857124
5.360475694024421 2.133895500829715
5.37498047274387 2.139446523161678
5.389489266872132 2.145018596222873
5.404001658477872 2.15061160889077
5.418517228063585 2.1562254485481205
5.433035554592414 2.161860001080876
5.447556215515286 2.167515150876359
5.462078786798377 2.1731907808216864
5.476602842950886 2.17888677230246
5.491127957053125 2.1846030052017067
5.505653700784922 2.190339357899087
5.520179644454319 2.196095707270369
5.534705357026576 2.20187192868717
5.549230406153477 2.2076678960169636
5.563754358202907 2.213483481623367
5.578276778288741 2.2193185563666953
5.59279723030099 2.2251729896047983
5.607315276936242 2.2310466491941714
5.621830479728364 2.2369394014913486
5.636342399079472 2.242851111354581
5.650850594291166 2.2487816421457936
5.6653546235960155 2.2547308557328347
5.679854044189296 2.2606986124920083
5.694348412260977 2.266684771310899
5.708837283027933 2.2726891895914862
5.723320210766408 2.2787117232535516
5.737796748844691 2.2847522267383806
5.75226644975602 2.290810553012759
5.766728865151702 2.2968865535732643
5.781183545874436 2.3029800784508576
5.795630041991847 2.3090909762157725
5.810067902830209 2.3152190939827015
5.824496677008364 2.3213642774162877
5.838915912471816 2.327526370736913
5.853325156527019 2.3337052167267904
5.867723955875808 2.3399006567363583
5.882111856650021 2.346112530690979
5.896488404446263 2.352340677097938
5.910853144360816 2.35858493305375
5.925205621024706 2.364845134251765
5.93954537863889 2.3711211149900846
5.953871961009576 2.377412708179775
5.968184911583674 2.383719745353389
5.982483773484343 2.39004205667379
5.996768089546656 2.39637947094328
6.011037402353361 2.402731815613032
6.02529125427073 2.4090989167928196
6.039529187484494 2.4154805992610564
6.053750744035851 2.4218766864751315
6.067955465857545 2.428287000582045
6.082142894810003 2.434711362429349
6.096312572717522 2.441149591576378
