47.30226756670223 10.499028435390427
47.30219970180071 10.499351478339978
47.30200653118607 10.49967241111863
47.30168811369996 10.499991135967147
47.30124454633542 10.500307555798853
47.300675964207365 10.500621574229205
47.29998254051143 10.500933095605147
47.29916448647118 10.501242025034246
47.298222051273804 10.50154826841361
47.29715552199419 10.501851732458535
47.295965223507494 10.502152324730936
47.29465151839016 10.502449953667492
47.2932148068095 10.502744528607549
47.29165552640177 10.503035959820725
47.289974152138896 10.50332415853425
47.288171196183754 10.503609036960004
47.286247207734206 10.503890508321257
47.28420277285577 10.504168486879108
47.28203851430311 10.504442887958595
47.27975509133035 10.504713627974489
47.27735319949025 10.50498062445676
47.274833570422324 10.505243796075694
47.272196971629995 10.505503062666666
47.26944420624681 10.50575834525456
47.26657611279175 10.506009566077825
47.26359356491389 10.506256648612169
47.260497471126186 10.506499517593856
47.25728877452881 10.50673809904264
47.253968452521825 10.506972320284303
47.25053751650747 10.507202109972786
47.24699701158211 10.507427398111922
47.24334801621782 10.507648116076762
47.23959164193396 10.507864196634475
47.23572903295852 10.508075573964833
47.23176136587959 10.50828218368025
47.227689849287025 10.508483962845407
47.223515723404205 10.508680849996415
47.21924025971032 10.508872785159541
47.21486476055302 10.509059709869476
47.21039055875174 10.50924156718714
47.20581901719169 10.509418301717032
47.201151528408715 10.509589859624107
47.19638951416511 10.50975618865016
47.19153442501655 10.50991723812976
47.18658773987021 10.510072959005674
47.18155096553433 10.510223303843816
47.17642563625913 10.510368226847692
47.17121331326959 10.510507683872353
47.16591558428976 10.510641632437833
47.16053406305923 10.510770031742107
47.15507038884149 10.510892842673499
47.14952622592462 10.511010027822612
47.143903263114375 10.511121551493714
47.13820321321968 10.511227379715613
47.13242781253096 10.51132748025201
47.126578820291215 10.51142182261131
47.120658018160135 10.511510378055917
47.1146672096714 10.511593119610984
47.108608219683326 10.511670022072632
47.102482893822945 10.511741062015627
47.096293097923855 10.511806217800514
47.09004071745785 10.511865469580208
47.0837276569606 10.511918799306047
47.07735583945146 10.511966190733276
47.07092720584779 10.512007629426007
47.06444371437365 10.512043102761616
47.057907339963364 10.51207259993458
47.05132007365989 10.512096111959773
47.044683922008346 10.512113631675206
47.03800090644483 10.512125153744202
47.031273062680604 10.51213067465703
47.02450244008206 10.512130192731965
47.01769110104644 10.512123708115805
47.01084112037358 10.512111222783828
47.00395458463396 10.512092740539186
46.997033591533075 10.512068267011752
46.990080249272474 10.512037809656398
46.983096675907554 10.51200137775073
46.97608499870243 10.511958982392258
46.9690473534819 10.51191063649502
46.96198588398086 10.511856354785646
46.95490274119134 10.51179615379887
46.94780008270724 10.511730051872492
46.940680072067146 10.511658069141804
46.93354487809527 10.511580227533441
46.92639667424081 10.51149655075871
46.91923763791592 10.511407064306368
46.91206994983241 10.511311795434857
46.904895793337495 10.511210773163997
46.89771735374875 10.511104028266148
46.890536817688414 10.510991593256843
46.88335637241733 10.510873502384875
46.87617820516868 10.510749791621866
46.86900450248175 10.510620498651312
46.86183744953587 10.510485662857105
46.854679229484795 10.510345325311537
46.847532022791704 10.510199528762781
46.840398006564975 10.510048317621878
46.83327935389508 10.509891737949207
46.826178233192564 10.509729837440455
46.81909680752759 10.509562665412082
46.812037233971026 10.509390272786309
46.80500166293734 10.5092127120756
46.797992237529655 10.509030037366667
46.791011092886826 10.508842304303997
46.78406035553316 10.508649570072897
46.77714214273056 10.508451893382082
46.77025856183369 10.50824933444579
46.76341170964797 10.50804195496543
46.75660367179089 10.507829818110805
46.74983652205674 10.507612988500854
46.74311232178489 10.507391532183977
46.73643311923187 10.507165516617912
46.729800948947485 10.506935010649192
46.72321783115506 10.506700084492168
46.71668577113603 10.506460809707622
46.710206758619165 10.506217259180971
46.703782767174445 10.505969507100067
46.69741575361188 10.50571762893259
46.691107657385494 10.505461701403075
46.6848604000025 10.505201802469522
46.678675884438015 10.504938011299666
46.67255599455539 10.504670408246852
46.66650259453237 10.504399074825564
46.660517528293234 10.504124093686588
46.65460261894715 10.503845548591846
46.6487596682328 10.503563524388868
46.642990455969574 10.503278106984961
46.63729673951541 10.502989383321031
46.6316802532315 10.502697441345102
46.626142707953974 10.50240236998553
46.62068579047276 10.502104259123906
46.6153111630178 10.50180319956769
46.61002046275267 10.501499283022536
46.604815301275934 10.501192602064371
46.599697264130185 10.500883250111183
46.594667910319124 10.500571321394576
46.589728771832654 10.500256910931057
46.58488135318019 10.4999401144931
46.58012713093241 10.499621028579968
46.57546755327148 10.499299750388321
46.57090403954988 10.49897637778261
46.56643797985811 10.498651009265263
46.5620707346012 10.49832374394668
46.55780363408438 10.49799468151505
46.55363797810779 10.497663922205977
46.5495750355706 10.49733156677195
46.54561604408446 10.496997716451652
46.54176220959654 10.496662472939128
46.538014706022146 10.496325938352799
46.534374674887175 10.495988215204356
46.530843224980366 10.495649406367548
46.527421432015586 10.495309615046825
46.524110338304105 10.494968944745914
46.52091095243714 10.494627499236291
46.517824248978634 10.494285382525565
46.514851168168356 10.493942698825801
46.51199261563552 10.493599552521772
46.509249462122916 10.493256048139168
46.50662254322169 10.49291229031275
46.504112659116764 10.492568383754485
46.501720574343175 10.492224433221638
46.4994470175531 10.491880543484875
46.49729268129397 10.491536819296343
46.49525822179748 10.491193365357757
46.49334425877969 10.490850286288515
46.49155137525229 10.490507686593824
46.48988011734497 10.490165670632871
46.48833099413907 10.489824342587031
46.486904477512525 10.489483806428133
46.48560100199612 10.489144165886788
46.48442096464113 10.4888055244208
46.483364724898365 10.488467985183632
46.48243260450867 10.488131650993013
46.48162488740496 10.487796624299593
46.480941819625684 10.487463007155746
46.4803836092399 10.48713090118449
46.47995042628391 10.486800407548518
46.479642402709416 10.486471626919394
46.47945963234341 10.486144659446882
46.4794021708595 10.485819604728443
46.47947003576102 10.485496561778893
46.479663206375655 10.485175629000242
46.47998162386177 10.484856904151723
46.48042519122631 10.484540484320016
46.48099377335436 10.484226465889664
46.4816871970503 10.483914944513723
46.48250525109055 10.483606015084623
46.483447686287924 10.48329977170526
46.484514215567536 10.482996307660335
46.485704514054234 10.482695715387935
46.48701821917157 10.482398086451377
46.488454930752226 10.48210351151132
46.49001421115996 10.481812080298145
46.49169558542283 10.48152388158462
46.49349854137797 10.481239003158866
46.495422529827515 10.480957531797612
46.49746696470596 10.480679553239762
46.49963122325862 10.480405152160277
46.50191464623138 10.48013441214438
46.50431653807148 10.47986741566211
46.506836167139404 10.479604244043175
46.509472765931726 10.479344977452204
46.51222553131492 10.47908969486431
46.51509362476997 10.478838474041044
46.51807617264784 10.4785913915067
46.521172266435535 10.478348522525014
46.52438096303292 10.47810994107623
46.5277012850399 10.477875719834566
46.53113222105425 10.477645930146084
46.53467272597962 10.47742064200695
46.5383217213439 10.47719992404211
46.542078095627765 10.476983843484394
46.54594070460321 10.476772466154037
46.54990837168213 10.47656585643862
46.5539798882747 10.476364077273463
46.558154014157516 10.476167190122455
46.5624294778514 10.475975254959328
46.5668049770087 10.475788330249395
46.57127917880998 10.47560647293173
46.57585072037003 10.475429738401838
46.580518209153006 10.475258180494764
46.58528022339661 10.47509185146871
46.59013531254517 10.47493080198911
46.59508199769151 10.474775081113195
46.6001187720274 10.474624736275054
46.60524410130259 10.474479813271177
46.61045642429213 10.474340356246516
46.61575415327196 10.474206407681036
46.62113567450249 10.474078008376763
46.62659934872024 10.47395519744537
46.6321435116371 10.473838012296257
46.637766474447346 10.473726488625156
46.64346652434204 10.473620660403256
46.64924192503076 10.47352055986686
46.655090917270506 10.47342621750756
46.661011719401586 10.473337662062953
46.66700252789032 10.473254920507886
46.673061517878395 10.473178018046237
46.679186843738776 10.473106978103242
46.68537663963786 10.473041822318356
46.69162902010387 10.472982570538662
46.69794208060112 10.472929240812823
46.70431389811026 10.472881849385594
46.71074253171393 10.472840410692863
46.71722602318806 10.472804937357253
46.72376239759835 10.47277544018429
46.73034966390183 10.472751928159097
46.73698581555337 10.472734408443664
46.74366883111689 10.472722886374667
46.75039667488112 10.47271736546184
46.757167297479654 10.472717847386905
46.76397863651528 10.472724332003065
46.77082861718814 10.472736817335042
46.77771515292776 10.472755299579683
46.784636146028646 10.472779773107117
46.79158948828925 10.472810230462471
46.79857306165416 10.47284666236814
46.80558473885929 10.472889057726611
46.81262238407982 10.472937403623849
46.819683853580855 10.472991685333223
46.82676699637038 10.47305188632
46.833869654854475 10.473117988246377
46.84098966549457 10.473189970977065
46.848124859466445 10.473267812585428
46.8552730633209 10.473351489360159
46.862432099645794 10.473440975812501
46.86959978772931 10.473536244684011
46.87677394422422 10.473637266954873
46.88395238381296 10.473744011852721
46.8911329198733 10.473856446862026
46.89831336514439 10.473974537733994
46.905491532393036 10.474098248497004
46.91266523507996 10.474227541467558
46.919832288025844 10.474362377261764
46.92699050807692 10.474502714807333
46.93413771477002 10.474648511356088
46.94127173099674 10.474799722496991
46.94839038366664 10.47495630216966
46.95549150436915 10.475118202678415
46.96257293003412 10.475285374706788
46.96963250359069 10.47545776733256
46.97666807462437 10.47563532804327
46.98367750003206 10.475818002752202
46.99065864467489 10.476005735814873
46.997609382028564 10.476198470045972
47.00452759483115 10.476396146736786
47.01141117572802 10.47659870567308
47.018258027913745 10.476806085153438
47.02506606577082 10.477018222008065
47.031833215504975 10.477235051618015
47.03855741577683 10.477456507934892
47.045236618329845 10.477682523500956
47.05186878861423 10.477913029469676
47.05845190640666 10.478147955626701
47.064983966425686 10.478387230411247
47.07146297894255 10.478630780937898
47.077886970387276 10.478878533018802
47.084253983949836 10.479130411186278
47.09056208017622 10.479386338715795
47.096809337559215 10.479646237649346
47.10299385312371 10.479910028819203
47.10911374300633 10.480177631872015
47.11516714302935 10.480448965293306
47.12115220926848 10.480723946432281
47.12706711861456 10.481002491527024
47.132910069328915 10.481284515730001
47.13867928159214 10.481569933133908
47.14437299804631 10.481858656797838
47.14998948433022 10.482150598773767
47.15552702960775 10.48244567013334
47.16098394708895 10.482743780994962
47.166358574543914 10.483044840551178
47.17164927480904 10.483348757096332
47.17685443628579 10.483655438054498
47.181972473431536 10.483964790007686
47.18700182724259 10.484276718724294
47.19194096572907 10.484591129187812
47.196788384381534 10.48490792562577
47.20154260662931 10.485227011538901
47.20620218429024 10.485548289730549
47.21076569801184 10.485871662336258
47.21523175770361 10.486197030853607
47.219599002960514 10.486524296172188
47.22386610347734 10.486853358603819
47.22803175945393 10.487184117912893
47.23209470199112 10.48751647334692
47.23605369347726 10.487850323667217
47.23990752796518 10.488185567179741
47.243655031539575 10.48852210176607
47.247295062674546 10.488859824914512
47.250826512581355 10.489198633751322
47.254248305546135 10.489538425072045
47.257559399257616 10.489879095372954
47.26075878512458 10.490220540882579
47.26384548858309 10.490562657593303
47.266818569393365 10.490905341293068
47.2696771219262 10.491248487597097
47.272420275438805 10.491591991979702
47.27504719434004 10.491935749806117
47.27755707844496 10.492279656364385
47.27994916321855 10.492623606897231
47.282222720008626 10.492967496633993
47.28437705626775 10.493311220822525
47.28641151576424 10.493654674761112
47.28832547878203 10.493997753830353
47.29011836230943 10.494340353525043
47.291789620216754 10.494682369485997
47.29333874342266 10.495023697531837
47.2947652600492 10.495364233690736
47.296068735565605 10.49570387423208
47.29724877292059 10.49604251569807
47.29830501266336 10.496380054935235
47.299237133053055 10.496716389125856
47.300044850156766 10.497051415819277
47.300727917936044 10.497385032963122
47.30128612832183 10.497717138934378
47.30171931127782 10.498047632570351
47.302027334852305 10.498376413199475
47.302210105218315 10.498703380671985
47.30226756670223 10.499028435390425
