46.89135881474594 10.490952180663312
46.91782790329455 10.491300663991494
46.897415410449476 10.491699870340359
46.89227646628395 10.493527879575305
46.89063385821136 10.489330420739636
46.88318176856184 10.498248757788714
46.871575378763254 10.496773326109839
46.85504841164627 10.500138696131181
46.83581305065855 10.490465397378088
46.84384099106096 10.486809558727215
46.82795169419413 10.496049659690872
46.82499559649226 10.487964858246464
46.8355656257108 10.496299455355864
46.821945847096345 10.49804388498433
46.820254971445834 10.482378269650246
46.837828983022874 10.487602316185916
46.860701566730114 10.48692976349007
46.87606333810802 10.491633661665785
46.87600206734285 10.49389944707944
46.86779853651524 10.49227138979202
46.870040953229655 10.486040653026903
46.88753997198787 10.492372581468057
46.87610937736339 10.494233157833108
46.889565161133504 10.493032775778364
46.877083329772255 10.507740036246524
46.83931095262887 10.491940153281222
46.84069515769422 10.490152925309832
46.859502829108614 10.488104398055489
46.85173942699688 10.494877395688201
46.83629423485977 10.487144914360869
46.8218981839089 10.497738632089472
46.806408367099095 10.49257127769689
46.805276001004884 10.493464012613659
46.803247351999445 10.502468569105986
46.782384996967664 10.497451072347278
46.75834937453663 10.49506216174387
46.75155268982396 10.486797460828432
46.75264810624816 10.487156127761898
46.7503023196943 10.493640809814451
46.743541325782566 10.49192791869119
46.718927215324484 10.49762143550382
46.68926288062252 10.499560559866017
46.66400752758492 10.49464596093787
46.67021918671724 10.491790471588967
46.667053056468525 10.496619133810418
46.646033185127585 10.494763902940713
46.627603575511905 10.49410396223355
46.60924240654081 10.48425203532413
46.61240765644479 10.477527584002539
46.62653342456919 10.482977902682254
46.6375204883467 10.488386789610729
46.62757713052266 10.495625388805896
46.638204157546134 10.483561402079346
46.63296627364338 10.488149192345249
46.63930973919224 10.487403985129761
46.66134389616068 10.489970436962501
46.64281474728393 10.491782535754568
46.64766749445288 10.481664304080738
46.6558211679316 10.493794553532103
46.64981657292372 10.496163930138772
46.64090276571005 10.49303432454591
46.63268417937814 10.48334797796268
46.647999670081866 10.495379211451217
46.6748765361437 10.482679529918496
46.66513919929187 10.501986788435909
46.670678558798386 10.491390403963909
46.67055329392768 10.488350218678239
46.670864763258244 10.483287733159873
46.69869679635963 10.489172719390313
46.69953628295048 10.490253073210026
46.68987935104753 10.481627984792516
46.68919457050118 10.500960397819968
46.67461914812381 10.489375956154433
46.68321337851941 10.486925902795113
46.676661039858175 10.496170766653028
46.677173090574904 10.48535142696061
46.686173489255154 10.481543970295007
46.69062169090001 10.479058085038464
46.69348817259125 10.493871898281233
46.69169475034606 10.492286364724157
46.67535523757687 10.492529069975006
46.66909455351918 10.498150140464901
46.67868663944751 10.483508588606547
46.68018858136159 10.481339489222483
46.69278748768041 10.486138196831224
46.70993588453075 10.491095082850553
46.70309932600934 10.4945302921647
46.709014639943895 10.48868742083758
46.709025772509584 10.485332107122826
46.692607691678056 10.490318893841742
46.711109122657064 10.475903634394905
46.729707636252684 10.482008288039863
46.77536006833453 10.487195070540704
46.783607761595384 10.487340250890325
46.79653764828521 10.49928063498934
46.798853466631854 10.493891417809365
46.79281963360604 10.493875428165998
46.78795004750525 10.4879291237932
46.779738344719306 10.491161383743075
46.783927920197975 10.497898110361072
46.747265972814745 10.498130570437025
46.71590894693668 10.498867507959574
46.72447840473564 10.491555866319883
46.70293735899589 10.494670904734066
46.69545011056361 10.491993127260097
46.718874947273214 10.477055760724756
46.740364977775336 10.480912992182212
46.72631227346884 10.503034124009721
46.719814641231636 10.49802349430673
46.722955306607226 10.489982088706084
46.73279700941505 10.486008332280454
46.726922476104995 10.499613877243565
46.71520491925261 10.495375050878836
46.695209017594735 10.496268050136946
46.70380788456762 10.493026884140935
46.682722737641846 10.48746637730141
46.688875369200225 10.488923848121429
46.68265216456758 10.491563060936945
46.66146128064082 10.489072153436213
46.66294705483919 10.488634950500982
46.65699079141887 10.496868771650062
46.64423061343474 10.488608464788436
46.65934348745509 10.479670599789738
46.68265667899993 10.475807583430337
46.68410609904204 10.484946298418434
46.70122399373739 10.479615117443775
46.70754354567105 10.4921000010448
46.68193084712887 10.496987541795527
46.671422352933426 10.495748320215123
46.66144677044751 10.493940754679207
46.64252838145181 10.498690074337482
46.63855225027299 10.484597777819216
46.65849114002968 10.481219635615235
46.659612867790976 10.493734953880727
46.654646302042146 10.490459613041583
46.64649706032021 10.492028217175191
46.648145637259844 10.488978385719998
46.642510124254756 10.49436985951618
46.63188581524148 10.485971606326201
46.63087902155991 10.489964857469893
46.622661826323856 10.49079633757566
46.60158162474417 10.495190588299128
46.57924334379076 10.494273085516772
46.59443047382998 10.483693827319973
46.60428321215214 10.48552002071514
46.60876246182442 10.486814600784937
46.59676178355519 10.487030627063275
46.605635635508975 10.489142733883483
46.58977049749326 10.496931016881312
46.597803886920154 10.49717444431939
46.5817863138925 10.487460174535267
46.59967955755069 10.480082145790947
46.598354125748735 10.486403183316536
46.575962173745104 10.492818347890395
46.56596534138428 10.49045206253389
46.577970137120204 10.478535577764653
46.592500730077965 10.485926905728743
46.61783417025757 10.482764655712161
46.642983358066246 10.484001924203291
46.64154922477147 10.48499060311653
46.61750725193364 10.48079150619457
46.63978966670843 10.479822864211908
46.63606656675209 10.482342221916575
46.64515041017056 10.475063192839832
46.677434115481205 10.484628003028554
46.69281315568309 10.489201625331145
46.67559201739892 10.496811438354483
46.668656522595256 10.481055719877975
46.70330078838746 10.484155396805585
46.715560706838346 10.482849513617559
46.72871248509142 10.488852241155374
46.69387667469685 10.505232754568528
46.68188796289953 10.498838985662138
46.701108369857565 10.474106093047679
46.741942369428415 10.48459909482528
46.7167252671227 10.49335776507771
46.720038675883366 10.486364354679843
46.733759879351474 10.487953276493146
46.7366977355325 10.493382262807394
46.72413650568714 10.489916109476896
46.74881180902399 10.491341843838402
46.7610236491004 10.481616988409225
46.78463520285529 10.485300823375654
46.787365557351876 10.496335080122787
46.77685956952968 10.492650762050411
46.76311714569969 10.485320879540915
46.76582075544041 10.49142467576166
46.75836637404741 10.498301106079586
46.73983163075674 10.491214671246995
46.73219378267223 10.49949452181353
46.72323658890947 10.490756385519028
46.721374869110484 10.488050834327627
46.71270801117971 10.49035853134706
46.70065220365308 10.493243781207926
46.689180651654056 10.498432322412647
46.67775753787146 10.490826134536825
46.68726961042741 10.494493273981048
46.66879848862815 10.487632562971868
46.669835018124395 10.483664756018792
46.67471110870355 10.477738311986531
46.72574455009636 10.475391455567701
46.74706740027223 10.482324521197492
46.760523401318366 10.484827086958422
46.77933478351216 10.485868493528677
46.80491515394913 10.480282007470654
46.81575319173869 10.489159489862718
46.84496354902208 10.476933421368036
46.869685373282245 10.491802611599294
46.88120663576804 10.484226201743835
46.89415281405251 10.472003527993047
46.92635171837014 10.478439861591704
46.93198085395175 10.492125389746272
46.92253295014191 10.482995052540653
46.9233869270924 10.500914377993489
46.931718834978874 10.493139572555537
46.928020421039584 10.486347879568447
46.91193381760545 10.501071685519
46.87800965831933 10.50152494421818
46.848610259475855 10.491635828676879
46.857932385736106 10.490001509349494
46.864033347823614 10.489540552734624
46.85417951310174 10.500101662511087
46.835738073138685 10.489795510000592
46.825010230368356 10.497090693883159
46.81051191093667 10.507259005224322
46.790720842788794 10.506950925029141
46.78358389380404 10.491840906076225
46.78027477046721 10.499342937079637
46.767471712415805 10.499668748284519
46.77171202902885 10.491061151650708
46.75936932030987 10.489927895078464
46.7419166770436 10.488796800387929
46.76533012560854 10.489211614026491
46.75596535461593 10.494153827012184
46.74094442499124 10.500704150220013
46.72075809082217 10.48675896445935
46.70956296740737 10.489858916112414
46.70365366156546 10.481444925356083
46.69387759035565 10.491038389473509
46.691991582815646 10.495449692760712
46.68364381421885 10.499083050629272
46.658758246909144 10.495325414903652
46.62909595154232 10.496382550563245
46.611612736058284 10.495436148414147
46.59765426934424 10.488545100655854
46.603495408271485 10.481565792886173
46.62379200853459 10.483950400237957
46.6458210416192 10.485616196573254
46.635736648502345 10.48933079666123
46.63043241177497 10.491199892680557
46.638817685513914 10.484675094138952
46.63986220951377 10.499458268214356
46.631018492640926 10.489482405683576
46.61094613658301 10.487748280139904
46.61685514119196 10.487171784722076
46.62782426939994 10.495637796134195
46.633989855051844 10.490929067466016
46.6175961294847 10.486226201971276
46.6351001628477 10.482131237309249
46.64795063412954 10.493264508833624
46.649387010522005 10.489842326184185
46.66112954162337 10.493013279380001
46.64680852045843 10.492919008344757
46.627980584315786 10.489652695543429
46.61038258289316 10.499033632890864
46.59853294144999 10.489354848337118
46.59157867207562 10.484069952590989
46.58865182451329 10.495087159566296
46.589137185529324 10.482865443457626
46.6311575272091 10.47504351607416
46.655255730079006 10.474790013181396
46.68569182457575 10.490533307103808
46.67200021356222 10.483901169400571
46.67248307769346 10.500161188166077
46.65385092787514 10.485159155976831
46.67344245577461 10.4877340437768
46.6742576274398 10.488802044476008
46.68022528339173 10.483450734942359
46.71298985342949 10.484266870239702
46.71943578715995 10.486504126817485
46.70849340467589 10.492440548353368
46.681992163846736 10.487080268186578
46.68604205612146 10.489495008258153
46.684034242312634 10.490591887397331
46.68088699516319 10.48559964116235
46.67841304256464 10.503246136844757
46.66187379334266 10.496849671708278
46.63849088744725 10.488789222685442
46.641364370810805 10.485384219197513
46.666199137807936 10.480614929772862
46.672376360211324 10.490024182628506
46.66364859870118 10.486710064531076
46.65597871015035 10.498410791003543
46.6410653402725 10.487780202801716
46.6505361999373 10.490906332621254
46.63056832611946 10.487556900448356
46.625226402002674 10.490008310407228
46.62868826579169 10.485548439850502
46.63319003387528 10.482303878169683
46.63299628369529 10.488908766721918
46.61662634478685 10.49519898864187
46.60018280162301 10.491489610585727
46.585624428922046 10.490928273232743
46.60182607649432 10.497036321949112
46.594177481361044 10.488706816107292
46.59709900446894 10.49046303711359
46.5932784850516 10.496449666443242
46.58138833775833 10.498890754883996
46.56459123325043 10.49297834904446
46.57786394192575 10.482020739474622
46.57945494158859 10.482317214751275
46.558477466220765 10.487381175666576
46.53549836169513 10.49471305962896
46.551085278629365 10.480723140325072
46.55290493118856 10.491266521432928
46.53980907938003 10.500426032678298
46.512822187139 10.496429850060187
46.48457416137524 10.48276483953115
46.49425696490909 10.484072070330493
46.5102497424303 10.483769822734782
46.53068666378257 10.473992399703057
46.54484732731329 10.480703448471898
46.591163101216914 10.476860036087784
46.614806326976435 10.483550723815558
46.63254024976046 10.482551895702684
46.636883624230734 10.479958271243795
46.61512610979833 10.493246239726483
46.59875751415895 10.482581610544207
46.609623544838485 10.472245892511376
46.61973178263849 10.491490828773845
46.64399459863225 10.482225368569427
46.641830130113966 10.491957357246921
46.626738605057 10.493695166759284
46.602143275112944 10.495446281260673
46.60045507940933 10.495327121442662
46.61541511563162 10.485535091878754
46.614207522675585 10.480080549654051
46.61185135845824 10.48747904012877
46.61123840992491 10.491960580115364
46.60558935823326 10.485274514786397
46.59646549468551 10.489609469891116
46.57312413162534 10.498890074368855
46.54568063121799 10.498937879437014
46.53629798219939 10.485424960023309
46.54311966544495 10.484909495956817
46.540810750252874 10.486108320360476
46.54984327956967 10.491352852836986
46.545349350926976 10.485296655187328
46.586422079323164 10.476372029642658
46.59382953771148 10.496280120286201
46.58856828092095 10.502614637696114
46.54937982122921 10.50908488873888
46.52284174642725 10.491714366108727
46.53377211276699 10.484747546709183
46.55030120464471 10.477967121054723
46.54023308331754 10.48695543934702
46.5355606942501 10.484329914920917
46.519391107320445 10.48877701362521
46.50430561057655 10.48185063319375
46.52319629331735 10.478132598918048
46.5407814852123 10.47322395025001
46.558839854827234 10.476921183481203
46.57173250195901 10.492441620595846
46.570691162767794 10.480475679434107
46.56650836153403 10.494123404642384
46.57606270356242 10.485789769423393
46.5674330200054 10.489994432968057
46.55426603425717 10.486122153995723
46.540960544348295 10.492884177173055
46.52342048862007 10.49191926051662
46.51762732626098 10.484099546150722
46.513934973261485 10.489374447027188
46.51516999858983 10.489087006761025
46.52075656609309 10.48560688318698
46.53508796095465 10.475898356205668
46.5347541758255 10.486580197063427
46.553701464801165 10.48050715561808
46.57187589054342 10.492575612548988
46.58166629519052 10.491049474301967
46.57983249850925 10.48969256146938
46.55855356826498 10.492274902828777
46.540600985622255 10.491193828883091
46.54313855124457 10.485261337315293
46.55909182467353 10.489705759480398
46.56691949177156 10.486343823180432
46.56288258979403 10.480205964728555
46.566831351424334 10.48426237659611
46.56102553967353 10.491343241820536
46.559674531436016 10.489769450309138
46.56585970137262 10.491715044626044
46.564687894823244 10.483505750558658
46.581511104346895 10.48090996914853
46.59100313145652 10.487530685744318
46.594928671922695 10.494028384532061
46.57344187793083 10.49250726852062
46.55757959826174 10.489333401158074
46.55573446126521 10.481817238913276
46.57451689603625 10.48004704073273
46.58894704227944 10.481842134116144
46.59472731628928 10.488562749145792
46.585174536619604 10.50241604381255
46.58810424230272 10.487115895981379
46.583439936595994 10.489793397306784
46.57362016086792 10.491538521826476
46.56629665609775 10.489770034938944
46.560013492906236 10.48811125285974
46.53941963940675 10.489033770188763
46.52233940074522 10.489006071029532
46.51431386403921 10.486480752910719
46.52320635021208 10.471901888314438
46.54208224177818 10.486921810718073
46.53043562614712 10.487291776126806
46.529836769764074 10.488499347020236
46.53395096027174 10.480152775536697
46.53733786641435 10.491059689817956
46.547659008381466 10.487210423191291
46.5642785820804 10.497856908270682
46.56813875132351 10.480193198552932
46.583053697264646 10.491524858759098
46.576726283520934 10.488417396085069
46.57960052041309 10.482267161889741
46.57987077643235 10.487765830908188
46.551623431399456 10.504151119358623
46.53114346217391 10.491328319599003
46.53724621914073 10.488535725369339
46.52225480124895 10.483976737342216
46.53269523770767 10.491939358854506
46.54435159752484 10.484827805726923
46.53238165368659 10.486513927428541
46.5514629226575 10.486881680023387
46.55454195418522 10.491992320134848
46.576262899457 10.486209995797921
46.57773059159807 10.488115624254775
46.56603114011317 10.486967881133994
46.57967304893231 10.480616166972121
46.58833131095989 10.478939790540252
46.582957334523165 10.473123614361269
46.59516288288372 10.49065597317902
46.58307810406584 10.492543082729405
46.6065437090189 10.486241375161304
46.62118882534983 10.481266420592714
46.61788935324059 10.483719951892812
46.65141389265152 10.483168103440839
46.686415963899826 10.481404979250081
46.69067675717095 10.484614664808745
46.71524443927018 10.485025750057742
46.7294713851339 10.477514120831861
46.7547203609958 10.47845867072606
46.78329985571893 10.487689149921998
46.79693919134352 10.507732148810966
46.78151704859635 10.498018923079453
46.79253470758683 10.484099272180316
46.80702535243499 10.490279919325637
46.793968377253144 10.496100042551125
46.791489409862756 10.488847407794157
46.825800885235516 10.489718705701849
46.83116573900697 10.49286425370246
46.83941186559136 10.494280459592726
46.85348268348367 10.476363029346647
46.84037801514765 10.49574770598212
46.83948377942262 10.498452575148791
46.83034939481971 10.489686273180078
46.821320987863615 10.491543174530934
46.810563687849516 10.497710198880739
46.78084735996375 10.495358101257878
46.77260028856218 10.490927683481967
46.78285276468046 10.491039221041198
46.76871660113864 10.494425894177622
46.761999235886385 10.489070907882736
46.730327444105285 10.493476341284127
46.72464266048915 10.492866142288179
46.75363519085457 10.48930726697214
46.749885044974064 10.496925034136849
46.7503783222732 10.485688502301748
46.77102736620782 10.494048933561215
46.775022905755414 10.490493626631993
46.77073159016665 10.48973018753713
46.77542266767304 10.487507000777516
46.79414149984551 10.478288308498202
46.79669148069804 10.489805984059844
46.80641678742462 10.487518012236086
46.82703976736551 10.481589824212104
46.84602238048439 10.489698003973178
46.84094337152619 10.488275179941972
46.860634732655846 10.481120748923127
46.88942579814496 10.498027028815955
46.886178410540154 10.495813142487798
46.88828109048893 10.49304673107159
46.912861412821776 10.4913412936493
46.90098718801139 10.503950056475086
46.86866101981396 10.502939662667126
46.84543182644969 10.490960067901776
46.85765021607613 10.496623235864323
46.84301164377222 10.498350697703158
46.824179011607086 10.493291716167482
46.813989506003146 10.490562454764362
46.834149145702916 10.488773625776496
46.84164062875494 10.490989864498491
46.85246210092405 10.485033130994733
46.84809647580331 10.495296282071473
46.84646634361371 10.499386425947128
46.826312414460986 10.49393811167539
46.82078094076655 10.491597068059374
46.81501308016767 10.493587642924455
46.82135959091463 10.492436895387296
46.79983100671993 10.491918909647671
46.80048017807478 10.491587750238846
46.79584068020393 10.49635655945876
46.799061628448875 10.485855902498463
46.799816556641126 10.481622297800778
46.81110318551349 10.484209663143595
46.824133054249714 10.47976665962413
46.83322217385926 10.49008036913548
46.84272223888461 10.482002356929907
46.86200676016323 10.488265684263247
46.87029288365104 10.490953611715717
46.886972246008405 10.48825229827761
46.8877102046092 10.48832310278038
46.881307812764376 10.498564865975359
46.861023189486424 10.495264239688767
46.82627459370782 10.502362023194348
46.81166265232888 10.491596493750587
46.813260874327796 10.492431417976453
46.82617481609864 10.472167174693459
46.85183677133671 10.483853988912816
46.85424971035552 10.490129743768483
46.86498363865247 10.491529594342843
46.86938487529644 10.490843452473374
46.87145435210991 10.490011734233777
46.89549448119406 10.490988429607633
46.89245446361173 10.490519959492453
46.89508564119919 10.486750125267998
46.91970337400068 10.49003165800822
46.92119138580529 10.4906700288379
46.92737581537018 10.487734278076374
46.946165976629956 10.497536181239056
46.92173498227199 10.498801972949451
46.92688028272035 10.493542999727064
46.90655719063644 10.50130449707661
46.89482425820836 10.502128734735225
46.883724840465675 10.50538354614139
46.85086158892553 10.494786681366856
46.83530936999311 10.50031457935221
46.835446965559775 10.491738696969819
46.84249039942811 10.48671116454499
46.832922682132434 10.485903058555524
46.824103582729954 10.496018172711912
46.80986755478294 10.4932267419351
46.81411624250768 10.499475909722225
46.78626327814939 10.503222381071717
46.77305863939341 10.490949082601224
46.76934370285914 10.486485132973495
46.77450395490279 10.49135200138012
46.761397215392435 10.486707727526785
46.78623504784961 10.481639085280472
46.80584534600753 10.494885560568223
46.79924718389619 10.49609566754906
46.77058002126149 10.500881933742404
46.75581229238469 10.493769368552758
46.74493778700446 10.500145393632028
46.733830086071364 10.48770647605777
46.75221781606116 10.495517654624784
46.72859945419032 10.49554473426227
46.72757337850765 10.485883158743585
46.72683035926335 10.494802797987628
46.71196387270688 10.495246733085128
46.722967026819056 10.479615862465685
46.74700199638148 10.496946705186373
46.748012444685884 10.485079260367893
46.73320707842248 10.493889393737518
46.719888240735955 10.489427929646302
46.70407890997054 10.504817008385304
46.68121317856835 10.496185858750758
46.68997825396195 10.482488050987499
46.702267827653046 10.493644917023845
46.67313081839122 10.491618328671047
46.668526800277085 10.493135446733483
46.67317550361071 10.48082260493356
46.670650424631845 10.487899971084222
46.65370053335742 10.487503773115867
46.64804148828514 10.493140574447262
46.651368435450344 10.496232943958825
46.64292009264604 10.489162900393444
46.65249164443077 10.481692408105388
46.66380993170474 10.48916355971937
46.66575014991549 10.494314630606924
46.658026792872946 10.486583358472634
46.64607609052321 10.492515618449444
46.61672567603806 10.49548757325856
46.57258513628053 10.49018760113075
46.55837972757275 10.48810704171014
46.562828479580816 10.482866809633535
46.58938601062072 10.484164660247636
46.58871410921454 10.49040467521144
46.595770294003835 10.494105275920619
46.5807705470665 10.48382276645266
46.601998655149316 10.477333272889638
46.62166653652985 10.487191641014977
46.60621640826537 10.495598487514394
46.59065242804621 10.49770013214182
46.56105937194224 10.485924359649157
46.563893889329734 10.480974047201377
46.58969394188951 10.488238569762597
46.61133567114268 10.490105968441727
46.59332893555168 10.485523672875203
46.592905011901905 10.48870713901275
46.60691479262166 10.486152449641551
46.61910045442974 10.48363966469269
46.61661624340802 10.483125181437309
46.63038665754468 10.477629835845368
46.66143093759498 10.490708628912559
46.64508801249082 10.492276049939065
46.64938287748672 10.493158656468706
46.636407840660034 10.493573122352819
46.632743103479015 10.488553284964214
46.66023931426217 10.479920095769623
46.688983111867856 10.486543287799403
46.68472121053621 10.495621074162255
46.650628004823325 10.50101052905001
46.65025931434281 10.489811330203192
46.66386465693576 10.477903258257552
46.67822115607593 10.474532021335804
46.70009403569687 10.485835158515188
46.70738808510564 10.48503113503156
46.737932262992686 10.487464790349714
46.75634358198487 10.492239111519563
46.74077379369505 10.490901041249346
46.71213009063106 10.487025677087217
46.73476223187395 10.477985289285964
46.72784766733141 10.491314607774193
46.68824879522727 10.500939309028007
46.702505818591966 10.48027727477456
46.73419317096915 10.476049772626844
46.76110121638688 10.48681219862356
46.75856703666068 10.495084214759972
46.76667638574698 10.491372220761729
46.76665481097494 10.491412013949686
46.76860933143514 10.495326416037413
46.756277595777156 10.49059359731397
46.75348170784861 10.494433683693362
46.720784462514395 10.487499118627325
46.73970609243047 10.483073672564876
46.72770349223948 10.499534028751233
46.69079016628147 10.501097854089425
46.69708022322409 10.483823377220165
46.691228648657265 10.486213180685699
46.69623253038861 10.482777421565405
46.687760107443374 10.49765933619988
46.68961213776708 10.48516908026624
46.67733566202434 10.485406709508045
46.68371160899095 10.489068107732328
46.67593794971588 10.478054944723038
46.68881050027506 10.488114447681264
46.681568333068356 10.481038274308233
46.70833260978266 10.483561908999606
46.722260796359734 10.484247615488094
46.74874492132693 10.47442722101264
46.79187564515235 10.478547030610171
46.82774678301527 10.486320553812194
46.846201202387554 10.483467662969565
46.843868725447976 10.486869813583493
46.82922812807691 10.495579019407971
46.814653606143516 10.498803641189724
46.79185729935687 10.491023100289395
46.8027012351463 10.483254008919022
46.82761637520131 10.490644361354892
46.83204536327823 10.475970259515794
46.834574515934996 10.491471278064324
46.82947829779509 10.495967658995717
46.848935052581865 10.487826515189411
46.87549382082352 10.49619986003094
46.88661984860465 10.483883920448461
46.9011559099639 10.49186765857433
46.891838507226005 10.491472540712492
46.90555011633769 10.485772961019363
46.904962416098286 10.490930061586674
46.9228437957739 10.492646051219731
46.95818108206911 10.493899591328855
46.95528703364564 10.4863414557485
46.96370439139892 10.489319663737067
46.953473071047576 10.494627442316427
46.936986510413085 10.487247530131636
46.94368074465054 10.483210409206986
46.94027028685708 10.492567879068133
46.93484120870599 10.490963644130519
46.94311796199308 10.493640441780624
46.937175116604486 10.493155236399028
46.93829688113568 10.488097669799885
46.940073443209236 10.497404234039035
46.96596165631113 10.487944911787906
46.95823833141142 10.492662862936351
46.978446335417225 10.492865010584037
46.981421054634275 10.482985979123391
47.00547972596245 10.496814085593776
46.98535287930844 10.498901475782608
46.96948272627765 10.493138571124893
46.97696655900417 10.48775750091294
46.97913159688845 10.491406442037306
46.96832577188438 10.490743924113328
46.95907571364967 10.50029936030184
46.95317748538104 10.481981637224454
46.96764492180636 10.490046942822074
46.96781234839866 10.490344488544574
46.95213555049235 10.502942212359184
46.94444873906901 10.489820064035968
46.93126353596478 10.49449973648696
46.91170109838391 10.49653981484745
46.90551319176573 10.490365890757788
46.91479504550671 10.491825958147292
46.926827740108486 10.498827458853663
46.89516016985586 10.506306077808913
46.87006871596223 10.495677515563147
46.866449537973054 10.508295385465866
46.85579700325602 10.495006156460544
46.828705192309776 10.49724174805276
46.82119087412672 10.490173266147885
46.80904942593692 10.491455825259454
46.813602084849244 10.483057069656413
46.83065112456965 10.48764423943283
46.851998655771915 10.49344444136012
46.83935492990018 10.495875704573812
46.820080583974935 10.501854687649157
46.80435912764816 10.497251140823947
46.80954663980738 10.486752256350597
46.816781203451775 10.49382916518278
46.82730923868568 10.485096487301194
46.81838655836623 10.490427015559682
46.818031556928375 10.4842425256653
46.82380350761793 10.488464308525177
46.803167596774934 10.4886497465007
46.8241481986746 10.478869788792123
46.82924032125494 10.48397614920798
46.84152222513321 10.484977593496177
46.85656929168883 10.487889963250936
46.886102393779 10.480190525047838
46.91492024362306 10.491176387021508
46.92163092777063 10.49230481900578
46.93882430205554 10.49368281362773
46.936078821394695 10.49350227742234
46.95507111347366 10.491034950917285
46.987973692891295 10.490192749062498
46.98360226457311 10.490192029956425
46.97968706425802 10.506490908553712
46.96020513923055 10.505906357957517
46.97001875977357 10.485078963336829
46.99127270077586 10.489280935602403
46.98710255358272 10.494441941470921
46.96002609911052 10.49752153003412
46.95946677168375 10.483791049408595
46.96540078750682 10.487921889664221
46.94387353761702 10.50337415245805
46.955774045764734 10.501385393350358
46.95305318731002 10.487164931976915
46.966840645231855 10.487020472596008
46.97677929361854 10.496535345900806
46.94966126358925 10.493418439492787
46.95939172092511 10.485229509183938
46.979284496000226 10.490669997056568
46.96795078355312 10.502190801569924
46.969131161136566 10.494057662101206
46.96316690239511 10.49987708136623
46.94991199880626 10.508770979098076
46.93069982704355 10.494346151681503
46.92069715233069 10.499996649755378
46.91529192477242 10.496136094017345
46.90860877840914 10.49603408320074
46.890450195086174 10.497797359653097
46.89659229217626 10.493512792390328
46.896167608736725 10.49480456495454
46.88950491844479 10.504813772879535
46.86825460356517 10.49022015432475
46.86867842267461 10.49043056522448
46.878458907182036 10.492291043946096
46.874018612168754 10.495232204643688
46.876644165891285 10.479551886083792
46.89863554167337 10.48121852216556
46.91539811891137 10.483807792699363
46.91955634908924 10.48117679704491
46.94097314220353 10.490077381293517
46.92830338564605 10.497674962396617
46.93553058584901 10.49616373514686
46.938682711978394 10.490729812641005
46.93984364561394 10.493857900076607
46.95474150820581 10.480907764386462
46.962838122856176 10.495598854478226
46.95566293802438 10.495250301886749
46.938926002805765 10.494428324626885
46.94083121849062 10.490581213877515
46.965422619336294 10.489528957698102
47.00720703265234 10.48900710216062
46.99851758165422 10.49860221772359
46.9951703583354 10.500482253846346
46.98130757990897 10.49265161667514
46.98231652734112 10.485471642603613
47.00904471623705 10.485451792998838
47.035272876158956 10.490114580831563
47.04274905243232 10.503141705909584
47.03822284042723 10.505456906174814
47.03127305681069 10.490923486534289
47.01678902357576 10.493742458783464
47.01871664546755 10.497955385472064
47.02599752472481 10.492320074099736
47.03407345868631 10.494830716199896
47.04729891077905 10.495249253310835
47.052753518949395 10.49742974903089
47.059365528664266 10.505387642838794
47.0493609632877 10.500900914523623
47.02319684646962 10.496550911745265
46.98863911932654 10.504408738269401
46.97270763574749 10.496739849311084
46.94828726089013 10.501845823425986
46.920457472897205 10.503700948627165
46.91115220736396 10.496875288039421
46.91524372725087 10.493356359258193
46.90035532492921 10.490178514360178
46.893429258764655 10.499941811129323
46.88672293394165 10.490511337207286
46.91719298024415 10.481083898083583
46.95669324056139 10.48444874113848
46.98569309457004 10.489463774021806
46.990522892478914 10.495352577550296
47.017409183609715 10.488859278315969
47.00606245284688 10.495844467580504
47.001169626267455 10.49322429207437
46.97722582413773 10.506239331375493
46.96118380073869 10.496358897800391
46.95548559386091 10.502425025205405
46.919160627004125 10.497071563351257
46.927768816644225 10.497886001542486
46.92373112235792 10.497711335907054
46.913381633764544 10.490823875989753
46.89185010609008 10.490801540646986
46.910691456783226 10.48639250143581
46.930063672009666 10.478187590289487
46.95646956454176 10.49546304278837
46.94654839854802 10.48874556330054
46.96793123587409 10.485398028165276
46.986361458770226 10.4887568249502
46.99877596416694 10.487851501121419
47.02421914656603 10.490865043706618
47.01865066706894 10.491900803025002
47.0315161920279 10.49801252875907
47.01252642728441 10.498555519466633
46.99983434283215 10.50075227256371
46.98131360723965 10.498611801001642
46.97764132665268 10.486869186689992
46.99593067032329 10.49664249459311
47.03173066220478 10.490801121449318
47.03596281522604 10.48297542240675
47.043181586725225 10.4999766959384
47.03644317599921 10.498419432217803
47.02696654997174 10.491682196240532
47.05882061353556 10.495801392791051
47.0634845599955 10.499417441954462
47.06929765444875 10.483377156694655
47.08633448213 10.494679493481799
47.096286897566415 10.485121210630918
47.11149117286633 10.493153455631697
47.11762826654376 10.494528815094199
47.11193293699334 10.495113004306338
47.138917229119016 10.49167407413257
47.14134058312174 10.502764104937508
47.116722046234415 10.500366736958792
47.10869163695229 10.49923903587257
47.11369748237199 10.499224191603508
47.1099022341777 10.49750615081842
47.126404564100135 10.496593420948917
47.106661207545244 10.501571838658613
47.090588918570944 10.500096150988794
47.084898293556506 10.49589294416333
47.07539378473844 10.4898283984072
47.079885704283654 10.497431143108496
47.088258695034554 10.489107166409154
47.10666990400105 10.486008900947068
47.10024419847413 10.49203073502427
47.08990971530989 10.495330612334836
47.09553524599859 10.50282050801895
47.09668695347535 10.49175214948126
47.10368778615815 10.499853421210515
47.09777650402324 10.48855484618956
47.10086698379999 10.499189152510699
47.091479252655986 10.483300736575062
47.10077234576652 10.490889605689397
47.11893722147479 10.491546496193562
47.12622007459276 10.496838285147376
47.11636114738635 10.497541885119011
47.126287418446495 10.490197595518756
47.13209931365738 10.500173644141237
47.11595190022497 10.492663411431392
47.12286234102837 10.491897920993097
47.120994248529406 10.495413424073764
47.1276854566548 10.494367954378092
47.11982230903666 10.492112231013317
47.127840273223036 10.493661917623923
47.1382838559492 10.494191779966474
47.158836158503505 10.484787813688985
47.183358153279194 10.48926465235808
47.19359775192496 10.499727682460477
47.176312018185456 10.499331145614338
47.14798600774567 10.507506914322361
47.13708050731216 10.497767182465363
47.13007917277344 10.49710088358193
47.125340267180725 10.4921538912065
47.13467672885643 10.491685420026187
47.14915586625663 10.491163320452221
47.14369800206413 10.503524212167306
47.14126246612073 10.490999797196793
47.14701414063393 10.488168366256698
47.13781956166523 10.498725359459751
47.14001761513565 10.492972918938793
47.16283804545482 10.49698120554942
47.15963562901431 10.498971118446974
47.14542811720935 10.499514711107777
47.15930592823245 10.491877008969157
47.142861319217566 10.499735138838123
47.13441149311659 10.504177793478913
47.136460224150426 10.505665844969165
47.09938910986636 10.500127598629101
47.07135619080401 10.492496506609147
47.05382160483816 10.49862467061237
47.031321671926406 10.495977069426855
47.017630690883905 10.49439114671726
47.01256460250041 10.495901339278229
46.98705211138515 10.50487696860064
46.97219228343065 10.501765636662403
46.96091107210493 10.489293760707056
46.976180430892676 10.481116279174241
46.98462735836117 10.49299849485261
46.98680894523089 10.48545283854273
46.9886611908994 10.495399329772223
46.99595109516738 10.487014528413509
47.000902846083264 10.497489640455681
46.96530090765916 10.502532228438374
46.94875573561837 10.498496934387783
46.94029488906056 10.493429747740427
46.94923187296222 10.493516418596286
46.94972698862778 10.485910162022018
46.95754461857809 10.492691953060293
46.96146380177148 10.485858557787095
46.95442575943717 10.494882763176513
46.93812288691676 10.497202723012933
46.9320258983781 10.483217996428992
46.91614587902125 10.492560501448207
46.921499658217954 10.480987892398009
46.9328682575682 10.48989066981657
46.93194613429054 10.49387953279907
46.93901733154363 10.493573710598403
46.93225763687128 10.49617242324015
46.920852450427404 10.496756452104181
46.90758081497567 10.495792911261923
46.90926440948897 10.495816741924914
46.88362433831412 10.493781746778682
46.88966915731411 10.488794874279673
46.89219136100523 10.497254600344608
46.90363300147737 10.48315539579633
46.91881304754576 10.48291407430919
46.93368308646792 10.488002353735746
46.957928230142166 10.492361593780997
46.96989356100656 10.495966987974626
46.96456956485392 10.497756219433818
46.97802980979232 10.490332630705673
47.00434986697215 10.482024881464563
47.019597550939466 10.503289722085096
46.99204853275601 10.50471280740495
46.98731423094596 10.499208522394095
46.978300669722714 10.493247257536101
46.972354913302894 10.495428725063002
46.968030355767446 10.493393495225334
46.96696341635371 10.492189909559528
46.98540736999384 10.492510373966855
46.99475577123812 10.49880970551161
46.98721452573788 10.49600233246565
46.97344924173626 10.498209781129228
46.95757729451164 10.504842200388005
46.92238835393295 10.506218102297435
46.902338323834414 10.508526282925668
46.88742607828314 10.488877903418546
46.8957726555555 10.4860754172715
46.89846120408409 10.494932495199249
46.88976002524572 10.49555354850464
46.86726005956716 10.491118686768917
46.882453638772894 10.481161933857706
46.88404820979281 10.482929242428728
46.89899633332667 10.483089031142514
46.89706460233516 10.496097271385693
46.88253028912236 10.496702614541302
46.88516641453922 10.491044633567427
46.8931220193091 10.487538411342285
46.89526095468268 10.489648655731905
46.90792829865378 10.489398326256763
46.92215814861544 10.492520068900076
46.91247857465467 10.486685586382652
46.918969201173326 10.492740474525862
46.935620822054815 10.495038970128126
46.944742207899715 10.489307939710717
46.9488085777744 10.478623812279409
46.95708511857246 10.490465107840865
46.958554981542704 10.495360791432232
46.95859568288367 10.49452888705088
46.95474260352344 10.501429809298331
