7.322293031314831 2.34287618625112
7.346488869248699 2.3521482108803125
7.3706811908300995 2.361449899408609
7.3948691909894935 2.37078098663423
7.419052063474936 2.3801412036381686
7.443229000946878 2.389530277797402
7.4673991950735115 2.3989479327991265
7.491561836626643 2.4083938886560117
7.515716115578071 2.417867861722488
7.539861221196433 2.4273695647120586
7.563996342144516 2.4368987067156525
7.588120666576989 2.446454993221006
7.6122333822385455 2.456038126133089
7.636333676562418 2.465647803795566
7.660420736769255 2.4752837210133016
7.6844937499663155 2.4849455690759052
7.708551903246978 2.494633035782317
7.732594383790513 2.5043458054664356
7.756620378962117 2.514083559023787
7.780629076413157 2.5238459739392316
7.804619664181625 2.5336327243157077
7.82859133079275 2.5434434809040116
7.852543265359759 2.553277911133609
7.87647465768475 2.563135679144476
7.900384698359654 2.5730164458199654
7.9242725788672566 2.5829198688206922
7.948137491682247 2.59284560261944
7.971978630372278 2.602793298537074
7.995795189698999 2.6127626047794603
8.019586365719032 2.6227531664753867
8.04335135588488 2.632764625715474
8.067089359145708 2.642796621592073
8.090799576048008 2.6528487902401383
8.114481208836084 2.662920764879073
8.138133461552346 2.6730121758555323
8.16175554013739 2.683122650687178
8.185346652529816 2.6932518141073767
8.208906008765778 2.7033992881108277
8.23243282107822 2.7135646920001104
8.255926303995778 2.7237476424331426
8.279385674441324 2.7339477534715364
8.302810151830103 2.7441646366298382
8.326198958167472 2.754397900925641
8.349551318146176 2.764647152930559
8.372866459243145 2.774911996822044
8.396143611815805 2.785192034436036
8.41938200919784 2.7954868653204326
8.442580887794403 2.8057960867893543
8.465739487176743 2.816119293978204
8.488857050176211 2.8264560798994918
8.51193282297764 2.836806035499417
8.534966055212037 2.847168749715185
8.557956000048602 2.8575438095330483
8.580901914286018 2.8679308000470467
8.603803058442997 2.8783293045184344
8.626658696848047 2.8887389044357725
8.649468097728455 2.899159179575669
8.672230533298443 2.909589708064148
8.694945279846467 2.920030066438627
8.71761161782166 2.930479829710482
8.740228831919373 2.940938571428184
8.762796211165782 2.951405863740981
8.785313049001577 2.961881277463109
8.807778643364664 2.9723643821385077
8.830192296771886 2.9828547461060215
8.852553316399728 2.993351936565062
8.87486101416399 3.003855519641713
8.897114706798401 3.014365060455251
8.919313715932162 3.0248801231850657
8.941457368166382 3.0354002711379473
8.963544995149402 3.0459250668157285
8.985575933650972 3.056454071983251
9.007549525635287 3.0669868477366355
9.029465118332825 3.0775229545718297
9.051322064310998 3.088061952453414
9.073119721543597 3.098603400883637
9.094857453478987 3.109146858971659
9.116534629107077 3.1196918855029794
9.138150623025002 3.1302380390090208
9.159704815501533 3.1407848778368503
9.181196592540195 3.1513319602190077
9.202625345941065 3.161878844343421
9.22399047336125 3.172425088423382
9.245291378374013 3.182970250767556
9.266527470526563 3.1935138898500046
9.287698165396458 3.204055564380194
9.308802884646644 3.214594833372964
9.329841056079095 3.2251312562184355
9.350812113687057 3.235664392751829
9.371715497705871 3.2461938033231705
9.392550654662378 3.25671904886686
9.41331703742289 3.267239690971079
9.434014105239727 3.277755291947013
9.45464132379629 3.2882654148978623
9.475198165250688 3.2987696237876163
9.495684108277898 3.3092674835095743
9.516098638110446 3.31975855995458
9.536441246577628 3.3302424200789496
9.556711432143231 3.340718631972074
9.576908699941775 3.3511867649236637
9.597032561813263 3.3616463894906197
9.617082536336433 3.372097077563504
9.637058148860515 3.3825384024325915
9.656958931535485 3.3929699388534726
9.676784423340818 3.4033912631121934
9.696534170112738 3.413801953089907
9.716207724569957 3.4242015883270116
9.735804646337916 3.4345897500867633
9.755324501971524 3.4449660214183297
9.774766864976378 3.455329987219277
9.794131315828505 3.465681234297457
9.813417441992582 3.4760193514322886
9.832624837938674 3.4863439294353986
9.85175310515747 3.4966545612106152
9.870801852174036 3.5069508418132878
9.88977069456007 3.5172323685089184
9.908659254944693 3.527498740831083
9.927467163023751 3.5377495606386304
9.946194055567656 3.547984432172134
9.964839576427757 3.5582029621095868
9.983403376541263 3.5684047596213175
10.001885113934707 3.578589436424117
10.020284453725981 3.5887566068345524
10.038601068124933 3.598905887821462
10.056834636432535 3.609036899057609
10.074984845038651 3.6191492629704842
10.093051387418386 3.629242604792243
10.111033964127056 3.6393165526087614
10.128932282793762 3.6493707374078013
10.146746058113601 3.6594047931262703
10.164475011838514 3.669418356696565
10.182118872766786 3.679411068091987
10.199677376731211 3.689382570371219
10.217150266585936 3.6993325097218523
10.234537292191991 3.7092605355029566
10.251838210401532 3.7191663002866786
10.269052785040794 3.729049459898866
10.28618078689178 3.7389096734587035
10.303221993672704 3.748746603417358
10.320176190017182 3.7585599155956197
10.337043167452219 3.768349279220538
10.353822724374972 3.7781143669610415
10.370514666028344 3.7878548549625397
10.387118804475383 3.7975704228804985
10.403634958572539 3.8072607539129852
10.420062953941777 3.8169255348321802
10.43640262294156 3.8265644560148497
10.452653804636745 3.836177211471777
10.468816344767363 3.84576349887615
10.484890095716366 3.8553230195909
10.500874916476285 3.8648554786949956
10.516770672614882 3.8743605850086835
10.532577236239778 3.8838380511176798
10.54829448596208 3.8932875933963103
10.563922306859043 3.9027089320295993
10.579460590435765 3.912101791034309
10.594909234585948 3.9214658982789277
10.610268143551735 3.9308009855026125
10.625537227882655 3.940106788333084
10.640716404393684 3.9493830463034767
10.655805596122446 3.958629502868154
10.670804732285578 3.9678459054174775
10.685713748234264 3.9770320052915498
10.700532585408983 3.9861875577929236
10.715261191293468 3.9953123221982874
10.72989951936791 4.004406061769131
10.74444752906142 4.013468543761394
10.75890518570377 4.0224995394341105
10.773272460476438 4.031498824057046
10.787549330362978 4.040466176917338
10.801735778098726 4.049401381325153
10.815831792119866 4.058304224618353
10.829837366511887 4.067174498166193
10.84375250095744 4.076011997372052
10.857577200683608 4.084816521675202
10.871311476408637 4.0935878745516305
10.88495534428812 4.102325863513921
10.898508825860658 4.111030300110202
10.91197194799304 4.119700999922173
10.925344742824942 4.128337782562222
10.938627247713159 4.136940471669636
10.951819505175413 4.14550889490592
10.96492156283374 4.154042883949242
10.977933473357485 4.162542274488001
10.9908552944059 4.171006906213537
11.003687088570413 4.179436622811994
11.016428923316536 4.187831271955348
11.029080870925462 4.196190705291613
11.04164300843536 4.204514778434228
11.054115417582386 4.21280335095065
11.066498184741437 4.221056286350158
11.078791400866653 4.22927345207088
11.090995161431694 4.237454719466064
11.103109566369815 4.245599963789591
11.11513472001374 4.253709064180758
11.127070731035383 4.261781903648338
11.138917712385386 4.269818369053927
11.150675781232547 4.277818351094596
11.162345058903114 4.285781744284864
11.173925670819978 4.293708446937998
11.185417746441782 4.301598361146659
11.196821419201962 4.309451392762906
11.208136826447728 4.317267451377576
11.219364109379017 4.325046450299049
11.230503412987424 4.332788306531409
11.241554885995123 4.340492940752028
11.2525186807938 4.3481602772885735
11.263394953383616 4.355790244095463
11.274183863312206 4.36338277272977
11.284885573613742 4.370937798326609
11.29550025074805 4.378455259574003
11.30602806453983 4.385935098687248
11.316469188117967 4.393377261382798
11.326823797854944 4.400781696851677
11.337092073306405 4.408148357732428
11.347274197150835 4.415477200083629
11.357370355129403 4.422768183355971
11.36738073598597 4.430021270363929
11.377305531407272 4.437236427257025
11.387144935963295 4.444413623490713
11.39689914704785 4.451552831796884
11.40656836481937 4.458654028154014
11.416152792141915 4.46571719175697
11.425652634526436 4.4727423049864825
11.435068100072273 4.4797293533783
11.444399399408914 4.486678325592042
11.45364674563802 4.49358921337976
11.462810354275737 4.50046201155422
11.471890443195292 4.507296717956924
11.480887232569891 4.514093333425879
11.48980094481592 4.520851861763128
11.498631804536469 4.527572309702059
11.50738003846518 4.534254686874499
11.516045875410432 4.540899005777612
11.524629546199865 4.5475052817406025
11.533131283625261 4.55407353289126
11.541551322387788 4.560603780122323
11.549889899043595 4.567096047057706
11.558147251949805 4.573550360018588
11.56632362121087 4.579966747989365
11.574419248625327 4.5863452425835005
11.582434377632943 4.592685878009262
11.590369253262264 4.598988691035378
11.598224122078573 4.6052537209566005
11.60599923213227 4.6114810095592125
11.613694832907647 4.617670601086465
11.621311175272123 4.623822542203977
11.628848511425876 4.6299368819650875
11.636307094851936 4.636013671776189
11.64368718026671 4.642052965362041
11.650989023570942 4.648054818731078
11.658212881801138 4.65401929014072
11.665359013081437 4.659946440062696
11.672427676575937 4.665836331148389
11.67941913244149 4.671689028194216
11.686333641780951 4.677504598107043
11.693171466596906 4.683283109869659
11.699932869745863 4.689024634506297
11.706618114892919 4.694729245048234
11.713227466466906 4.700397016499455
11.719761189616015 4.706028025802409
11.7262195501639 4.7116223518038565
11.732602814566263 4.71718007522081
11.73891124986793 4.72270127860659
11.745145123660413 4.72818604631699
11.751304704039955 4.733634464476567
11.75739025956607 4.739046620945059
11.763402059220581 4.7444226052839396
11.769340372367127 4.7497625087231174
11.775205468711194 4.755066424127781
11.780997618260612 4.7603344459654044
11.786717091286569 4.765566670272911
11.7923641582851 4.770763194624006
11.797939089939087 4.77592411809669
11.803442157080742 4.781049541240938
11.808873630654594 4.786139566046578
11.814233781680961 4.791194295911355
11.819522881219928 4.796213835609187
11.824741200335808 4.801198291258629
11.8298890100621 4.806147770291536
11.834966581366945 4.811062381421941
11.839974185119061 4.815942234615147
11.84491209205418 4.820787441057036
11.84978057274197 4.825598113123607
11.85457989755344 4.830374364350731
11.859310336628843 4.83511630940415
11.863972159846048 4.839824064049702
11.868565636789413 4.844497745123787
11.873091036719122 4.849137470504078
11.877548628541025 4.853743359080472
11.881938680776923 4.8583155307262915
11.88626146153536 4.862854106269743
11.890517238482873 4.867359207465618
11.894706278815717 4.871830956967258
11.898828849232055 4.876269478298784
11.902885215904622 4.880674895827572
11.906875644453848 4.885047334737007
11.910800399921444 4.889386920999499
11.914659746744446 4.893693781349761
11.91845394872972 4.8979680432583645
11.922183269028913 4.902209834905563
11.92584797011386 4.906419285155389
11.929448313752436 4.910596523530022
11.932984560984854 4.9147416801844415
11.936456972100407 4.918854885881348
11.939865806614641 4.922936271966367
11.94321132324697 4.926985970343527
11.946493779898724 4.931004113451027
11.949713433631617 4.9349908342372775
11.952870540646648 4.938946266137222
11.955965356263428 4.942870543048946
11.95899813489991 4.946763799310566
11.961969130052548 4.950626169677398
11.964878594276867 4.954457789299417
11.96772677916843 4.958258793698991
11.970513935344224 4.962029318748905
11.973240312424432 4.965769500650664
11.975906159014615 4.969479475913081
11.978511722688276 4.97315938133115
11.98105724996983 4.976809353965193
11.983542986317934 4.980429531120304
11.985969176109228 4.98402005032606
11.988336062622432 4.987581049316522
11.990643888022834 4.9911126660105145
11.992892893347134 4.994615038492184
11.995083318488664 4.998088304991837
11.997215402182968 5.001532603867057
11.999289381993744 5.004948073584098
12.001305494299137 5.008334852699554
12.003263974278385 5.011693079842308
12.005165055898813 5.015022893695749
12.007008971903167 5.018324432980264
12.008795953797296 5.0215978364360065
12.01052623183816 5.02484324280593
12.01220003502217 5.028060790819091
12.013817591073863 5.031250619174227
12.0153791264349 5.034412866523587
12.016884866253369 5.037547671457043
12.018335034373429 5.040655172486454
12.019729853325241 5.043735508030294
12.021069544315223 5.046788816398544
12.022354327216604 5.049815235777834
12.023584420560278 5.052814904216857
12.024760041525951 5.055787959612016
12.025881405933587 5.058734539693346
12.02694872823514 5.061654782010673
12.027962221506566 5.0645488239200285
12.028922097440123 5.06741680257031
12.029828566336938 5.07025885489019
12.030681837099863 5.073075117575258
12.03148211722658 5.075865727075424
12.032229612802986 5.078630819582541
12.032924528496839 5.081370531018276
12.033567067551653 5.084084997022217
12.034157431780853 5.086774352940209
12.034695821562183 5.0894387338129246
12.03518243583235 5.0920782743646615
12.035617472081928 5.094693108992369
12.036001126350483 5.097283371754899
12.036333593221947 5.099849196362477
12.036615065820216 5.102390716166401
12.036845735804985 5.104908064148946
12.037025793367794 5.1074013729135
12.037155427228313 5.109870774674903
12.037234824630831 5.1123164012499975
12.037264171340961 5.114738384048396
12.037243651642566 5.117136854063448
12.03717344833488 5.119511941863417
12.037053742729839 5.121863777582855
12.036884714649617 5.124192490914184
12.036666542424344 5.126498211099465
12.03639940289004 5.128781066922375
12.03608347138672 5.131041186700369
12.035718921756692 5.133278698277032
12.03530592634305 5.13549372901463
12.034844655988332 5.137686405786832
12.034335280033364 5.1398568549716295
12.033777966316283 5.142005202444431
12.033172881171716 5.144131573571339
12.032520189430144 5.146236093202599
12.031820054417425 5.148318885666232
12.031072637954475 5.15038007476183
12.030278100357114 5.15241978375453
12.029436600436068 5.15443813536915
12.028548295497117 5.1564352517844965
12.02761334134141 5.158411254627827
12.026631892265906 5.1603662649694835
12.025604101063974 5.162300403317678
12.024530119026137 5.164213789613439
12.02341009594094 5.166106543225707
12.022244180095976 5.167978782946591
12.021032518279021 5.169830626986764
12.019775255779328 5.171662192971018
12.01847253638902 5.173473597933955
12.017124502404634 5.175264958315826
12.015731294628774 5.177036389958511
12.014293052371885 5.1787880081016375
12.012809913454156 5.180519927378836
12.011282014207524 5.182232261814132
12.009709489477803 5.183925124818467
12.00809247262692 5.185598629186353
12.006431095535255 5.187252887092658
12.004725488604095 5.188888010089508
12.002975780758183 5.190504109103328
12.001182099448377 5.192101294431992
11.999344570654406 5.193679675742101
11.997463318887718 5.195239362066378
11.995538467194427 5.196780461801177
11.993570137158356 5.198303082704109
11.991558448904158 5.199807331891775
11.989503521100543 5.2012933158376216
11.98740547096358 5.202761140369887
11.985264414260081 5.204210910669672
11.98308046531108 5.205642731269101
11.980853736995376 5.207056706049596
11.978584340753173 5.208452938240243
11.976272386589773 5.209831530416265
11.973917983079371 5.211192584497586
11.971521237368899 5.212536201747495
11.969082255181954 5.213862482771402
11.966601140822794 5.215171527515683
11.964077997180395 5.216463435266619
11.961512925732581 5.21773830464942
11.958906026550213 5.21899623362734
11.956257398301444 5.220237319500871
11.95356713825603 5.221461658907025
11.950835342289706 5.222669347818693
11.948062104888614 5.223860481544088
11.945247519153787 5.225035154726267
11.942391676805695 5.226193461342718
11.93949466818883 5.227335494705043
11.936556582276362 5.228461347458692
11.933577506674817 5.229571111582785
11.930557527628835 5.230664878389993
11.927496730025952 5.231742738526498
11.924395197401436 5.232804781972012
11.921253011943165 5.233851098039864
11.918070254496556 5.234881775377154
11.914847004569522 5.235896901964966
11.911583340337481 5.236896565118646
11.908279338648398 5.237880851488134
11.904935075027868 5.238849847058361
11.901550623684235 5.239803637149701
11.898126057513743 5.2407423064184755
11.894661448105728 5.241665938857517
11.89115686574784 5.242574617796783
11.887612379431298 5.2434684259040205
11.884028056856167 5.244347445185485
11.880403964436686 5.2452117569867065
11.876740167306606 5.2460614419933
11.873036729324559 5.2468965802318275
11.869293713079466 5.247717251070705
11.86551117989596 5.248523533221152
11.86168918983983 5.249315504738181
11.857827801723506 5.250093243021637
11.853927073111555 5.250856824817269
11.8499870603262 5.251606326217847
11.846007818452861 5.252341822664314
11.841989401345728 5.253063388946976
11.837931861633335 5.253771099206731
11.833835250724166 5.254465026936328
11.829699618812278 5.255145244981664
11.825525014882942 5.2558118255431125
11.821311486718294 5.256464840176883
11.817059080903013 5.257104359796414
11.812767842830004 5.257730454673793
11.808437816706107 5.258343194441209
11.80406904555781 5.258942648092427
11.799661571236983 5.259528883984297
11.79521543442662 5.260101969838281
11.790730674646595 5.260661972742015
11.786207330259435 5.261208959150883
11.7816454384761 5.2617429948896275
11.777045035361764 5.26226414515397
11.772406155841631 5.2627724745122615
11.767728833706734 5.263268046907151
11.763013101619759 5.2637509256572725
11.758258991120877 5.264221173458955
11.75346653263358 5.264678852387943
11.748635755470522 5.265124023901145
11.743766687839377 5.26555674883839
11.7388593568487 5.265977087424201
11.733913788513789 5.2663850992695895
11.72893000776256 5.266780843373858
11.72390803844143 5.267164378126416
11.718847903321194 5.267535761308616
11.713749624102926 5.267895050095593
11.708613221423866 5.268242301058119
11.70343871486332 5.268577570164469
11.698226122948576 5.268900912782299
11.692975463160794 5.269212383680526
11.687686751940934 5.269512037031225
11.682360004695669 5.26979992641153
11.676995235803304 5.270076104805541
11.671592458619697 5.270340624606242
11.66615168548419 5.270593537617424
11.660672927725535 5.270834895055611
11.65515619566783 5.271064747551992
11.64960149863645 5.271283145154361
11.644008844963988 5.271490137329057
11.638378241996191 5.271685772962907
11.632709696097908 5.2718701003651764
11.627003212659027 5.272043167269517
11.621258796100426 5.27220502083592
11.61547644987992 5.2723557076526655
11.60965617649821 5.272495273738279
11.603797977504836 5.272623764543485
11.597901853504137 5.272741224953157
11.591967804161193 5.272847699288276
11.585995828207794 5.272943231307877
11.579985923448398 5.2730278642110004
11.573938086766084 5.273101640638641
11.567852314128526 5.273164602675694
11.561728600593952 5.273216791852892
11.555566940317107 5.2732582491487525
11.54936732655523 5.273289014991504
11.543129751674016 5.273309129261024
11.536854207153597 5.273318631290762
11.530540683594511 5.273317559869659
11.524189170723679 5.273305953244069
11.517799657400388 5.2732838491196645
11.511372131622272 5.273251284663341
11.50490658053129 5.273208296505118
11.498402990419727 5.273154920740024
11.491861346736167 5.273091192929986
11.485281634091498 5.273017148105701
11.478663836264907 5.272932820768508
11.472007936209874 5.2728382448922435
11.465313916060179 5.272733453925097
11.458581757135912 5.272618480791453
11.451811439949475 5.272493357893723
11.445002944211607 5.2723581171141705
11.438156248837396 5.2722127898167255
11.431271331952306 5.2720574068487895
11.424348170898206 5.27189199854303
11.417386742239401 5.271716594719163
11.410387021768678 5.27153122468573
11.403348984513343 5.271335917241853
11.396272604741275 5.27113070067899
11.389157855966985 5.270915602782676
11.382004710957677 5.270690650834244
11.374813141739315 5.2704558716125485
11.367583119602708 5.27021129139566
11.360314615109587 5.269956935962563
11.353007598098701 5.2696928305948285
11.345662037691918 5.2694190000782815
11.33827790230033 5.269135468704654
11.330855159630373 5.268842260273223
11.323393776689953 5.2685393980924315
11.31589371979458 5.268226904981506
11.308354954573518 5.26790480327205
11.300777445975937 5.267573114809631
11.29316115827708 5.2672318609553415
11.28550605508444 5.266881062587364
11.277812099343949 5.266520740102505
11.270079253346182 5.266150913417721
11.262307478732565 5.265771601971627
11.254496736501599 5.2653828247259975
11.246646987015106 5.264984600167239
11.238758190004475 5.264576946307859
11.230830304576926 5.264159880687914
11.222863289221799 5.263733420376443
11.214857101816834 5.263297581972884
11.2068116996345 5.262852381608473
11.198727039348306 5.2623978349476355
11.19060307703915 5.261933957189348
11.182439768201677 5.261460763068498
11.174237067750656 5.260978266857212
11.165994930027376 5.260486482366182
11.15771330880605 5.259985422945966
11.14939215730026 5.259475101488272
11.141031428169395 5.2589555304272295
11.132631073525129 5.258426721740639
11.124191044937907 5.257888686951209
11.115711293443463 5.257341437127774
11.107191769549344 5.256784982886492
11.098632423241474 5.256219334392029
11.09003320399073 5.255644501358725
11.081394060759537 5.255060493051741
11.0727149420085 5.254467318288188
11.063995795703047 5.2538649854382395
11.055236569320112 5.2532535024262295
11.046437209854824 5.252632876731723
11.037597663827242 5.252003115390578
11.028717877289097 5.251364224995988
11.019797795830582 5.2507162116994985
11.010837364587157 5.250059081212017
11.00183652824638 5.249392838804796
10.99279523105478 5.248717489310399
10.983713416824745 5.248033037123656
10.974591028941457 5.247339486202584
10.965428010369841 5.2466368400693115
10.95622430366156 5.245925101810964
10.946979850962034 5.24520427408054
10.937694594017492 5.244474359097771
10.928368474182067 5.243735358649959
10.919001432424915 5.2429872740927905
10.909593409337376 5.242230106351146
10.900144345140165 5.241463855919873
10.890654179690605 5.2406885228645566
10.8811228524899 5.239904106822257
10.871550302690435 5.239110607002241
10.861936469103126 5.238308022186683
10.8522812902048 5.237496350731356
10.842584704145626 5.2366755905663
10.832846648756579 5.235845739196471
10.823067061556948 5.23500679370237
10.813245879761888 5.234158750740658
10.803383040290012 5.233301606544747
10.79347847977103 5.232435356925372
10.783532134553436 5.231559997271149
10.773543940712228 5.230675522549109
10.76351383405669 5.229781927305212
10.753441750138215 5.228879205664851
10.743327624258168 5.227967351333324
10.733171391475812 5.2270463575962935
10.722972986616277 5.226116217320233
10.712732344278571 5.225176922952842
10.70244939884366 5.224228466523451
10.692124084482586 5.223270839643404
10.681756335164643 5.222304033506422
10.671346084665604 5.221328038888949
10.66089326657601 5.220342846150478
10.650397814309505 5.219348445233857
10.639859661111233 5.218344825665578
10.62927874006629 5.2173319765560455
10.618654984108238 5.216309886599826
10.607988326027671 5.215278544075882
10.597278698480846 5.214237936847778
10.586526033998373 5.213188052363881
10.57573026499397 5.212128877657531
10.56489132377327 5.211060399347197
10.55400914254271 5.209982603636613
10.543083653418462 5.208895476314898
10.532114788435445 5.207799002756654
10.5211024795564 5.2066931679220465
10.510046658681032 5.205577956356866
10.49894725765521 5.204453352192571
10.487804208280252 5.203319339146315
10.476617442322274 5.202175900520949
10.4653868915216 5.201023019205011
10.45411248760226 5.199860677672696
10.442794162281547 5.198688857983804
10.43143184727966 5.197507541783673
10.420025474329403 5.196316710303096
10.408574975185989 5.195116344358211
10.397080281636887 5.193906424350384
10.385541325511772 5.192686930266067
10.373958038692544 5.191457841676636
10.362330353123424 5.190219137738217
10.350658200821135 5.188970797191494
10.338941513885166 5.187712798361489
10.327180224508108 5.186445119157341
10.315374264986094 5.1851677370720495
10.303523567729297 5.183880629182215
10.291628065272539 5.182583772147751
10.279687690285972 5.181277142211588
10.267702375585845 5.179960715199351
10.255672054145373 5.178634466519027
10.243596659105682 5.177298371160609
10.231476123786853 5.175952403695733
10.219310381699053 5.1745965382772825
10.207099366553765 5.17323074863899
10.194843012275102 5.171855008095016
10.18254125301123 5.1704692895395095
10.170194023145871 5.169073565446157
10.157801257309918 5.167667807867708
10.14536289039314 5.166251988435492
10.132878857555983 5.164826078358914
10.120349094241485 5.163390048424935
10.107773536187274 5.161943868997536
10.095152119437683 5.160487510017168
10.082484780355967 5.159020941000183
10.069771455636614 5.157544131038253
10.057012082317774 5.156057048797773
10.044206597793789 5.154559662519244
10.031354939827828 5.153051940016646
10.018457046564642 5.151533848676796
10.005512856543415 5.150005355458685
9.99252230871074 5.148466426892808
9.979485342433692 5.146917029080475
9.96640189751303 5.145357127693108
9.953271914196502 5.143786687971524
9.940095333192273 5.142205674725203
9.926872095682464 5.140614052331548
9.91360214333681 5.13901178473512
9.900285418326442 5.137398835446872
9.886921863337784 5.135775167543358
9.87351142158657 5.134140743665937
9.86005403683199 5.132495526019964
9.846549653390944 5.130839476373962
9.832998216152447 5.129172556058788
9.819399670592126 5.127494725966781
9.805753962786877 5.125805946550905
9.79206103942962 5.1241061778238715
9.778320847844206 5.122395379357259
9.764533336000438 5.120673510280617
9.750698452529232 5.118940529280554
9.736816146737903 5.1171963945998264
9.722886368625593 5.115441064036408
9.708909068898823 5.113674494942547
9.694884198987188 5.111896644223824
9.680811711059185 5.110107468338191
9.666691558038176 5.108306923294999
9.652523693618493 5.106494964654029
9.638308072281681 5.1046715475245
9.624044649312886 5.102836626564076
9.609733380817367 5.100990155977865
9.595374223737181 5.099132089517404
9.580967135867978 5.0972623804796475
9.566512075875963 5.095380981705936
9.552009003314998 5.093487845580964
9.537457878643847 5.091582924031747
9.522858663243571 5.089666168526568
9.508211319435068 5.087737530073933
9.493515810496769 5.085796959221511
9.478772100682477 5.083844406055077
9.463980155239366 5.081879820197439
9.44913994042612 5.079903150807374
9.434251423531236 5.077914346578554
9.419314572891478 5.075913355738464
9.404329357910482 5.073900126047327
9.38929574907752 5.071874604797018
9.374213717986423 5.069836738809981
9.359083237354652 5.067786474438141
9.343904281042539 5.0657237575618215
9.328676824072684 5.06364853358865
9.3134008426495 5.061560747452479
9.298076314178942 5.059460343612288
9.282703217288372 5.057347266051107
9.267281531846603 5.0552214582749295
9.2518112389841 5.053082863311625
9.236292321113345 5.050931423709865
9.220724761949366 5.0487670815380445
9.205108546530434 5.04658977838321
9.18944366123892 5.044399455349991
9.17373009382232 5.042196053059535
9.15796783341445 5.039979511648455
9.142156870556805 5.037749770767774
9.126297197220087 5.035506769581883
9.110388806825897 5.033250446767507
9.094431694268607 5.030980740512673
9.078425855937386 5.028697588515694
9.062371289738406 5.026400927984163
9.04626799511722 5.024090695633949
9.030115973081292 5.021766827688215
9.01391522622273 5.019429259876443
8.997665758741155 5.017077927433469
8.981367576466761 5.01471276509854
8.965020686883548 5.012333707114379
8.948625099152716 5.0099406872262655
8.932180824136235 5.007533638681135
8.91568787442059 5.005112494226695
8.89914626434069 5.002677186110558
8.882556010003961 5.000227646079398
8.8659171293146 4.997763805378115
8.849229641997997 4.9952855947490375
8.832493569625349 4.99279294443113
8.81570893563842 4.990285784159238
8.798875765374495 4.987764043163344
8.781994086091482 4.985227650167861
8.765063926993205 4.982676533390939
8.748085319254857 4.98011062054381
8.731058296048623 4.977529838830153
8.713982892569474 4.974934114945496
8.69685914606113 4.972323375076637
8.679687095842185 4.969697544901111
8.662466783332418 4.967056549586679
8.645198252079242 4.964400313790855
8.627881547784344 4.961728761660469
8.61051671833048 4.959041816831265
8.593103813808428 4.956339402427537
8.575642886544118 4.9536214410618085
8.558133991125915 4.9508878548345425
8.540577184432065 4.948138565333906
8.522972525658297 4.945373493635571
8.50532007634559 4.942592560302557
8.4876199004081 4.939795685385129
8.469872064161228 4.936982788420738
8.452076636349855 4.934153788434007
8.434233688176727 4.931308603936778
8.416343293330993 4.928447152928203
8.39840552801688 4.92556935289489
8.380420470982534 4.9226751208111095
8.362388203548992 4.9197643731390555
8.344308809639303 4.916837025829163
8.326182375807793 4.913892994320492
8.308008991269464 4.9109321935411705
8.289788747929528 4.9079545379089
8.271521740413082 4.904959941331534
8.253208066094915 4.901948317207721
8.234847825129435 4.898919578427613
8.21644112048073 4.8958736373736516
8.197988057952756 4.892810405921431
8.179488746219633 4.889729795440629
8.16094329685607 4.886631716796022
8.142351824367903 4.883516080348578
8.12371444622274 4.8803827959566295
8.105031282880711 4.877231772977139
8.086302457825335 4.874062920267042
8.067528097594474 4.870876146184682
8.048708331811394 4.867671358591342
8.029843293215905 4.8644484648528605
8.010933117695608 4.86120737184135
7.991977944317211 4.857947985937012
7.972977915357939 4.854670213030052
7.953933176337003 4.851373958522697
7.934843876047157 4.848059127331323
7.915710166586311 4.844725623888684
7.8965322033892065 4.841373352146259
7.877310145259156 4.838002215576706
7.858044154399825 4.834612117176441
7.838734396447062 4.831202959468324
7.819381040500774 4.827774644504476
7.799984259156831 4.82432707386922
7.780544228539002 4.820860148682144
7.761061128330911 4.817373769601298
7.741535141808018 4.813867836826528
7.721966455869598 4.810342250102937
7.7023552610707355 4.806796908724493
7.682701751654308 4.803231711537779
7.6630061255829665 4.799646556945883
7.643268584571091 4.796041342912443
7.623489334116732 4.79241596696584
7.603668583533512 4.788770326203549
7.583806545982494 4.785104317296646
7.563903438504 4.781417836494481
7.543959482049374 4.777710779629508
7.523974901512686 4.773983042122296
7.503949925762361 4.770234518986699
7.48388478767273 4.766465104835214
7.463779724155491 4.762674693884508
7.44363497619107 4.758863179961138
7.423450788859883 4.75503045650745
7.403227411373473 4.751176416587669
7.382965097105525 4.747300952894189
7.362664103622742 4.743403957754056
7.3423246927155805 4.739485323135654
7.321947130428825 4.735544940655597
7.301531687091995 4.731582701585832
7.281078637349578 4.727598496860953
7.260588260191075 4.723592217085737
7.2400608389808365 4.719563752542897
7.219496661487699 4.715512993201065
7.198896019914391 4.711439828723002
7.1782592109267105 4.707344148474045
7.157586535682445 4.703225841530791
7.136878299860045 4.699084796690025
7.116134813687013 4.694920902477895
7.095356391968018 4.690734047159335
7.074543354112705 4.686524118747751
7.0536960241631945 4.682291005014961
7.0328147308212605 4.678034593501404
7.011899807475162 4.673754771526615
6.990951592226129 4.669451426199975
6.969970427914479 4.6651244444317435
6.948956662145346 4.660773712944364
6.927910647314018 4.656399118284069
6.9068327406308665 4.65200054683277
6.885723304145834 4.647577884820245
6.864582704772495 4.643131018336629
6.843411314311645 4.638659833345209
6.822209509474423 4.634164215695536
6.8009776719049375 4.629644051136842
6.779716188202387 4.625099225331787
6.758425449942652 4.620529623870525
6.73710585369935 4.615935132285108
6.715757801064326 4.611315636064212
6.694381698667567 4.606671020668218
6.672977958196525 4.602001171544621
6.651546996414819 4.5973059741438025
6.630089235180313 4.59258531393515
6.608605101462543 4.587839076423532
6.5870950273594655 4.583067147166147
6.565559450113532 4.5782694117897265
6.543998812127043 4.573445756008124
6.522413560976787 4.568596065640275
6.50080414942792 4.563720226628537
6.47917103544709 4.558818125057425
6.457514682214763 4.55388964717273
6.435835558136754 4.548934679401037
6.414134136854918 4.543953108369642
6.392410897257003 4.538944820926883
6.3706663234856205 4.533909704162864
6.348900904946337 4.52884764543061
6.3271151363148475 4.523758532367629
6.305309517543212 4.518642252917901
6.283484553865143 4.5134986953542935
6.2616407558003075 4.508327748301411
6.2397786391576355 4.503129300758871
6.217898725037601 4.497903242125029
6.196001539833467 4.4926494622211415
6.174087615231448 4.487367851315971
6.152157488209802 4.482058300150856
6.130211701036795 4.476720699965214
6.108250801267537 4.471354942522524
6.086275341739659 4.46596092013675
6.06428588056781 4.460538525699242
6.042282981136944 4.4550876527061005
6.02026721209439 4.449608195286006
5.998239147340659 4.444100048228525
5.976199366018988 4.438563107012894
5.95414845250358 4.432997267837276
5.932086996386529 4.4274024276485004
5.910015592463395 4.4217784841722825
5.88793484071742 4.416125335943927
5.865845346302346 4.410442882339523
5.84374771952383 4.404731023607616
5.821642575819412 4.398989660901377
5.7995305357370315 4.3932186963112585
5.7774122249120605 4.387418032898137
5.755288274042832 4.381587574726953
5.733159318864639 4.375727226900836
5.71102600012219 4.369836895595728
5.688888963540483 4.363916488095486
5.666748859794099 4.357965912827493
5.644606344474868 4.351985079398739
5.622462078057903 4.3459738986324075
5.600316725865978 4.339932282604939
5.578170958032224 4.333860144683584
5.556025449461122 4.327757399564441
5.533880879787781 4.321623963310974
5.511737933335477 4.3154597533930055
5.489597299071421 4.309264688726193
5.467459670560763 4.303038689711971
5.445325745918788 4.296781678277963
5.423196227761294 4.290493577918859
5.40107182315315 4.2841743137377515
5.378953243554985 4.277823812487925
5.356841204768021 4.271442002615095
5.334736426877019 4.265028814300094
5.312639634191322 4.2585841795019865
5.290551555183984 4.252108032001621
5.268472922428978 4.245600307445602
5.246404472536447 4.239060943390677
5.224346946086015 4.232489879348531
5.202301087558111 4.2258870568309765
5.180267645263339 4.219252419395539
5.158247371269834 4.212585912691411
5.136241021328631 4.205887484505789
5.114249354797028 4.1991570848105555
5.092273134559921 4.192394665809314
5.070313126949128 4.185600181984759
5.048370101660674 4.17877359014637
5.026444831670047 4.171914849478406
5.004538093145414 4.165023921588211
4.982650665358791 4.158100770554785
4.960783330595174 4.151145362977635
4.938936874059626 4.144157668025868
4.917112083782315 4.137137657487526
4.895309750521512 4.130085305819134
4.873530667664548 4.123000590195458
4.851775631126737 4.115883490559436
4.830045439248262 4.108733989672283
4.808340892689046 4.101552073163737
4.786662794321597 4.094337729582436
4.765011949121851 4.087090950446391
4.7433891640580175 4.079811730293558
4.721795247977437 4.072500066732463
4.700231011491471 4.0651559604928655
4.6786972668584355 4.057779415476451
4.65719482786459 4.050370438807505
4.635724509703211 4.042929040883565
4.614287128851757 4.035455235426013
4.592883502947157 4.027949039530584
4.571514450659238 4.020410473717775
4.550180791562314 4.012839561983115
4.528883346004978 4.005236331847265
4.507622934978101 3.997600814405947
4.486400379981085 3.9899330443796313
4.465216502886397 3.9822330601629927
4.44407212580241 3.974500903874078
4.422968070934593 3.9667366214031676
4.40190516044509 3.958940262461295
4.380884216310706 3.951111880628395
4.359906060179364 3.9432515334010465
4.33897151322506 3.9353592822397747
4.318081396001362 3.9274351926158846
4.297236528293501 3.919479334057788
4.276437728969097 3.9114917801967892
4.255685815827566 3.903472608812296
4.23498160544827 3.89542190187642
4.214325913037446 3.887339745597931
4.193719552273985 3.8792262304655245
4.173163335154098 3.8710814512903746
4.1526580718349395 3.862905507247925
4.132204570477247 3.8546985019188886
4.111803637087052 3.8464605433294117
4.09145607535652 3.838191743990371
4.071162686504005 3.829892220935759
4.050924269113356 3.821562095760122
4.030741618972564 3.8132014946550137
4.010615528911809 3.80481054844442
3.9905467886409802 3.7963893926191226
3.970536184586741 3.7879381673699575
3.9505844997292123 3.7794570176199302
3.9306925134383497 3.7709460930551484
3.91086100131009 3.7624055481545344
3.8910907350023463 3.753835542218276
3.8713824820709295 3.7452362393949765
3.8517370058054774 3.736607808707468
3.832155065065475 3.727950424077245
3.812637414116443 3.7192642643474843
3.793184802466386 3.710549513304607
3.773797974702582 3.7018063596983524
3.754477670328795 3.6930349972603174
3.735224623603009 3.6842356247209334
3.7160395633757566 3.6754084458248357
3.696923212929144 3.6665536693445957
3.6778762898166555 3.657671509092776
3.6588995057038245 3.6487621839322757
3.639993566209872 3.639825917784931
3.6211591707503903 3.6308629396383365
3.6023970123811764 3.621873483550858
3.5837077776432973 3.6128577886547992
3.5650921464094836 3.603816099157696
3.5465507917319434 3.5947486643417053
3.5280843796916894 3.5856557385610617
3.509693569249469 3.576537581237571
3.4913790120983905 3.5673944568541165
3.473141352518342 3.5582266349461484
3.4549812272322855 3.5490343900911365
3.4368992652645263 3.5398180018959566
3.4188960878010435 3.530577754982195
3.4009723080519736 3.5213139389693446
3.3831285311163364 3.5120268484558768
3.3653653538490906 3.502716782998168
3.34768336473061 3.4933840470872677
3.3300831437386638 3.4840289501234896
3.3125652622229866 3.4746518063888145
3.2951302827825293 3.465252935017093
3.2777787591454626 3.4558326599620357
3.2605112360520248 3.4463913099629844
3.24332824914029 3.4369292185084563
3.226230324834937 3.427446723797458
3.209217980239091 3.4179441686985625
3.1922917230293235 3.4084219007067507
3.1754520513538718 3.3988802718980162
3.158699453734159 3.3893196388817386
3.142034408969679 3.379740362750823
3.125457386046312 3.37014280902962
3.1089688440481447 3.3605273476196276
3.0925692320728415 3.350894352742988
3.076258989150647 3.341244202883791
3.0600385441670577 3.3315772807272
3.0439083157892326 3.3218939730964085
3.0278687123961885 3.3121946708874583
3.0119201320128286 3.302479769001927
2.9960629622478554 3.292749666277514
2.98029758023561 3.283004765416548
2.964624352581876 3.273245472912437
2.9490436353136924 3.263472198974099
2.933555773833204 3.253685357448393
2.918161102875584 3.2438853657405873
2.90285994647106 3.234072644732901
2.8876526179110633 3.2242476187011504
2.872539419718529 3.21441071522954
2.8575206436223635 3.2045623651236395
2.8425965705360956 3.1947030023215848
2.827767470540723 3.1848330638035502
2.8130336028717644 3.1749529894995354
2.7983952159105234 3.1650632221955135
2.7838525471795634 3.1551642074379904
2.7694058233423973 3.1452563934370246
2.7550552602073823 3.135340230967761
2.740801062735817 3.1254161732705312
2.726643425054225 3.1154846759495745
2.7125825304708147 3.1055461968704403
2.6986185514960948 3.0956011960561245
2.6847516498676236 3.0856501355820027
2.6709819765788705 3.0756934794696207
2.657309671912159 3.0657316935794023
2.643734865475662 3.0557652455023416
2.6302576762444154 3.0457946044507374
2.6168782126053083 3.0358202411480417
2.6035965724060173 3.0258426277178843
2.590412843007832 3.015862237572341
2.577327101342335 3.0058795452995155
2.564339413971875 2.9958950265505
2.551449837153794 2.985909157925787
2.5386584169083424 2.9759224168612
2.5259651890902295 2.965935281513414
2.5133701794637484 2.9559482306451357
2.5008734037814104 2.9459617435100176
2.488474867866024 2.9359762997373706
2.4761745676961517 2.925992379216753
2.463972489494873 2.9160104619825056
2.4518686098217812 2.9060310280983
2.4398628956681376 2.8960545575417798
2.4279553045551103 2.886081530089355
2.4161457846350154 2.876112425201232
2.404434274795481 2.8661477219067417
2.3928207047664527 2.8561878986900373
2.381304995229954 2.8462334333762347
2.369887057932521 2.836284803018061
2.3585667958002188 2.8263424837830806
2.3473441030561557 2.816406950841568
2.336218865340404 2.806478678255092
2.325190959832237 2.7965581388658793
2.314260255374591 2.786645804187021
2.30342661260066 2.7767421442935856
2.292689884062531 2.7668476277147045
2.282049914361764 2.7569627213266883
2.2715065402818237 2.7470878902472364
2.261059590922269 2.7372235977307997
2.250708887834603 2.7273703050651505
2.2404542451596923 2.717528471469224
2.2302954697666535 2.7076985539922753
2.22023236139312 2.69788100741442
2.210264712786787 2.6880762841485932
2.2003923098481413 2.6782848341439953
2.190614931774286 2.6685071047910585
2.1809323512037553 2.6587435408279902
2.1713443343622396 2.6489945842489377
2.161850641209113 2.639260674213812
2.1524510255846825 2.629542246959821
2.143145235358058 2.6198397357147467
2.13393301257556 2.6101535706120065
2.1248140936095683 2.6004841786075352
2.1157882093077274 2.590831983398522
2.106855085142417 2.5811974053440334
2.098014441360404 2.571580861387559
2.0892659931325888 2.5619827649815003
2.0806094507037614 2.552403526013636
2.072044519542285 2.5428435507355873
2.063570900489628 2.5333032416933046
2.055188289909658 2.523782997659598
2.046896379837627 2.5142832135687314
2.0386948581287676 2.504804280453098
2.0305834086064247 2.4953465853819896
2.022561711209649 2.4859105114024755
2.0146294421401842 2.476496437482404
2.006786274008773 2.467104738455533
1.999031875980719 2.4577357849688
1.9913659139206343 2.4483899434317364
1.9837880505363104 2.4390675759680307
1.9762979455216507 2.4297690403692433
1.9688952556986032 2.420494690050675
1.9615796351580346 2.4112448740093826
1.954350735399491 2.4020199367843476
1.9472082054697888 2.3928202184187852
1.9401516921003863 2.383646054424594
1.9331808398434809 2.3744977757489343
1.9262952912067886 2.365375708742929
1.9194946867869567 2.3562801751324742
1.9127786654015646 2.347211491991148
1.9061468642196733 2.3381699717152045
1.8995989188908804 2.329155922000638
1.8931344636728435 2.320169645822301
1.8867531315572363 2.311211441415054
1.8804545543941023 2.302281602256938
1.8742383630145725 2.293380417054339
1.8681041873519202 2.284508169729131
1.8620516565609209 2.275665139407768
1.8560803991354917 2.2668516004123083
1.850190043024588 2.2580678222533423
1.8443802157463287 2.2493140696247993
1.838650544500338 2.240590602400607
1.8330006562782748 2.2318976756331743
1.8274301779725386 2.2232355395536745
1.821938736483136 2.2146044395740923
1.8165259588226903 2.2060046162910107
1.8111914722195843 2.1974363054911055
1.8059349042192276 2.1888997381583133
1.8007558827834347 2.180395140482648
1.7956540363879099 2.171922733870626
1.7906289941178335 2.1634827349572703
1.7856803857615422 2.155075355619663
1.780807841902303 2.146700802992007
1.7760109940081779 2.1383592794821666
1.7712894745199808 2.130050982789651
1.766642916937326 2.121776105925007
1.7620709559027716 2.113534837230582
1.757573227284063 2.1053273604026304
1.7531493682544774 2.097153854514715
1.748799017371282 2.0890144940423823
1.7445218146523063 2.0809094488890643
1.7403174016506422 2.0728388844131764
1.736185421527478 2.0648029614563765
1.7321255191230787 2.0568018363729452
1.728137341025924 2.0488356610602545
1.7242205356400149 2.0409045829902888
1.7203747532503635 2.0330087452421823
1.71659964608668 2.025148286535737
1.7128948683852718 2.017323341265885
1.7092600764491697 2.009534039538063
1.7056949287064984 2.0017805072044603
1.702199085767109 1.9940628659011088
1.6987722104774892 1.9863812330857789
1.695413967973972 1.978735722076646
1.6921240257342607 1.9711264420916976
1.6889020536272896 1.9635534982888434
1.6857477239614416 1.9560169918066965
1.6826607115311405 1.9485170198059956
1.6796406936618438 1.941053675511631
1.6766873502534516 1.9336270482552473
1.6738003638221584 1.9262372235183876
1.6709794195407655 1.9188842829761497
1.6682242052774814 1.9115683045413245
1.6655344116332278 1.9042893624089843
1.6629097319774773 1.8970475271014924
1.6603498624826454 1.8898428655139068
1.6578545021570594 1.882675440959745
1.655423352876529 1.875545313217086
1.6530561194145403 1.8684525385749788
1.6507525094710997 1.8613971698801324
1.6485122337002487 1.85437925658386
1.6463350057362762 1.8473988447892504
1.6442205422186502 1.8404559772985436
1.6421685628156943 1.8335506936606822
1.6401787902470326 1.8266830302190178
1.6382509503048264 1.8198530201591465
1.6363847718738278 1.8130606935568505
1.6345799869502737 1.806306077426124
1.6328363306596434 1.7995891957672605
1.6311535412733045 1.7929100696149807
1.62953136022407 1.7862687170865785
1.6279695321206908 1.7796651534300674
1.6264678047613073 1.7730993910723047
1.6250259291458804 1.7665714396670766
1.6236436594876302 1.7600813061431229
1.622320753223501 1.7536289947520864
1.6210569710236762 1.747214507116367
1.6198520768001663 1.740837842276863
1.6187058377144936 1.7344989967405866
1.6176180241844917 1.728197964528134
1.616588409890246 1.7219347372209954
1.615616771779194 1.7157093040086928
1.6147028900704068 1.709521651735727
1.6138465482580753 1.7033717649483238
1.6130475331142193 1.6972596259409634
1.6123056346906408 1.6911852148026818
1.6116206463201423 1.6851485094631313
1.6109923646170297 1.679149485738388
1.6104205894769186 1.6731881173764953
1.609905124075866 1.667264376102734
1.6094457748688427 1.6613782316646042
1.609042351587569 1.6555296518765161
1.6086946672377287 1.6497186026641721
1.6084025380955829 1.6439450481086388
1.608165783703998 1.6382089504900945
1.6079842268679085 1.6325102703312475
1.6078576936492308 1.6268489664404162
1.6077860133612425 1.621224995954264
1.607769018562449 1.6156383143801814
1.6078065450499472 1.6100888756383103
1.6078984318523093 1.6045766321032027
1.6080445212219945 1.5991015346451087
1.608244658627312 1.593663532670889
1.6084986927439435 1.5882625741645464
1.6088064754460438 1.5828986057273708
1.6091678617969327 1.5775715726176958
1.609582710039392 1.572281418790259
1.610050881585582 1.5670280869351667
1.61057224100659 1.5618115185164572
1.6111466560216234 1.5566316538102585
1.6117739974868646 1.5514884319425413
1.612454139383992 1.5463817909264614
1.6131869588083874 1.5413116676992913
1.6139723359570368 1.536277998158938
1.6148101541161384 1.5312807172000464
1.6157002996484264 1.5263197587496862
1.6166426619802263 1.5213950558026206
1.6176371335882471 1.5165065404561584
1.6186836099861242 1.5116541439445854
1.619781989710722 1.5068377966731779
1.620932174308206 1.5020574282517947
1.622134068319894 1.4973129675280519
1.623387579267896 1.4926043426200768
1.624692617640552 1.487931480948843
1.6260490968776744 1.4832943092700883
1.6274569333556064 1.4786927537058128
1.6289160463721029 1.4741267397753632
1.6304263581310423 1.4695961924260996
1.6319877937269769 1.4651010360636487
1.6336002811295283 1.4606411945817446
1.6352637511676373 1.4562165913916583
1.6369781375136736 1.4518271494512174
1.6387433766674113 1.4474727912934189
1.6405594079398793 1.443153439054636
1.6424261734370902 1.4388690145024214
1.6443436180436555 1.4346194390629108
1.6463116894062921 1.4304046338478251
1.6483303379172256 1.4262245196810786
1.650399516697497 1.422079017124992
1.6525191815801756 1.4179680465061153
1.6546892910934867 1.4138915279406612
1.6569098064438543 1.409849381359554
1.6591806914988678 1.4058415265330957
1.661501912770174 1.4018678830952518
1.6638734393963002 1.3979283705675618
1.6662952431254119 1.394022908382675
1.668767298298009 1.390151415907517
1.6712895818295639 1.3863138124660894
1.673862073193105 1.3825100173619047
1.67648475440175 1.3787399499000628
1.6791576099911902 1.3750035294089689
1.6818806270021307 1.3713006752616992
1.6846537949626879 1.367631306897016
1.6874771058707478 1.3639953438400376
1.6903505541762875 1.3603927057225638
1.6932741367636612 1.3568233123030633
1.6962478529338552 1.353287083486326
1.6992717043867114 1.3497839393427817
1.702345695203123 1.3463138001274924
1.705469831827204 1.3428765862988188
1.7086441230484322 1.3394722185367665
1.7118685799837714 1.3361006177610149
1.715143216059769 1.3327617051486327
1.718468046994635 1.3294554021514835
1.7218430907802997 1.3261816305133254
1.7252683676644556 1.3229403122866086
1.7287439001325782 1.319731369848974
1.7322697128899331 1.3165547259194579
1.7358458328435664 1.3134103035744034
1.7394722890842786 1.3102980262630874
1.7431491128685852 1.3072178178230618
1.7468763376006622 1.3041696024952147
1.750653998814277 1.301153304938556
1.7544821341547072 1.2981688502447302
1.758360783360643 1.2952161639522595
1.762289988246078 1.2922951720605218
1.7662697926821864 1.2894058010434675
1.7703002425791836 1.2865479778630766
1.7743813858681763 1.2837216299825627
1.778513272482996 1.2809266853793237
1.7826959543420176 1.2781630725576476
1.7869294853299642 1.2754307205611712
1.7912139212796951 1.2727295589851007
1.7955493199539778 1.2700595179881926
1.7999357410272425 1.2674205283045026
1.8043732460673203 1.2648125212549026
1.808861898517161 1.262235428758371
1.813401763676533 1.2596891833430595
1.817992908683702 1.2571737181571376
1.8226354024970892 1.2546889669794223
1.8273293158769068 1.2522348642297907
1.83207472136677 1.2498113449793833
1.8368716932752849 1.2474183449605987
1.8417203076576103 1.2450558005768835
1.8466206422969929 1.2427236489123206
1.851572776686274 1.240421827741018
1.856576792009367 1.238150275536302
1.8616327711227034 1.2359089314797183
1.8667407985366473 1.2336977354698409
1.8719009603968753 1.231516628130896
1.8771133444657209 1.2293655508212007
1.882378040103483 1.227244445641419
1.8876951382496958 1.225153255442641
1.8930647314043572 1.2230919238342828
1.8984869136091176 1.221060395191816
1.903961780428424 1.219058614664324
1.909489428930619 1.2170865281818908
1.9150699576689938 1.2151440824628226
1.9207034666627918 1.2132312250207078
1.926390057378162 1.211347904171314
1.932129832709061 1.2094940690393274
1.937922896958099 1.2076696695649354
1.9437693558173321 1.2058746565102547
1.9496693163489955 1.2041089814656085
1.9556228869661771 1.2023725968556531
1.96163017741343 1.2006654559453573
1.96769129874732 1.1989875128458363
1.97380636331691 1.197338722520042
1.9799754847441737 1.195719040788313
1.9861987779043426 1.1941284243337835
1.9924763589061794 1.1925668307076567
1.9988083450721785 1.1910342183343403
2.0051948549186918 1.1895305465164512
2.011636008135975 1.1880557754396854
2.0181319255681562 1.1866098661775597
2.0246827291931195 1.1851927806960236
2.0312885421023092 1.1838044818579456
2.037949488480444 1.1824449334274736
2.0446656935851446 1.1811141000742715
2.051437283726473 1.1798119473776347
2.058264386246376 1.1785384418304832
2.0651471294980372 1.1772935508432376
2.0720856428251313 1.176077242747576
2.0790800565409793 1.1748894868000752
2.0861305019076055 1.1737302531857354
2.0932371111146884 1.1725995130213935
2.1004000172584094 1.1714972383590216
2.1076193543201933 1.1704234021889148
2.1148952571453403 1.1693779784427691
2.122227861421546 1.1683609419966494
2.12961730365731 1.16737226867385
2.137063721160226 1.1664119352476472
2.144567252015159 1.165479919443947
2.1521280350622987 1.1645761999438253
2.1597462098750944 1.1637007563859663
2.1674219167380655 1.1628535693689954
2.1751552966244856 1.1620346204537106
2.18294649117394 1.161243892165211
2.1907956426697535 1.1604813679949246
2.198702894016287 1.1597470324025352
2.2066683887161003 1.1590408708178093
2.2146922708469776 1.158362869642324
2.222774685038819 1.1577130162510958
2.230915776450389 1.1570912989941107
2.2391156907459275 1.156497707197757
2.247374574071615 1.1559322311661604
2.2556925730318915 1.1553948621824224
2.264069834665633 1.154885592509761
2.272506506422175 1.1544044153925563
2.281002736137187 1.1539513250572992
2.2895586720083956 1.1535263167134444
2.298174462571151 1.1531293865541676
2.306850256673841 1.152760531757027
2.3155862034531447 1.1524197504845306
2.3243824523091265 1.1521070418846053
2.3332391528801733 1.1518224060909743
2.3421564550177636 1.1515658442234362
2.351134508761077 1.1513373583880506
2.3601734643114356 1.1511369516772267
2.3692734720065785 1.1509646281697181
2.3784346822947677 1.15082039293052
2.387657245708724 1.1507042520106723
2.396941312839391 1.150616212446965
2.4062870343095257 1.1505562822615485
2.4156945607471147 1.1505244704614461
2.4251640427586154 1.1505207870379706
2.4346956309020182 1.150545242966042
2.444289475659733 1.1505978502034093
2.4539457274112935 1.1506786216897722
2.4636645364058825 1.1507875713458051
2.4734460527346744 1.1509247140720822
2.4832904263029953 1.1510900657479017
2.493197806802298 1.1512836432300106
2.5031683436819536 1.1515054643512277
2.5132021861208544 1.1517555479189656
2.5232994829988336 1.1520339137136504
2.5334603828678937 1.152340582487038
2.5436850339232486 1.152675575960427
2.5539735839741744 1.1530389168227662
2.564326180414672 1.1534306287286575
2.574742970193937 1.1538507362962533
2.5852240997866396 1.1542992651050448
2.595769715163013 1.1547762416935436
2.606379961758747 1.1552816935568544
2.61705498444469 1.1558156491441371
2.62779492749636 1.156378137855959
2.638599934563256 1.1569691900415329
2.6494701486379824 1.157588836995845
2.6604057120251743 1.1582371109566663
2.67140676631023 1.1589140451014501
2.6824734523278506 1.1596196735441124
2.6936059101303824 1.1603540313316945
2.704804278955967 1.1611171544409076
2.7160686971964956 1.1619090797745568
2.727399302365371 1.1627298451578436
2.738796231065074 1.1635794893345457
2.7502596189545363 1.1644580519630736
2.761789600716322 1.1653655736124007
2.773386310023612 1.1663020957578676
2.7850498795070036 1.1672676607768582
2.7967804407211094 1.1682623119443456
2.808578124110972 1.169286093428308
2.820443058978285 1.1703390502850106
2.8323753734474266 1.1714212284541554
2.8443751944313025 1.1725326747538942
2.8564426475970017 1.173673436875705
2.868577857331268 1.1748435633791285
2.880780946705782 1.1760431036863679
2.893052037442263 1.1772721080767419
2.9053912498773857 1.178530627680998
2.9177987029275148 1.179818714475479
2.930274514053261 1.1811364212761433
2.9428187992238586 1.182483801732436
2.9554316728813643 1.1838609103210098
2.9681132479046832 1.1852678023392953
2.98086363557342 1.1867045338989146
2.9936829455315586 1.1881711619189428
3.0065712857509745 1.1896677441190096
3.0195287624947764 1.1911943390122426
3.0325554802804855 1.1927510058980504
3.045651541843051 1.1943378048547415
3.058817048097706 1.1959547967319795
3.0720520981026627 1.1976020431430714
3.0853567890216556 1.1992796064570879
3.098731216086331 1.2009875497908127
3.1121754725584854 1.2027259370005203
3.125689649692158 1.2044948326735798
3.139273836695579 1.2062943021198818
3.152928120692977 1.208124411363088
3.166652586686249 1.2099852271317015
3.1804473175164945 1.2118768168499536
3.1943123938254208 1.2137992486285085
3.208247894016619 1.2157525912549818
3.2222538942167183 1.2177369141842707
3.2363304682364165 1.2197522875286955
3.2504776875313985 1.2217987820479488
3.2646956211631397 1.2238764691388517
3.2789843357596027 1.225985420824914
3.293343895475829 1.2281257097456968
3.307774361954431 1.2302974091459773
3.3222757942859897 1.2325005928647093
3.33684824896936 1.2347353353237827
3.3514917798718926 1.2370017115165775
3.3662064381895713 1.2392997969963095
3.380992272407076 1.2416296678641676
3.395849328257774 1.2439914007572397
3.410777648683644 1.2463850728362258
3.42577727379514 1.2488107617729363
3.4408482408309995 1.2512685457375736
3.455990584118001 1.2537585033857948
3.4712043350306767 1.2562807138455532
3.486489521950987 1.258835256703719
3.5018461702279624 1.2614222119924754
3.517274302137316 1.264041660175487
3.532773936841039 1.266693682133843
3.5483450903469773 1.2693783591517696
3.563987775468403 1.2720957729021105
3.5797020017835814 1.274846005431576
3.595487775595346 1.277629139145756
3.611345099890681 1.280445256793898
3.6272739743003255 1.283294441453446
3.6432743950584006 1.2861767765143406
3.65934635496207 1.2890923456630783
3.675489843331242 1.292041232866527
3.6917048459683133 1.2950235223554984
3.707991345117973 1.2980392986080753
3.7243493194270654 1.3010886463326907
3.740778743904522 1.304171650450959
3.757279589881375 1.3072883960802588
3.773851824970851 1.3104389685160625
3.7904954130285633 1.313623453214016
3.8072103141128033 1.3168419357717644
3.8239964844449426 1.320094501910522
3.840853876369954 1.3233812374563882
3.857782438317061 1.3267022283214072
3.874782114760522 1.3300575604843687
3.8918528461805586 1.3334473199713512
3.9089945690244394 1.3368715928360062
3.9262072156677275 1.3403304651395813
3.9434907143756974 1.3438240229306841
3.960844989264935 1.3473523522247837
3.978269960265128 1.3509155389834497
3.995765543081057 1.3545136690933308
4.0133316491547975 1.358146828344868
4.030968185628138 1.3618151024107465
4.048675055305235 1.3655185768240825
4.066452156615498 1.3692573369563479
4.084299383576733 1.3730314679950293
4.10221662575854 1.3768410549210248
4.120203768245989 1.380686182485776
4.138260691603561 1.3845669351881356
4.1563872718394 1.3884833972509734
4.174583380369853 1.392435652597518
4.192848883984324 1.396423784827435
4.2111836448104585 1.4004478771926447
4.229587520279657 1.4045080125728766
4.248060363092932 1.4086042734509638
4.266602021187128 1.4127367418878778
4.2852123377015 1.4169054994975023
4.303891150944681 1.421110627421151
4.322638294362031 1.4253522063018267
4.341453596503394 1.4296303162582265
4.3603368809912615 1.4339450368584903
4.379287966489368 1.4382964470936985
4.398306666671717 1.4426846253511176
4.417392790192056 1.4471096493871956
4.436546140653817 1.451571596300311
4.455766516580519 1.4560705425032758
4.4750537113866615 1.4606065636955938
4.494407513349111 1.4651797348354787
4.513827705578993 1.4697901301116334
4.533314065994109 1.4744378229147916
4.552866367291879 1.479122885809027
4.572484376922833 1.4838453905028302
4.592167857064649 1.4886054078199582
4.611916564596777 1.4934030076700593
4.631730251075624 1.4982382590190748
4.651608662710343 1.5031112298594234
4.671551540339222 1.5080219871799703
4.691558619406697 1.5129705969357847
4.711629629940985 1.5179571240176906
4.731764296532367 1.5229816322216125
4.75196233831212 1.5280441842177244
4.77222346893212 1.5331448415193998
4.792547396545118 1.5382836644519753
4.8129338237857135 1.5434607121213249
4.833382447752028 1.5486760423822539
4.8538929599880944 1.5539297118067177
4.874465046466975 1.5592217756518671
4.895098387574621 1.5645522878279294
4.915792658094481 1.5699213008659278
4.936547527192877 1.5753288658852465
4.957362658405157 1.5807750325610455
4.9782377096226345 1.5862598490915338
4.999172333080329 1.5917833621651036
5.020166175345523 1.597345616927335
5.041218877307134 1.6029466569478752
5.062330074165938 1.6085865241872006
5.083499395425622 1.6142652589632676
5.104726464884713 1.6199828999180597
5.126010900629369 1.6257394839840373
5.147352315027053 1.6315350463504985
5.168750314721103 1.6373696204298573
5.190204500626208 1.6432432378238486
5.2117144679247955 1.6491559282896653
5.233279806064352 1.6551077197060386
5.254900098755675 1.6610986380392672
5.276574923972079 1.6671287073092051
5.29830385394956 1.673197949555217
5.320086455187922 1.6793063848021073
5.3419222884528965 1.6854540310260369
5.363810908779242 1.691640904120431
5.385751865474845 1.6978670178618909
5.4077447021258305 1.7041323838761187
5.429788956602698 1.7104370116038636
5.451884161067474 1.7167809082669008
5.474029841981913 1.7231640788340512
5.4962255201167425 1.7295865259872545
5.518470710561957 1.7360482500877035
5.540764922738182 1.742549249142053
5.563107660409114 1.74908951876871
5.585498421695029 1.755669052164221
5.607936699087393 1.7622878400697617
5.630421979464556 1.7689458707377448
5.652953744108556 1.7756431298985562
5.675531468723037 1.782379600727429
5.698154623452272 1.789155263811469
5.720822672901323 1.7959700971168422
5.743535076157323 1.8028240759561371
5.766291286811895 1.809717172955914
5.789090752984718 1.816649358024451
5.811932917348233 1.8236205983197025
5.834817217153505 1.8306308582174804
5.857743084257246 1.8376800992798712
5.880709945149992 1.8447682802239007
5.90371722098545 1.851895356890461
5.926764327611018 1.8590612822135109
5.949850675599472 1.8662660061895635
5.972975670281834 1.8735094758474744
5.996138711781419 1.8807916352185423
6.019339195049057 1.8881124253069368
6.042576509899515 1.8954717840604662
6.065850041049086 1.9028696463416992
6.089159168154377 1.910305943899452
6.112503265852283 1.9177806053406583
6.135881703801146 1.925293556102631
6.159293846723109 1.9328447184257338
6.182739054447657 1.9404340113264742
6.20621668195634 1.9480613505710307
6.229726079428695 1.955726648649231
6.253266592289346 1.9634298147489933
6.276837561256289 1.9711707547312431
6.300438322390366 1.9789493711053243
6.32406820714591 1.9867655630049117
6.3477265424225715 1.9946192261644453
6.371412650618321 2.002510252896097
6.395125849683613 2.0104385320672833
6.418865453176726 2.0184039490787398
6.4426307703202506 2.026406385843169
6.466421106058745 2.03444572076448
6.490235761117536 2.042521828717626
6.514074032062659 2.0506345810290614
6.5379352113619404 2.058783845457828
6.561818587447213 2.0669694861772845
6.585723444777649 2.075191363757491
6.609649063904209 2.083449335148268
6.633594721535202 2.091743253662937
6.6575596906029375 2.1000729689627575
6.681543240331476 2.1084383270420766
6.705544636305448 2.1168391702141993
6.72956314053995 2.1252753370979987
6.753598011551497 2.1337466626052706
6.77764850443002 2.1422529779288544
6.801713870911906 2.1507941105315256
6.825793359454055 2.1593698841356743
6.849886215308955 2.167980118713785
6.873991680600755 2.1766246304797243
6.898108994402317 2.185303231880851
6.922237392813251 2.1940157315909636
6.9463761090389005 2.2027619345040867
6.970524373470271 2.2115416417291205
6.994681413764891 2.220354650585352
7.01884645492858 2.2292007545988475
7.04301871939812 2.238079743499731
7.067197427124798 2.246991403220363
7.091381795658822 2.255935515894424
7.115571040234571 2.264911859856921
7.139764373856688 2.2739202096451154
7.163961007386966 2.282960336000391
7.188160149632041 2.2920320058710644
7.212361007431845 2.301134982416149
7.2365627857488235 2.3102690250100806
7.2607646877578755 2.3194338892484105
7.284965914937014 2.3286293269544767
7.309165667158716 2.337855086187056
