13.567894949776774 5.555227936940229
13.567916628714228 5.555239538173042
13.567939541412342 5.5552521859252515
13.567963841830322 5.555265984576353
13.567989697457033 5.555281048490983
13.568017290676169 5.555297502990908
13.568046820261475 5.555315485421027
13.56807850301475 5.555335146318498
13.568112575560503 5.555356650695013
13.568149296312601 5.555380179443213
13.568188947629613 5.555405930879295
13.568231838177272 5.555434122435054
13.5682783055182 5.555464992513877
13.568328718951031 5.555498802526632
13.568383482623222 5.555535839124949
13.568443038944176 5.555576416651095
13.568507872327917 5.555620879825526
13.568578513297412 5.555669606695255
13.568655542985734 5.555723011868453
13.568739598072723 5.555781550063184
13.56883137619956 5.555845720000909
13.568931641907845 5.55591606867842
13.56904123315427 5.555993196055167
13.56916106845706 5.556077760196587
13.569292154735814 5.556170482918063
13.569435595912445 5.556272155978552
13.56959260234758 5.556383647877776
13.569764501194125 5.5565059113162505
13.569952747757743 5.556639991383304
13.570158937962855 5.556787034544772
13.570384822032619 5.556948298509226
13.570632319502005 5.5571251630595135
13.570903535695049 5.557319141945176
13.571200779810376 5.557531895940932
13.571526584773574 5.55776524718717
13.571883729030858 5.558021194940195
13.572275260476115 5.558301932873095
13.57270452272279 5.55860986808265
13.573175183953602 5.558947641973787
13.573691268604797 5.559318153211048
13.574257192167996 5.559724582946396
13.57487779942184 5.5601704225548865
13.575558406437978 5.560659504134396
13.576304846741873 5.561196034053186
13.57712352204879 5.56178462985985
13.578021458039768 5.562430360904673
13.579006365691852 5.563138793060058
13.58008670873206 5.563916037971052
13.581271777846222 5.564768807315803
13.582571772342819 5.565704472610768
13.583997890049229 5.566731131157595
13.585562426304607 5.5678576787988865
13.587278883011122 5.5690938902297615
13.589162088815248 5.570450507702759
13.591228331614891 5.571939339066896
13.593495504728445 5.573573366199677
13.595983268221136 5.575366865026043
13.598713227064808 5.577335538473444
13.601709128013402 5.579496663891136
13.604997077311785 5.581869256668321
13.608605781625085 5.584474252025238
13.612566814885348 5.587334707229525
13.616914914108776 5.590476026814682
13.621688307648835 5.593926213757069
13.626929079827681 5.597716150013431
13.632683576443304 5.601879910345753
13.639002856296855 5.606455113980541
13.645943194641928 5.611483319385465
13.653566645346944 5.617010468322367
13.661941669609877 5.623087386382675
13.671143840304484 5.629770348467514
13.681256632509353 5.637121719188043
13.692372312526102 5.64521067999196
13.704592939793425 5.654114057045579
13.718031498627955 5.663917266613668
13.732813179769597 5.674715398004292
13.749076835402562 5.686614458240576
13.766976635821553 5.699732807688918
13.786683961417124 5.714202822177117
13.808389570423605 5.730172825020298
13.832306091241067 5.747809342289556
13.858670898543249 5.767299747206237
13.88774944538366 5.788855375521587
13.919839139859139 5.812715214218849
13.955273875575799 5.83915029230476
13.994429351512533 5.868468936823825
14.037729350680898 5.901023102267837
14.085653190671207 5.937216041075553
14.138744616096828 5.977511662285499
14.197622477741742 6.022446032248955
14.262993642388201 6.072641616616633
14.33566871008572 6.128825062602261
14.416581295283677 6.191849598480407
14.506811874095613 6.262723518914651
14.607617540504993 6.342646784159933
14.720469492316612 6.433058572330828
14.847100748311286 6.535699819236124
14.989567582651853 6.652696573162271
15.150329611595478 6.786672733962958
15.332355640926277 6.940905030106081
15.539265711590122 7.119539942296893
15.775525001140435 7.3279035445056175
16.046713641610427 7.572954293789496
16.359910447726076 7.863962160089304
16.724252445173338 8.213558151013101
17.151774690699774 8.639413572385118
17.65871433160092 9.167039000102873
18.26761913438188 9.834683207009313
19.010928330461073 10.702433376645377
19.937436106762338 11.870422060538857
21.124903888164802 13.518902159925542
22.7073567109352 16.008493979534393
24.943410083522636 20.181056596324645
28.429899742539423 28.561446594611496
35.09404907159275 53.60260155601402
60.91035386209343 434.2246384738602
