13.567894949776774 5.555027936940229
13.567873270890782 5.55501633617398
13.567850358365565 5.555003689043709
13.567826058274642 5.554989891208813
13.567800203169655 5.554974828352171
13.567772610716869 5.554958375209978
13.567743082203966 5.554940394507946
13.567711400904514 5.554920735794839
13.567677330286239 5.554899234163408
13.567640612047972 5.554875708847842
13.567600963968609 5.55484996168583
13.567558077549853 5.554821775432141
13.56751161543278 5.554790911909414
13.567461208566275 5.554757109980431
13.567406453103372 5.554720083324685
13.567346906999132 5.554679518000358
13.56728208628125 5.554635069771063
13.56721146096173 5.55458636117467
13.567134450555002 5.554532978309429
13.567050419164488 5.554474467310185
13.566958670095996 5.554410330484914
13.566858439952362 5.55434002207896
13.566748892159346 5.554262943631253
13.566629109868071 5.5541784388833975
13.566498088174042 5.554085788198813
13.566354725587054 5.553984202445058
13.566197814680104 5.553872816288056
13.566026031838518 5.5537506808420884
13.56583792602311 5.553616755614193
13.565631906452964 5.553469899675825
13.565406229104576 5.553308861988403
13.565158981914342 5.55313227080254
13.564888068560743 5.55293862204334
13.564591190691049 5.552726266586068
13.564265828444698 5.5524933963177645
13.5639092191118 5.552238028870825
13.563518333750215 5.551957990904288
13.563089851568431 5.5516508997974
13.562620131863714 5.551314143607944
13.562105183285869 5.550944859134815
13.5615406301761 5.550539907910255
13.560921675707867 5.550095849932079
13.560243061532306 5.549608914930023
13.559499023604387 5.54907497094299
13.558683243837551 5.548489489965488
13.557788797204045 5.547847510401868
13.556808093865277 5.547143596046148
13.555732815881392 5.546371791283207
13.554553848011667 5.545525572184146
13.553261202077332 5.544597793144559
13.551843934316004 5.543580628689672
13.550290055112098 5.542465510044863
13.548586430440494 5.541243056044367
13.546718674311558 5.539902997925268
13.544671031454595 5.538434097528772
13.542426249424365 5.536824058406814
13.539965439261922 5.535059429310063
13.537267923787478 5.5331254995143695
13.534311072550112 5.531006185427815
13.531070122408156 5.528683907911304
13.527517982666435 5.526139459743879
13.523625023654091 5.5233518626718165
13.51935884759172 5.520298213500754
13.514684040571831 5.516953518725674
13.509561904465585 5.513290517248361
13.503950167575479 5.509279490810271
13.497802672883104 5.504888061875777
13.491069042799104 5.5000809788425284
13.483694319416077 5.494819888639002
13.475618579402502 5.4890630970022105
13.466776522866406 5.4827653170198785
13.457097035772518 5.475877406881216
13.446502725828758 5.468346098219805
13.434909432181524 5.460113716963063
13.42222570979073 5.451117899238122
13.408352290012811 5.441291305637025
13.393181519722933 5.430561338028257
13.37659678227758 5.418849864129557
13.35847190477793 5.406072956239738
13.33867055746584 5.392140651873423
13.31704565269016 5.376956745556025
13.293438752742057 5.3604186227145725
13.267679497990997 5.3424171484316725
13.239585069169351 5.322836625791429
13.208959700355361 5.301554840598524
13.175594262181601 5.2784432113359765
13.139265938022055 5.253367065260566
13.09973801933689 5.2261860634061685
13.05675984990339 5.196754798830116
13.010066952224138 5.164923593516169
12.95938137282898 5.1305395197218475
12.904412286279028 5.0934476709731245
12.844856900191834 5.053492706079102
12.780401705236455 5.010520686154629
12.7107241144427 4.964381219385356
12.635494534931656 4.914929920852238
12.55437891187217 4.862031184907311
12.467041778655238 4.805561255210318
12.373149838528441 4.74541156259013
12.272376090877797 4.681492283577193
12.164404499727222 4.613736053205731
12.048935182758749 4.542101745246369
11.925690076386152 4.46657821246566
11.794419006583755 4.387187860208102
11.654906067072876 4.303989910233383
11.506976177274414 4.217083200187319
11.350501663703005 4.126608359263659
11.185408682102366 4.0327492043099875
11.011683275748098 3.935733214257257
10.829376850222333 3.8358309651049156
10.638610838753749 3.733354442724117
10.43958033675887 3.6286541953919143
10.23255650080033 3.5221153401043037
10.017887536299638 3.4141524931888703
9.795998139561402 3.305203752603224
9.567387311504701 3.1957239121713705
9.332624520468698 3.086177132492672
9.0923442562137 2.9770293254810354
8.847239082821668 2.8687405265574406
8.598051360400614 2.76175752887266
8.3455638602408 2.656507037568818
8.090589541809452 2.553389570531967
7.833960790018736 2.452774288220783
7.576518425970255 2.3549948828351255
7.319100803487671 2.260346600678223
7.0625332879984715 2.169084415444077
6.807618385552395 2.0814223182610445
6.555126750595073 1.9975336457837656
6.305789254670679 1.9175523325836925
6.060290247804905 1.8415749496076579
5.819262093104944 1.7696633766140097
5.583281005940901 1.7018479524776307
5.352864184257685 1.638130951685454
5.128468177809418 1.5784902464597055
4.910488412474879 1.522883029843621
4.699259761768656 1.471249493911996
4.495058041153882 1.4235163773677895
4.298102291319384 1.3796003167784214
4.10855771343719 1.3394109545343693
3.926539121608812 1.302853773541929
3.752114784196637 1.2698326432480365
3.585310535472455 1.2402520736415028
3.4261140510101753 1.2140191833796246
3.274479193618495 1.1910453952899576
3.130330350594529 1.1712478774234574
2.9935666970632653 1.1545507508661286
2.864066333670722 1.1408860869473527
2.7416902595706607 1.1301947166018602
2.6262861532502675 1.1224268737120873
2.5176919441410632 1.1175426925069967
2.41573916709784 1.1155125767113916
2.3202560997009747 1.1163174552748165
2.231070688989222 1.1199489362710404
2.148013279730838 1.1264093670225586
2.0709191607729585 1.1357118047143486
1.9996309494542435 1.147879897738442
1.934000836593328 1.1629476737605395
1.8738927162214163 1.1809592260189636
1.8191842250229924 1.2019682846542812
1.769768716350145 1.22603765493983
1.7255571925926363 1.2532384991850944
1.6864802174581957 1.283649433912506
1.6524898261058767 1.317355408836755
1.6235614457498018 1.3544463294830187
1.5996958318851169 1.395015381386489
1.5809210151627162 1.4391570113190086
1.5672942405581045 1.486964520704071
1.5589038632116392 1.5385272293670649
1.5558711435744117 1.5939271753312436
1.5583518578603266 1.653235330034112
1.5665376082317717 1.7165073297404532
1.5806566812236857 1.7837787546207293
1.600974264214894 1.8550600280948895
1.627791791245164 1.9303310608867355
1.6614451558747114 2.0095358255948264
1.7023015068237277 2.0925771151203247
1.7507543404882862 2.179311805912175
1.8072166331113266 2.26954700555812
1.8721118243560622 2.3630375018768937
1.945862580956503 2.459484933917584
2.028877436401374 2.558539061464535
2.1215356141563477 2.6598014101247625
2.2241705807028747 2.7628314128882074
2.337053112174697 2.8671549659812734
2.460374857265509 2.9722750884566964
2.594233499326228 3.077684152625512
2.738620628313 3.1828769718597925
2.893413310237976 3.287363925752963
3.0583700922952484 3.3906832908683655
3.23313183436204 3.492412031877504
3.4172273599879137 3.5921744778935807
3.6100835293783273 3.6896485326718684
3.811039007070289 3.78456930827227
4.019360767536932 3.876730294328787
4.2342622716908584 3.9659823522830098
4.454922253632534 4.052230941152244
4.680503160303815 4.135432036446563
4.910168457146658 4.215587204421624
5.143098217958754 4.292738253522008
5.37850262772428 4.3669618190673845
5.615633221057053 4.438364160187245
5.8537918419862995 4.507076370938316
6.092337436725071 4.5732501380368165
6.330690879387768 4.637054119905637
6.568338085019706 4.698670977273125
6.804831690642251 4.75829505400016
7.039791589945068 4.816130686702779
7.2729045971935955 4.872391111151695
7.5039234964910495 4.927297930393372
7.732665708326138 4.981081112289458
7.959011779875159 5.033979491300485
8.182903881386702 5.086241759833725
8.404344469965478 5.138127947725172
8.623395265425199 5.189911404211391
8.840176671459893 5.241881315222687
9.054867769853816 5.294345810526676
9.26770701644492 5.347635741112073
9.478993775830594 5.4021092386494525
9.689090848389455 5.458157207932098
9.898428169575523 5.516209952736767
10.107507899776625 5.5767451995390225
10.316911176432685 5.640297867583027
10.527306873064349 5.707472045917632
10.739462808814283 5.778955789643503
10.954259986350602 5.855539555495601
11.172710619026804 5.938139385741934
11.395980959832903 6.0278263563367025
11.625420294289167 6.125864386960571
11.86259795125187 6.233759354936502
12.109350887269564 6.353323701110014
12.367845417007247 6.4867625881843844
12.640658161733032 6.636790541450797
12.930883541804251 6.806791995672729
13.242278599972607 7.001046380716679
13.579461383966102 7.225050256560763
13.94818790340879 7.4859891771365215
14.35574729651302 7.793447393684834
14.811540016463168 8.160508214800789
15.327948936249056 8.605521419072039
15.921697817095344 9.155062782446635
16.616058939964397 9.849143056632144
17.44462522217428 10.750951174960617
18.45817091928744 11.966519000521373
19.73817091508657 13.688505057335764
21.426450432480134 16.307467124432705
23.80083812451847 20.753771644495362
27.519119485983477 29.91853488295611
34.82387205100139 59.29705922403892
68.7769763295293 775.0642976593865
