6.267515302937925 2.0967245144275077
6.282913905818655 2.101568396446287
6.298304988195159 2.1064151172066623
6.313688217940257 2.1112644348844336
6.329063264851271 2.1161161059024263
6.344429800723005 2.1209698849382166
6.359787499421601 2.1258255249321376
6.375136036959279 2.1306827770955596
6.390475091569977 2.135541390919456
6.405804343785915 2.140401114183251
6.421123476515085 2.145261692963959
6.43643217511969 2.150122871645615
6.4517301274955665 2.1549843929289967
6.4670170241525735 2.159845997841652
6.482292558296 2.164707425748223
6.497556425908993 2.1695684143610814
6.512808325836038 2.1744286997512754
6.528047959867493 2.179288016359792
6.543275032825231 2.1841460970091413
6.55848925264938 2.18900267291527
6.573690330486206 2.1938574736998055
6.58887798077716 2.1987102274026387
6.60405192134911 2.203560660494857
6.619211873505785 2.2084084978920244
6.634357562120467 2.213253462967826
6.649488715729952 2.218095277568077
6.664605066629809 2.222933662025108
6.67970635097098 2.227768335172541
6.694792308857736 2.2325990143604497
6.709862684447039 2.237425415470933
6.724917226049333 2.2422472529341
6.7399556862307985 2.24706423974448
6.754977821917137 2.251876087477871
6.769983394498869 2.2566825063086413
6.784972169938243 2.2614832050274916
6.799943918877761 2.266277891059698
6.814898416750382 2.2710662704838476
6.8298354438914295 2.2758480480510803
6.844754785652272 2.2806229272048637
6.859656232515816 2.2853906101013037
6.874539580213846 2.2901507976300253
6.889404629846288 2.294903189435631
6.904251188002435 2.2996474839397676
6.919079066884194 2.3043833783638177
6.93388808443141 2.309110568752242
6.948678064449326 2.313828749996599
6.9634488367382525 2.318537615860263
6.978200237225487 2.323236859003879
6.99293210809957 2.3279261710115735
7.007644297946937 2.3326052424179555
7.0223366618910426 2.3372737627359483
7.03700906173402 2.341931420485477
7.0516613661009595 2.346577903223053
7.0662934505868895 2.3512128975722972
7.080905197906527 2.35583608925544
7.0954964980468915 2.36044716312584
7.110067248422868 2.3650458032015744
7.124617354035811 2.3696316927001426
7.139146727635271 2.374204514074336
7.153655289883963 2.3787639490493313
7.168142969526042 2.3833096786610617
7.182609703558832 2.3878413832959264
7.197055437408073 2.392358742731901
7.211480125106825 2.396861436181118
7.225883729478129 2.4013491423339888
7.2402662223215515 2.4058215394049363
7.254627584603724 2.4102783051798222
7.268967806653011 2.4147191170651485
7.2832868883584405 2.4191436521391245
7.297584839373019 2.4235515872046807
7.311861679321583 2.427942598844546
7.326117438013323 2.432316363478468
7.34035215565913 2.436672557422696
7.354565883093926 2.4410108569518445
7.368758682004121 2.4453309383632424
7.38293062516038 2.4496324780439083
7.397081796655855 2.453915152540275
7.411212292150063 2.4581786386308058
7.425322219118593 2.4624226134016522
7.439411697108823 2.466646754325504
7.453480858001847 2.4708507393438
7.467529846280804 2.4750342469524633
7.481558819305825 2.479196956291355
7.495567947595792 2.483338547237625
7.509557415117165 2.48745870050317
7.523527419580047 2.4915570977364045
7.537478172741781 2.4956334216285767
7.551409900718281 2.499687356024853
7.565322844303355 2.503718586040427
7.579217259296287 2.507726798181919
7.593093416837928 2.5117116804743285
7.60695160375558 2.515672922593842
7.620792122916953 2.519610216006792
7.634615293593475 2.5235232541150996
7.648421451833269 2.527411732408532
7.662210950844103 2.53127534862414
7.675984161386608 2.535113802913246
7.68974147217813 2.5389267980163828
7.703483290307514 2.542714039446607
7.717210041661195 2.5464752356816196
7.730922171360936 2.5502100983651723
7.7446201442135845 2.553918342518236
7.758304445173222 2.5575996867604607
7.771975579816104 2.5612538535424694
7.785634074828771 2.564880569389559
7.799280478509752 2.5684795651574177
7.812915361285281 2.5720505763005024
7.826539316239435 2.575593343153739
7.8401529596591795 2.5791076112282836
7.85375693159471 2.582593131522059
7.867351896435615 2.586049660845896
7.880938543503288 2.5894769621660867
7.8945175876601 2.592874804964255
7.908089769935803 2.596242965615455
7.921655858171702 2.599581227785496
7.935216647683066 2.6028893828485193
7.948772961940346 2.6061672303259273
7.962325653269694 2.6094145783478178
7.975875603573367 2.6126312441381403
7.989423725070507 2.615817054524863
8.00297096105893 2.618971846476513
8.0165182866984 2.6220954676665076
8.03006670981604 2.6251877770668166
8.043617271734385 2.628248645572528
8.0571710481227 2.6312779566590243
8.07072914987211 2.6342756070735387
8.084292723995132 2.637241507562989
8.097862954550179 2.6401755836400556
8.111441063591618 2.6430777763896334
8.125028312145917 2.645948043317839
8.138626001214472 2.6487863592459604
8.152235472803635 2.6515927172517846
8.16585811098245 2.6543671296609315
8.179495342968648 2.6571096290909786
8.19314864024337 2.6598202695512594
8.206819519695012 2.6624991276014325
8.22050954479273 2.6651463035721
8.234220326789863 2.6677619228508735
8.2479535259577 2.670346137237565
8.261710852849811 2.672899126372315
8.275494069597231 2.6754210992407303
8.289304991234552 2.6779122957603065
8.303145487057108 2.6803729884526826
8.317017482009147 2.6828034842064823
8.330922958102908 2.6852041261358144
8.344863955868387 2.68757529553976
8.35884257583339 2.6899174139684945
8.372860980033408 2.6922309454019606
8.386921393550612 2.694516398547412
8.401026106081142 2.6967743292624293
8.415177473529658 2.6990053431104326
8.429377919629832 2.7012100980560496
8.44362993758931 2.703389307308153
8.457936091757317 2.7055437423187887
8.4722990193128 2.707674235946623
8.486721431970693 2.7097816857941153
8.501206117703438 2.7118670577279875
8.515755942474552 2.713931389593163
8.530373851980537 2.7159757951308685
8.545062873396931 2.718001468112141
8.559826117123686 2.7200096866985515
8.574666778524579 2.722001818042669
8.589588139654486 2.723979323141255
8.604593570967776 2.725943761955015
8.61968653300014 2.7278967988092866
8.634870578015365 2.7298402080908435
8.65014935160743 2.7317758802566257
8.66552659424738 2.733705828171069
8.681006142763088 2.7356321937893706
8.696591931738809 2.737557255204884
8.712287994819873 2.7394834340795455
8.728098465906486 2.74141330347717
8.744027580218635 2.743349596120107
8.760079675212431 2.745295213090657
8.776259191326032 2.747253232999415
8.792570672531086 2.749226921643445
8.809018766663218 2.7512197421780247
8.82560822550234 2.753235365826307
8.842343904570722 2.755277683152004
8.859230762613555 2.7573508159207054
8.876273860723312 2.7594591295760322
8.89347836106547 2.7616072463571473
8.910849525159126 2.763800059084544
8.928392711661528 2.766042745640938
8.946113373600992 2.7683407841743053
8.964017054997273 2.7706999690495624
8.982109386803078 2.7731264275749545
9.000396082094388 2.7756266375283976
9.018882930430623 2.7782074455076313
9.037575791299027 2.7808760861265873
9.056480586549942 2.7836402020781263
9.075603291721784 2.786507865080619
9.094949926146038 2.789487597722576
9.114526541713385 2.7925883962153666
9.134339210172573 2.7958197540592296
9.154394008823326 2.7991916866218345
9.174697004453815 2.802714756621751
9.195254235361883 2.806400100500898
9.2160716912874 2.810259455660601
9.237155291070588 2.8143051885245143
9.25851085783858 2.8185503233789793
9.280144091509198 2.823008571926438
9.302060538387504 2.82769436347043
9.324265557617279 2.8326228756313796
9.346764284235899 2.8378100654700322
9.369561588568041 2.843272700870637
9.392662031680718 2.8490283920073343
9.41606981661025 2.855095622685578
9.43978873506102 2.8614937813147527
9.463822109266507 2.8682431912282516
9.488172728696082 2.8753651400231397
9.51284278128655 2.8828819075425565
9.537833778876397 2.8908167920700727
9.563146476523736 2.8991941342459913
9.588780785397304 2.9080393381512324
9.614735678943969 2.9173788889339898
9.641009092058074 2.9272403662792486
9.66759781300802 2.9376524529398917
9.694497367915838 2.94864493746215
9.721701897637423 2.96024871014735
9.749204026956502 2.9724957511970356
9.776994726085901 2.9854191098908047
9.805063164567475 2.999052873546499
9.833396557779107 3.0134321249129075
9.861980006395473 3.0285928865476057
9.89079632931097 3.044572050639839
9.919825890720196 3.0614072926536036
9.949046422265443 3.079136967093227
9.978432841403169 3.0977999836372256
10.007957067413592 3.1174356618515677
10.03758783677937 3.138083562686235
10.067290519990763 3.159783294986516
10.097026942194027 3.182574295320095
10.126755210484134 3.2064955795401917
10.156429551048529 3.23158546468416
10.18600015978836 3.257881260052245
10.2154130704706 3.285418926635109
10.244610044886542 3.314232704466164
10.273528489897693 3.3443547079770095
10.302101406621889 3.375814490035275
10.330257377332654 3.4086385760491744
10.357920595891919 3.4428499703354434
10.385010947685664 3.478467637861082
10.411444145058898 3.5155059654828165
10.437131924122546 3.5539742079056356
10.461982308503009 3.5938759247468735
10.485899945098396 3.6352084162999105
10.508786516169584 3.677962166807974
10.530541231108957 3.722120305244888
10.551061399981368 3.7676580947066065
10.57024308941548 3.814542462491872
10.58798185964471 3.86273158373163
10.60417357947421 3.9121745319519
10.618715313717322 3.962811010159888
10.631506275250654 4.014571175867765
10.642448831347739 4.067375572856726
10.651449551448383 4.121135181395899
10.658420281100625 4.175751597034674
10.663279224581386 4.231117345981254
10.665952016774476 4.2871163424756356
10.666372763375279 4.343624490510474
10.664485027509492 4.400510428816526
10.66024274049551 4.457636414310919
10.65361101482187 4.514859335331772
10.644566838502316 4.572031842095731
10.633099631826077 4.6290035780772385
10.619211650118793 4.685622492583886
10.602918219408316 4.7417362118546205
10.584247795750057 4.797193443683988
10.563241843273216 4.851845389001408
10.53995453059946 4.905547133100945
10.51445224997539 4.958158989376976
10.486812968057219 5.0095477694826585
10.457125421599923 5.059587955753836
10.425488175156554 5.108162754451194
10.392008561134258 5.155165011747293
10.3568015250614 5.200497978274248
10.319988400615648 5.24407591227863
10.281695639807344 5.285824515821766
10.242053523712178 5.325681202833316
10.201194878346993 5.363595202003894
10.159253818764315 5.3995275013365776
10.116364542312668 5.433450644545068
10.072660189400374 5.465348392295013
10.028271787148888 5.495215263476767
9.983327288168969 5.523055973248636
9.937950713474779 5.548884785505576
9.892261405390562 5.572724797743443
9.846373393307182 5.594607176060394
9.800394872398119 5.6145703573355625
9.754427792969691 5.632659234534921
9.70856755604043 5.648924339701811
9.662902809041624 5.663421037582276
9.617515334207475 5.67620874109605
9.57248002126778 5.6873501580673045
9.52786491544328 5.696910576841084
9.483731331440836 5.704957196685225
9.440134024112943 5.711558507256867
9.397121406641109 5.716783719928644
9.35473580748283 5.720702252443206
9.313013757844736 5.723383267208105
9.271986302071618 5.724895262559399
9.231679324036767 5.725305715509345
9.192113883352695 5.724680773842901
9.153306555966601 5.723084994928287
9.115269774440808 5.720581128243781
9.078012163927138 5.717229938381426
9.041538870514117 5.713090065151331
9.00585187924705 5.708217917362395
8.970950319688038 5.702667596880842
8.93683075739302 5.696490849652363
8.90348747013437 5.689737040504526
8.87091270809249 5.682453148710682
8.83909693757914 5.674683781486076
8.80802906814347 5.666471202791271
8.77769666315177 5.657855375030991
8.748086134128473 5.648874011451753
8.719182919303623 5.639562637254287
8.690971646934743 5.629954657643411
8.663436284063607 5.620081431235576
8.636560271434698 5.609972347431095
8.610326645346207 5.5996549065323284
8.584718147229346 5.589154801550618
8.55971732176135 5.5784960007926605
8.535306604314185 5.5677008304516935
8.51146839852735 5.556790056550413
8.488185144771451 5.5457829656915685
8.465439380241405 5.534697444169264
8.443213791385748 5.523550055079831
8.421491259342815 5.5123561131467245
8.400254899017087 5.501129757039742
8.37948809239018 5.489884019026128
8.35917451662203 5.478630891840387
8.339298167458983 5.467381392701793
8.319843378427745 5.4561456244443205
8.300794836257264 5.44493283375385
8.282137592935362 5.433751466532519
8.263857074773235 5.422609220430743
8.24593908881912 5.411513094604138
8.22836982693224 5.4004694367660395
8.211135867800156 5.3894839876166305
8.194224177156304 5.378561922737755
8.177622106430059 5.367707892048179
8.16131739003916 5.3569260569180255
8.145298141513425 5.346220125043516
8.129552848619497 5.335593383184202
8.11407036763883 5.325048727864909
8.098839916934987 5.314588694143689
8.083851069931592 5.304215482545535
8.06909374760897 5.293930984259332
8.054558210615323 5.283736804692947
8.04023505107719 5.27363428547834
8.026115184184171 5.263624525015282
8.012189839613574 5.2537083976388885
7.998450552852794 5.243886571492554
7.984889156469759 5.234159525184292
7.971497771375287 5.22452756330077
7.9582687981152365 5.21499083084978
7.945194908225131 5.205549326698208
7.932269035675186 5.196202916069085
7.919484368429447 5.18695134215788
7.906834340139059 5.177794236924818
7.894312621986332 5.168731131116822
7.881913114693303 5.15976146356958
7.869629940705947 5.15088458983724
7.857457436562855 5.142099790194409
7.845390145455117 5.133406277052448
7.833422809982542 5.1248032018294145
7.8215503651095775 5.116289661310629
7.8097679313231305 5.107864703534444
7.798070807993156 5.099527333235681
7.786454466935994 5.091276516877036
7.774914546179464 5.08311118729688
7.763446843928028 5.075030247999967
7.752047312725676 5.067032577115874
7.740712053813656 5.059117031048346
7.729437311679708 5.051282447837159
7.718219468795096 5.0435276502527415
7.707055040535457 5.035851448642363
7.695940670281178 5.028252643545493
7.684873124692892 5.020730028094712
7.6738492891574825 5.013282390217482
7.662866163399921 5.005908514653002
7.651920857256204 4.998607184797431
7.641010586602556 4.9913771843898616
7.630132669436134 4.98421729905054
7.619284522102441 4.977126317682087
7.608463655664668 4.970103033743694
7.59766767241032 4.963146246407596
7.586894262490413 4.956254761606487
7.5761412006867435 4.949427392979919
7.565406343302696 4.942662962727192
7.554687625173271 4.935960302373698
7.543983056789982 4.929318253457222
7.533290721536471 4.922735668140204
7.522608773030797 4.916211409753611
7.51193543257039 4.9097443532775955
7.501268986675878 4.9033333857638235
7.490607784730012 4.89697740670395
7.4799502367081 4.890675328348464
7.469294810996463 4.884426075979758
7.4586400322954995 4.878228588143077
7.447984479604104 4.872081816838683
7.437326784282289 4.865984727678354
7.426665628188946 4.859936300009145
7.415999741891815 4.8539355270070565
7.405327902946832 4.847981415743159
7.394648934244112 4.842072987224445
7.383961702417957 4.836209276411603
7.37326511631833 4.83038933221567
7.362558125541396 4.82461221747545
7.351839719016754 4.818877008917389
7.341108923649135 4.81318279709951
7.330364803012373 4.8075286863408895
7.319606456093603 4.80191379463802
7.3088330160856545 4.796337253569359
7.298043649225739 4.790798208189194
7.287237553678591 4.785295816911962
7.276413958462275 4.779829251387963
7.2655721224149765 4.774397696371463
7.254711333201138 4.769000349581993
7.243830906355372 4.763636421559663
7.23293018436266 4.758305135515223
7.222008535773384 4.753005727175535
7.211065354351807 4.747737444625092
7.200100058256703 4.742499548144156
7.189112089252819 4.737291310044034
7.178100911951982 4.732112014500005
7.167066013082671 4.726960957382318
7.156006900786935 4.721837446085694
7.144923103943563 4.716740799357699
7.133814171516491 4.711670347126348
7.12267967192746 4.706625430327241
7.111519192451942 4.701605400730538
7.1003323386374655 4.696609620768034
7.089118733743436 4.6916374633605695
7.077878018201619 4.686688311746017
7.06660984909649 4.681761559308022
7.055313899664676 4.6768566094057
7.043989858812742 4.671972875204442
7.032637430652621 4.66710977950799
7.021256334054004 4.662266754591908
7.009846302213029 4.657443242038581
6.998407082236661 4.652638692573829
6.986938434742136 4.647852565905266
6.975440133470918 4.643084330562456
6.963911964916591 4.638333463738975
6.952353727966178 4.6335994511364085
6.9407652335543535 4.628881786810386
6.929146304330076 4.624179973018668
6.917496774335171 4.619493520071338
6.905816488694397 4.614821946183152
6.89410530331658 4.610164777328061
6.882363084606391 4.605521547095923
6.870589709186367 4.600891796551452
6.858785063628799 4.5962750740953915
6.8469490441971015 4.591670935327931
6.835081556596334 4.5870789429143874
6.8231825157325146 4.5824986664531275
6.811251845480406 4.57792968234575
6.799289478459464 4.573371573669521
6.787295355817639 4.568823930052046
6.775269427022741 4.564286347548182
6.7632116496611046 4.559758428519171
6.751121989243261 4.555239781513979
6.73900041901638 4.550730021152841
6.726846919783225 4.546228768012966
6.714661479727381 4.541735648516418
6.702444094244543 4.537250294820122
6.69019476577961 4.532772344707995
6.677913503669417 4.528301441485168
6.665600323990858 4.523837233874286
6.653255249414239 4.519379375913846
6.640878309061652 4.5149275268585685
6.628469538370184 4.510481351081759
6.616028978959807 4.506040517979643
6.603556678505764 4.501604701877649
6.591052690615291 4.497173581938607
6.578517074708517 4.49274684207284
6.5659498959034055 4.4883241708501185
6.553351224904568 4.48390526141345
6.540721137895834 4.479489811394686
6.528059716436425 4.475077522831894
6.515367047360613 4.470668102088506
6.502643222680732 4.466261259774172
6.489888339493425 4.46185671066732
6.477102499889012 4.457454173639394
6.464285810863862 4.453053371580723
6.451438384235654 4.448654031328022
6.438560336561452 4.444255883593465
6.425651789058449 4.439858662895336
6.412712867527319 4.435462107490208
6.3997437022780685 4.431065959306638
6.386744428058294 4.426669963880338
6.373715183983762 4.422273870290813
6.360656113471231 4.417877431099432
6.347567364173425 4.413480402288897
6.334449087916086 4.409082543204108
6.321301440637024 4.404683616494379
6.308124582327093 4.400283388056987
6.29491867697303 4.395881626982048
6.2816838925020715 4.3914781054986545
6.268420400728291 4.3870725989223045
6.255128377300595 4.3826648856035515
6.241808001652304 4.378254746877889
6.228459456952274 4.373841967016822
6.215082930057488 4.369426333180122
6.201678611467056 4.3650076353692375
6.188246695277593 4.360585666381828
6.174787379139892 4.35616022176743
6.161300864216856 4.351731099784195
6.147787355142648 4.347298101356722
6.134247059982981 4.342861030034926
6.120680190196537 4.338419691953961
6.1070869605974485 4.333973895795139
6.093467589318796 4.329523452747863
6.079822297777089 4.325068176472538
6.066151310637691 4.320607883064431
6.052454855781132 4.316142391018501
6.038733164270291 4.311671521195131
6.024986470318391 4.30719509678679
6.01121501125778 4.3027129432855835
5.997419027509467 4.298224888451681
5.983598762553368 4.293730762282615
5.969754462899221 4.289230396983417
5.955886378058174 4.284723626937595
5.941994760514959 4.280210288678927
5.928079865700673 4.275690220864059
5.914141951966105 4.271163264245883
5.90018128055558 4.26662926164771
5.886198115581318 4.262088057938181
5.872192723998244 4.2575395000069465
5.858165375579248 4.2529834367410695
5.844116342890863 4.248419719002154
5.830045901269324 4.243848199604179
5.815954328797002 4.23926873329204
5.801841906279169 4.234681176720762
5.787708917221089 4.230085388435397
5.773555647805396 4.225481228851572
5.759382386869749 4.2208685602366955
5.745189425884733 4.216247246691801
5.730977058931986 4.21161715413401
5.716745582682542 4.206978150279619
5.7024952963753535 4.202330104627796
5.688226501795985 4.197672888444856
5.673939503255456 4.1930063747491415
5.6596346075692034 4.188330438296462
5.645312124036175 4.183644955566108
5.6309723644179925 4.178949804747416
5.616615642918213 4.1742448657268785
5.602242276161631 4.1695300200757925
5.587852583173631 4.1648051510384345
5.573446885359566 4.160070143520752
5.559025506484148 4.155324884079561
5.544588772650824 4.150569260912253
5.530137012281143 4.145803163846981
5.515670556094082 4.141026484333337
5.501189737085322 4.1362391154335
5.486694890506465 4.13144095181385
5.47218635384417 4.126631889737043
5.457664466799198 4.121811827054528
5.44312957126536 4.116980663199516
5.428582011308345 4.112138299180373
5.414022133144416 4.107284637574447
5.399450285118971 4.1024195825223115
5.384866817684956 4.097543039722409
5.370272083381102 4.0926549164261194
5.355666436810001 4.087755121433202
5.341050234615989 4.082843565087643
5.326423835462832 4.077920159273874
5.3117876000112165 4.072984817413369
5.297141890896008 4.068037454461608
5.282487072703301 4.063077986905402
5.267823511947215 4.058106332760563
5.253151577046471 4.053122411569936
5.238471638300687 4.048126144401755
5.223784067866434 4.043117453848341
5.209089239733009 4.038096264025117
5.194387529697939 4.033062500569952
5.179679315342187 4.028016090642812
5.164964976005082 4.022956962925716
5.1502448927589315 4.017885047622991
5.135519448383334 4.012800276461823
5.1207890273391765 4.007702582693092
5.106054015742312 4.002591901092486
5.091314801336907 3.9974681679618826
5.076571773468456 3.9923313211310125
5.061825323056459 3.987181299959363
5.047075842566751 3.9820180453383505
5.032323725983487 3.9768414996937316
5.017569368780768 3.971651606988258
5.002813167893903 3.9664483127245656
4.9880555216903195 3.96123156394829
4.973296829940095 3.956001309251402
4.958537493786118 3.950757498775763
4.943777915713875 3.9455000842168833
4.929018499520862 3.9402290188278837
4.9142596502856 3.934944257423655
4.899501774336279 3.929645756385205
4.884745279219009 3.924333473664185
4.869990573665675 3.9190073687875993
4.855238067561402 3.9136674028626746
4.840488171911631 3.908313538581903
4.825741298808791 3.9029457402282324
4.81099786139857 3.897563973680412
4.796258273845797 3.892168206418481
4.781522951299919 3.886758407529388
4.766792309860069 3.88133454771275
4.75206676653975 3.8758965992867265
4.737346739231102 3.870444536194013
4.722632646668771 3.8649783340079473
4.707924908393385 3.8594979699387144
4.693223944714624 3.854003422839649
4.6785301766738865 3.84849467321363
4.663844026006571 3.8429717032195545
4.649165915103943 3.8374344966788896
4.634496266974622 3.831883039082292
4.619835505205675 3.8263173175962906
4.6051840539233035 3.8207373210700215
4.590542337753166 3.815143040042015
4.575910781780296 3.809534466747018
4.561289811508646 3.8039115951228566
4.546679852820258 3.798274420817319
4.532081331934043 3.792622941195062
4.517494675364207 3.786957155344527
4.5029203098783 3.781277064084863
4.488358662454901 3.7755826699728465
4.4738101602409515 3.7698739773097913
4.45927523050873 3.76415099214844
4.444754300612486 3.758413722299835
4.43024779794472 3.7526621773401536
4.415756149892139 3.746896368617505
4.401279783791273 3.741116309258681
4.386819126883772 3.7353220141758543
4.37237460627138 3.7295135000732094
4.35794664887061 3.7236907854535084
4.343535681367092 3.7178538906245793
4.32914213016965 3.712002837705718
4.314766421364077 3.7061376506339996
4.300408980666624 3.7002583551704857
4.286070233377229 3.694364978906331
4.271750604332466 3.688457551268766
4.257450517858254 3.682536103526962
4.243170397722302 3.6766006687977635
4.228910667086331 3.6706512820512818
4.2146717484580485 3.664687980116339
4.200454063642924 3.6587108016857606
4.186258033695737 3.652719787321508
4.172084078871933 3.646714979459632
4.157932618578789 3.6406964224150564
4.143804071326398 3.6346641623861746
4.1296988546784865 3.6286182474592463
4.115617385203069 3.6225587276125992
4.1015600784229616 3.6164856547206186
4.087527348766155 3.6103990825575174
4.073519609516067 3.6042990668008836
4.059537272761674 3.5981856650349946
4.045580749347554 3.5920589367538875
4.031650448823829 3.585918943364185
4.017746779396033 3.579765748187659
4.003870147874925 3.573599416463538
3.9900209596262313 3.567420015350532
3.976199618520365 3.5612276139285868
3.962406526882109 3.555022283200345
3.948642085440289 3.5488040960923137
3.9349066932774432 3.5425731274557304
3.9212007477795066 3.5363294540671166
3.907524644585518 3.5300731546285142
3.8938787775373664 3.5238043097673972
3.8802635386295936 3.5175230020362482
3.866679317959257 3.511229315911798
3.8531265036758744 3.504923337793915
3.839605481931463 3.4986051560041385
3.8261166368306845 3.492274860783856
3.812660350381113 3.485932544292103
3.799237002443636 3.479578300602993
3.7858469706830027 3.47321222570276
3.7724906305185417 3.4668344174864125
3.759168355075049 3.4604449757539926
3.745880515133873 3.454044002206424
3.7326274790841985 3.447631600440958
3.719409612874557 3.441207875946196
3.7062272799645672 3.434772936096692
3.693080841276922 3.4283268901471216
3.67997065514964 3.421869849226018
3.6668970772885903 3.415401926329062
3.65386046072031 3.408923236311925
3.640861155745121 3.4024338958826568
3.627899509890571 3.3959340235936115
3.614975867865198 3.3894237398329086
3.6020905715126457 3.38290316681542
3.5892439597661343 3.376372428573278
3.5764363686033063 3.3698316509459048
3.563668131001455 3.363280961569546
3.5509395768931538 3.3567204898663148
3.5382510331222963 3.3501503670327377
3.525602823400561 3.343570726027792
3.5129952682643175 3.3369817015604344
3.5004286850319755 3.3303834300766226
3.487903387761805 3.323776049745808
3.4754196872102283 3.317159700446912
3.4629778907905964 3.3105345237537747
3.4505783025324708 3.303900662920067
3.4382212230414115 3.2972582628636724
3.4259069494592906 3.290607470150526
3.413635775425136 3.28394843297791
3.401407991036525 3.2772813011572
3.38922388281153 3.2706062260960618
3.37708373365123 3.2639233607800957
3.364987822802801 3.257232859753916
3.352936425823192 3.2505348791016737
3.3409298145433945 3.243829576427015
3.328968257033322 3.2371171108324672
3.3170520175673 3.2303976428982595
3.3051813565901833 3.2236713346605654
3.293356530684101 3.216938349589171
3.2815777925358454 3.210198852564563
3.269845390904907 3.203453009854438
3.258159570592164 3.1967009890896207
3.246520572409241 3.189942959239405
3.2349286331485247 3.1831790905862967
3.2233839855538706 3.176409554700172
3.211886858291979 3.1696345244118396
3.200437475924469 3.1628541737860076
3.189036058880639 3.1560686780936535
3.1776828234309287 3.1492782137837936
3.1663779816610855 3.142482958454654
3.155121741447034 3.1356830908242337
3.143914306430463 3.1288787907002655
3.1327558759951204 3.122070238949568
3.121646645243834 3.115257617466792
3.110586804976246 3.108441109142551
3.0995765416672763 3.1016208978309407
3.088616037446306 3.0947971683164464
3.077705470077095 3.0879701062802285
3.0668450129384195 3.0811398982657936
3.0560348350054447 3.074306731644042
3.0452751008318244 3.067470794577693
3.034565970532531 3.0606322759850855
3.0239075997674134 3.0537913655033466
3.0133001397254873 3.0469482534509367
3.0027437371099484 3.040103130789555
2.992238534123916 3.033256189085414
2.9817846684568985 3.0264076204698704
2.9713822732719812 3.0195576175994203
2.9610314771937394 3.012706373615042
2.9507324042968595 3.0058540821008943
2.940485174095483 2.999000937042362
2.9302899015332575 2.9921471327834412
2.9201466969740926 2.9852928639834646
2.910055666193624 2.9784383255731637
2.9000169103713738 2.9715837127100535
2.890030526083602 2.964729220733146
2.8800966052968513 2.9578750451169777
2.8702152353621773 2.9510213814249506
2.860386499010052 2.944168425261976
2.850610474345947 2.9373163722264146
2.8408872348465795 2.93046541786131
2.831216849356823 2.9236157576049013
2.821599382087276 2.916767586740407
2.812034892612473 2.909921100345077
2.8025234358697486 2.903076493238492
2.793065062158732 2.8962339599301132
2.783659817141477 2.889393694566058
2.7743077418432107 2.8825558908750977
2.765008872653711 2.8757207421138644
2.7557632413292823 2.86888844101125
2.74657087499535 2.8620591797119834
2.737431796149647 2.8552331497193753
2.728346022665996 2.848410541837211
2.7193135677986797 2.8415915461107724
2.7103344401873968 2.834776351766977
2.7014086438627896 2.8279651471536096
2.692536178252548 2.8211581196776305
2.6837170381880813 2.8143554557425365
2.6749512139117533 2.807557340684754
2.666238691084678 2.8007639587090414
2.6575794507950703 2.793975492822874
2.6489734695671587 2.7871921247697897
2.64042071937064 2.7804140349616606
2.6319211676306993 2.7736414024098726
2.6234747772385685 2.7668744046553737
2.6150815065626514 2.7601132176975667
2.6067413094601894 2.7533580159220064
2.598454135289497 2.7466089720268743
2.590219928922749 2.739866256948188
2.582038630759339 2.7331300397837133
2.5739101767398074 2.726400487715534
2.5658344983603536 2.7196777659312463
2.557811522687935 2.7129620375437233
2.54984117237597 2.7062534635094173
2.5419233656806512 2.6995522025451413
2.5340580164778914 2.692858411043291
2.5262450342809144 2.6861722429854535
2.5184843242585084 2.67949384985434
2.510775787253971 2.6728233805440094
2.503119319804758 2.666160981268301
2.495514814162875 2.6595067954674345
2.48796215831603 2.6528609637127105
2.480461236009591 2.6462236236092416
2.473011926769373 2.639594909696661
2.465614105925301 2.6329749533477256
2.45826764463599 2.626363882664753
2.450972409914288 2.6197618223738144
2.4437282646538305 2.613168893716611
2.436535067656669 2.6065852143399475
2.429392673662022 2.6000108981827323
2.422300933376227 2.593446055360415
2.4152596935039488 2.586890792046774
2.4082687967807317 2.580345210352969
2.4013280820069673 2.5738094082037692
2.394437384083375 2.5672834792108543
2.387596534048076 2.5607675125431038
2.380805359115376 2.5542615927937677
2.3740636827163573 2.5477657998444223
2.367371324541388 2.541280208725606
2.360728100584693 2.5348048894740276
2.354133823191097 2.5283399069862424
2.3475883011050973 2.521885320868687
2.3410913395224084 2.515441185283956
2.3346427401441416 2.5090075487932135
2.328242301233793 2.502584454194613
2.321889817677226 2.4961719383576306
2.315585081045831 2.489770032053162
2.309327879663088 2.483378759779299
2.3031179986747325 2.476998139582637
2.2969552201227788 2.470628182875009
2.2908393230236315 2.4642688942455258
2.284770083450562 2.457920271267798
2.2787472746208226 2.4515823043022187
2.2727706669876984 2.4452549762932025
2.2668400283378123 2.438938262561249
2.2609551238940115 2.4326321305897314
2.2551157164241924 2.4263365398062917
2.249321566356435 2.420051441358744
2.2435724319008408 2.4137767778853774
2.237868069178488 2.4075124832795693
2.232208232357951 2.401258482448621
2.22659267379984 2.3950146910667285
2.2210211442098524 2.3887810153220252
2.215493392800857 2.3825573516576246
2.2100091674645457 2.376343586506627
2.204568214953235 2.37013959602104
2.199170281072408 2.3639452457945964
2.193815110884643 2.3577603905794717
2.1885024489255835 2.351584873996898
2.183232039432651 2.3454185282417237
2.1780036265872442 2.3392611737809728
2.1728169547711698 2.3331126190464797
2.1676717688381433 2.3269726601217213
2.1625678144011724 2.32084108042298
2.1575048381367243 2.3147176503750226
2.152482588106594 2.308602127081501
2.147500814098435 2.302494253990341
2.1425592679859546 2.296393760554413
2.1376577041098317 2.2903003618878373
2.1327958796804283 2.284213758418334
2.1279735552034422 2.278133635536076
2.123190494929668 2.2720596632395744
2.118446467330087 2.265991495779197
2.1137412455975486 2.2599287712989873
2.1090746081763436 2.2538711114775496
2.1044463393210187 2.247818121168825
2.0998562296858103 2.241769388043717
2.0953040769461335 2.2357244822335907
2.090789686453574 2.229682955976806
2.0863128719258817 2.2236443432695525
2.0818734561734926 2.21760815952238
2.07747127186413 2.2115739012239644
2.0731061623270497 2.2055410456137805
2.0687779823985304 2.1995090503655272
2.064486599310203 2.193477353283297
2.060231893621821 2.1874453720126716
2.0560137602000714 2.1814125037691143
2.0518321092450087 2.175378125086218
2.04768686736567 2.1693415915865897
2.043577978706388 2.1633022377783653
2.0395054061252726 2.1572593768805977
2.0354691324262637 2.1512123006809807
2.031469161646066 2.1451602794296707
2.0275055203971912 2.139102561773188
2.0235782592681915 2.1330383747327057
2.0196874542820322 2.1269669237313047
2.0158332084133765 2.1208873926750673
2.012015653165356 2.114798944093219
2.00823495020617 2.108700719342836
2.0044912930655943 2.102591838883946
2.0007849088911795 2.096471402631215
1.997116060263591 2.0903384903887297
1.9934850470701388 2.084192162374719
1.989892208435165 2.0780314598434044
1.9863379247054356 2.0718554058114953
1.9828226194882048 2.0656630058971612
1.9793467617390188 2.0594532492796387
1.975910867895703 2.0532251097878946
1.9725155040542943 2.046977547127072
1.9691612881819107 2.0407095082516498
1.9658488923607544 2.0344199288944833
1.9625790450565488 2.0281077352610297
1.959352533403772 2.0217718458981953
1.9561702054990255 2.015411173747277
1.9530329726928026 2.0090246283904687
1.9499418118687668 2.0026111185003006
1.9468977676984334 1.9961695545011888
1.9439019548578744 1.9896988514520015
1.940955560191734 1.9831979321581357
1.9380598448084474 1.97666573052107
1.9352161460891268 1.9701011951327043
1.9324258795911151 1.9635032931209666
1.9296905408257075 1.9568710142521855
1.9270117068880346 1.9502033752945582
1.9243910379156075 1.9434994246456894
1.9218302783505392 1.936758247225594
1.919331257979017 1.929978969634801
1.9168958927202366 1.9231607655751508
1.9145261851357211 1.9163028615286453
1.9122242246287937 1.909404542687227
1.9099921873029648 1.902465159123591
1.9078323354471707 1.8954841321901794
1.905747016615214 1.8884609611302476
1.9037386622664108 1.8813952298814267
1.9018097859344343 1.8742866140485193
1.899962980891645 1.8671348880183358
1.8982009172769203 1.859939932185308
1.8965263386561206 1.8527017402523647
1.89494205798595 1.8454204265671963
1.8934509529540913 1.8380962334496012
1.8920559606711858 1.8307295384611637
1.8907600716934745 1.823320861564113
1.889566323358817 1.815870872111903
1.8884777924233047 1.8083803956099829
1.8874975869908484 1.800850420181361
1.8866288377339224 1.7932821026681234
1.8858746884101052 1.78567677429705
1.8852382856861019 1.7780359458350212
1.8847227682885896 1.7703613121581094
1.884331255509386 1.7626547561572266
1.8840668351010645 1.7549183519030311
1.8839325506081426 1.7471543669935734
1.883931388188221 1.739365264010008
1.8840662629868632 1.731553701008659
1.8843400051394266 1.7237225309818593
1.8847553454823138 1.715874800225393
1.88531490106509 1.7080137455570095
1.8860211605633723 1.7001427903384014
1.8868764697002112 1.6922655392622319
1.8878830167906222 1.6843857718761557
1.8890428185298225 1.6765074348273208
1.890357706150397 1.6686346328233401
1.8918293120768832 1.6607716183191776
1.8934590572079557 1.652922779953498
1.8952481389564206 1.64509262977273
1.8971975201754074 1.6372857892960277
1.8993079190954674 1.6295069744893695
1.9015798003916742 1.62176097973185
1.904013367492252 1.61405266087159
1.9066085562307984 1.6063869174823053
1.9093650299328946 1.5987686744441714
1.912282176014888 1.5912028629839134
1.9153591041581195 1.5836944013188463
1.9185946461060013 1.576248175057552
1.9219873571143917 1.5688690175159452
1.9255355190679415 1.5615616901113625
1.9292371452567836 1.5543308629989863
1.9330899867894333 1.5471810961142423
1.9370915405993765 1.5401168207818123
1.9412390589848871 1.5331423220465905
1.9455295606044496 1.526261721874332
1.9499598428340812 1.5194789633600974
1.9545264953781167 1.5127977960709558
1.9592259150119378 1.5062217626360923
1.9640543213238437 1.499754186682632
1.9690077733140359 1.493398162199495
1.9740821867015685 1.4871565443946686
1.9792733517852463 1.481031942093807
1.9845769517018368 1.4750267117102913
1.989988580924576 1.4691429527991848
1.9955037638467616 1.4633825051901568
2.0011179732990874 1.457746947677736
2.0068266488551934 1.4522375982314344
2.0126252147874313 1.4468555156736032
2.0185090975439564 1.4416015027595201
2.024473742628643 1.4364761105823471
2.0305146307768114 1.4314796442153184
2.036627293332036 1.426612169494964
2.042807326742194 1.4218735208423074
2.049050406106089 1.4172633100138723
2.055352297715313 1.4127809356709229
2.0617088705491327 1.4084255936535905
2.0681161066930773 1.404196287846325
2.074570110664202 1.4000918415223451
2.081067117637713 1.3961109090572918
2.0876035005805287 1.392251987906012
2.094175776307362 1.3885134307411218
2.100780610483945 1.3848934576575929
2.1074148216100763 1.3813901683538932
2.1140753840221285 1.3780015542070525
2.1207594299605996 1.3747255101662592
2.1274642507532073 1.3715598463970735
2.134187297167877 1.368502299615962
2.1409261789929372 1.3655505440624602
2.1476786639038257 1.3627022020637813
2.154442675676778 1.359954854153995
2.1612162918103803 1.357306048716935
2.167997740615555 1.3547533111286745
2.174785397833632 1.3522941523817056
2.181577782840698 1.3499260771788109
2.1883735544944947 1.3476465914900129
2.1951715066778483 1.3454532095708807
2.201970563589975 1.343343460444916
2.2087697748341713 1.3413148938566477
2.215568310347347 1.3393650857055377
2.222365455213718 1.3374916429737609
2.2291606044017267 1.3356922081634752
2.235953257460033 1.3339644632613048
2.2427430132051795 1.3323061332494648
2.2495295644303535 1.3307149891843117
2.256312692661594 1.3291888508640985
2.2630922629847925 1.3277255891084134
2.2698682189639867 1.326323127672193
2.2766405776687453 1.3249794448173748
2.2834094248258676 1.3236925745651955
2.2901749101082456 1.3224606076519
2.296937242571492 1.3212816922102308
2.3036966862468993 1.320154034198502
2.3104535558973955 1.3190758975984211
2.3172082129414364 1.3180456044020525
2.323961061548221 1.3170615344074952
2.3307125449062163 1.316122124841955
2.3374631416657046 1.3152258698299706
2.344213362554978 1.3143713197235907
2.350963747168806 1.3135570803103438
2.357714860926966 1.3127818119138557
2.364467292199873 1.3120442284010179
2.3712216495977474 1.3113430961086519
2.3779785594191947 1.3106772327016865
2.3847386632546668 1.3100455059739577
2.3915026157399146 1.3094468326018713
2.3982710824542495 1.3088801768603238
2.4050447379582507 1.3083445493094765
2.4118242639653786 1.307839005460213
2.418610347641876 1.3073626444253823
2.425403680029291 1.3069146075632483
2.4322049545839493 1.306494077118918
2.4390148658277226 1.3061002748689212
2.44583410810453 1.3057324607735448
2.4526633744370594 1.305389931641005
2.4595033554783527 1.3050720198070456
2.466354738552983 1.304778091833106
2.473218206782738 1.3045075472257799
2.480094438291854 1.3042598171799051
2.4869841054870214 1.3040343633472755
2.493887874407569 1.3038306766326373
2.500806404141389 1.3036482760183505
2.5077403463023784 1.3034867074188152
2.5146903445653273 1.3033455425655371
2.521657034254387 1.3032243779234776
2.528641041981438 1.3031228336391423
2.5356429853308375 1.303040552520687
2.5426634725872312 1.3029771990501633
2.5497031025032624 1.3029324584278863
2.5567624641042115 1.3029060356487832
2.563842136526725 1.302897654610477
2.5709426888890015 1.302907057252761
2.5780646801898977 1.3029340027280414
2.5852086592346373 1.3029782666022478
2.5923751645848703 1.3030396400856648
2.5995647245310356 1.3031179292930672
2.6067778570850657 1.3032129545325186
2.6140150699916154 1.3033245496221442
2.6212768607561143 1.303452561234169
2.6285637166880496 1.3035968482654854
2.635876114958002 1.3037572812340028
2.6432145226670434 1.3039337417000179
2.650579396927227 1.3041261217118378
2.6579711849519594 1.3043343232748867
2.6653903241551573 1.3045582578435264
2.672837242258155 1.3047978458348257
2.680312357403419 1.3050530161635174
2.6878160782741762 1.3053237057973968
2.6953488042191567 1.305609859332415
2.7029109253816936 1.3059114285867464
2.7105028228324914 1.3062283722131112
2.7181248687054276 1.3065606553286575
2.7257774263358026 1.3069082491617188
2.7334608504005073 1.3072711307147793
2.7411754870596097 1.3076492824430008
2.7489216740989253 1.308042691947679
2.7566997410731515 1.3084513516840166
2.764510009449199 1.3088752586826167
2.7723527927493867 1.3093144142841266
2.7802283966941865 1.3097688238864675
2.788137119344246 1.3102384967041152
2.7960792512414385 1.3107234455389123
2.804055075548721 1.3112236865619085
2.812064868188589 1.3117392391057425
2.8201088979799636 1.312270125467103
2.828187426773339 1.312816370718817
2.836300709584062 1.3133780025311346
2.844448994723612 1.3139550510017932
2.852632523928773 1.314547548494463
2.8608515324886206 1.3151555294851904
2.869106249369222 1.3157790304164685
2.8773968973360002 1.3164180895585857
2.885723693073696 1.3170727468779109
2.8940868473038877 1.3177430439117903
2.902486564900035 1.318429023649745
2.9109230450000037 1.3191307304206723
2.919396481116079 1.3198482097857653
2.927907061242426 1.3205815084368764
2.936454967960015 1.3213306741000628
2.945040378538995 1.3220957554440678
2.9536634650385296 1.322876801993494
2.9623243944041064 1.323673864046444
2.9710233285623264 1.3244869925964078
2.9797604245132003 1.3253162392581879
2.9885358344199675 1.3261616561976672
2.99734970569647 1.327023296065222
3.0062021810920996 1.3279012119326057
3.0150933987743564 1.3287954572331262
3.0240234924090474 1.32970608570495
3.032992591238162 1.330633151337379
3.042000820155457 1.331576708319948
3.051048299779791 1.332536810994195
3.060135146526246 1.3335135138079754
3.0692614726750764 1.3345068712721817
3.078427386438523 1.335516937919748
3.0876329920255396 1.3365437682668202
3.0968783897044645 1.3375874167759787
3.106163675863687 1.338647937821404
3.1154889430703463 1.3397253856558846
3.1248542801271095 1.3408198143795698
3.134259772127066 1.3419312779103691
3.1437055005067824 1.343059829955918
3.1531915430975648 1.3442055239870163
3.1627179741749645 1.3453684132124653
3.172284864506571 1.3465485505552235
3.1818922813981376 1.3477459886298093
3.1915402887380715 1.3489607797208807
3.2012289470403443 1.3501929757629259
3.2109583134858455 1.3514426283210015
3.220728441962233 1.3527097885724588
3.2305393831023124 1.353994507289602
3.2403911843209903 1.3552968348232213
3.2502838898508304 1.356616821086953
3.2602175407762592 1.3579545155424144
3.270192175066455 1.359309967185069
3.2802078276069553 1.3606832245307754
3.290264530230022 1.362074335602981
3.300362311743796 1.3634833479205155
3.3105011979602783 1.3649103084859524
3.320681211722169 1.3663552637744951
3.3309023729286062 1.3678182597233604
3.3411646985598193 1.3692993417216188
3.3514682027007536 1.37079855460047
3.3618128965636758 1.372315942623913
3.3721987885098006 1.3738515494797947
3.382625884069973 1.3754054182711974
3.393094185964428 1.3769775915081535
3.403603694121657 1.3785681110996506
3.414154405696418 1.3801770183459146
3.4247463150869084 1.381804353930942
3.4353794139511282 1.3834501579152647
3.4460536912224695 1.385114469728927
3.4567691331245443 1.3867973281646546
3.4675257231852883 1.388498771371202
3.4783234422503613 1.3902188368468564
3.489162268495863 1.3919575614330877
3.5000421774404007 1.3937149813083263
3.510963141956519 1.3954911319818548
3.5219251322815213 1.3972860482878036
3.53292811602771 1.3990997643792322
3.543972058192055 1.4009323137222893
3.555056921165318 1.4027837290904381
3.566182664740664 1.404654042558736
3.5773492461217598 1.4065432854981585
3.588556619930397 1.4084514885699626
3.5998047382136495 1.4103786817200692
3.6110935504505908 1.4123248941734707
3.622423003558583 1.4142901544286446
3.6337930418991635 1.4162744902519702
3.645203607283543 1.418277928672141
3.6566546389777304 1.4203004959745669
3.6681460737073084 1.4223422176957579
3.6796778456618693 1.4244031186176842
3.6912498864991363 1.4264832227621091
3.7028621253487732 1.4285825533848877
3.714514488815915 1.430701132970226
3.7262069009844203 1.4328389832248984
3.7379392834198693 1.4349961250724186
3.7497115551723192 1.4371725786471568
3.7615236327788346 1.4393683632884058
3.7733754302657974 1.4415834975343875
3.7852668591510272 1.443817999116199
3.7971978284457117 1.4460718849516945
3.809168244656161 1.4483451711393025
3.821178011785413 1.4506378729517726
3.833227031334682 1.452950004829854
3.8453152023046857 1.4552815803758987
3.8574424211968417 1.4576326123473933
3.8696085820143615 1.4600031126504125
3.881813576263248 1.4623930923329973
3.8940572929532036 1.464802561578454
3.9063396185984747 1.4672315296985736
3.9186604372186236 1.469680005126772
3.93101963033926 1.472147995411148
3.943417076992727 1.4746355072074606
3.9558526537187606 1.4771425462720247
3.968326234565132 1.4796691174545231
3.9808376910882797 1.4822152246907383
3.993386892353949 1.4847808709951997
4.005973704937839 1.4873660584537503
4.018597992926277 1.4899707882160287
4.031259617916919 1.4925950604878737
4.043958439019503 1.4952388745236416
4.05669431285664 1.4979022286184476
4.06946709356468 1.5005851201003246
4.082276632794631 1.5032875453223018
4.095122779713177 1.506009499654406
4.108005381003763 1.5087509774755836
4.120924280867796 1.5115119721655461
4.133879321025933 1.5142924760965406
4.146870340719495 1.5170924806250434
4.159897176711997 1.519911976083381
4.172959663290809 1.5227509517712798
4.1860576322689536 1.5256093959473422
4.1991909129870555 1.5284872958204552
4.212359332315436 1.53138463754113
4.22556271465637 1.534301406192775
4.2388008819465215 1.5372375857829041
4.252073653659545 1.5401931592342801
4.265380846808877 1.543168108375999
4.278722275950711 1.546162413934512
4.292097753187186 1.549176055524591
4.305507088169758 1.5522090116402367
4.318950088102809 1.5552612596455335
4.332426557747452 1.5583327757654517
4.345936299425581 1.5614235350765988
4.359479113024142 1.5645335114979237
4.373054795999647 1.5676626777813745
4.386663143382934 1.5708110055025108
4.40030394778418 1.5739784650510782
4.4139769993981695 1.5771650256215386
4.427682086009833 1.5803706552035663
4.441418993000052 1.5835953205725097
4.455187503351742 1.5868389872798174
4.468987397656223 1.590101619643438
4.48281845411987 1.5933831807381897
4.496680448571067 1.5966836323861056
4.510573154467457 1.6000029351467562
4.524496342903502 1.603341048307552
4.538449782618348 1.606697929874029
4.552433240004014 1.610073536560117
4.5664464791139014 1.6134678237783997
4.580489261671635 1.61688074563036
4.594561347080224 1.6203122548966231
4.608662492431584 1.6237623030271915
4.622792452516384 1.627230840131682
4.636950979834246 1.6307178149695596
4.65113782460431 1.6342231749403804
4.665352734776139 1.6377468660740364
4.679595456041005 1.641288833021014
4.693865731843533 1.6448490190426621
4.7081633033937225 1.6484273660014772
4.7224879096793435 1.6520238143514052
4.736839287478717 1.6556383031281665
4.751217171373887 1.6592707699396023
4.765621293764171 1.6629211509560518
4.780051384880119 1.6665893809007535
4.794507172797869 1.6702753930402863
4.808988383453901 1.6739791191750397
4.823494740660207 1.677700489629729
4.838025966119872 1.6814394332439477
4.852581779443063 1.685195877362766
4.867161898163454 1.688969747827379
4.881766037755062 1.692760968965804
4.896393911649516 1.696569463583631
4.911045231253762 1.7003951529548331
4.925719705968198 1.7042379568126333
4.940417043205252 1.708097793340437
4.955136948408402 1.7119745791628305
4.969879125071646 1.7158682293366456
4.984643274759416 1.719778657342102
4.999429097126951 1.723705775074018
5.014236289941126 1.7276494928331065
5.029064549101738 1.7316097193173474
5.043913568663268 1.7355863616134461
5.058783040857091 1.7395793251883804
5.073672656114171 1.7435885138810368
5.0885821030882274 1.7476138298939399
5.103511068679371 1.75165517378508
5.118459238058227 1.7557124444598402
5.133426294690537 1.7597855391630233
5.148411920362248 1.7638743534709884
5.163415795205089 1.767978781283893
5.178437597722639 1.7720987148180491
5.19347700481689 1.776234044598391
5.208533691815304 1.7803846594510648
5.223607332498378 1.7845504464961335
5.238697599127699 1.7887312911404092
5.253804162474514 1.7929270770704107
5.268926691848806 1.7971376862454491
5.284064855128879 1.8013629988908468
5.299218318791447 1.8056028934912909
5.314386747942264 1.8098572467843248
5.329569806347244 1.814125933753979
5.3447671564641155 1.8184088276245478
5.3599784594746005 1.8227057998545084
5.3752033753171125 1.8270167201305938
5.390441562719987 1.8313414563620123
5.405692679235245 1.835679874674824
5.420956381272881 1.8400318394064734
5.436232324135696 1.8443972131004833
5.45152016205466 1.848775856501307
5.466819548224822 1.8531676285493495
5.482130134841762 1.8575723863761524
5.497451573138583 1.8619899852997512
5.512783513423454 1.8664202788202036
5.528125605117704 1.870863118615292
5.54347749679447 1.8753183545364056
5.558838836217898 1.879785834604598
5.574209270382898 1.88426540500683
5.589588445555471 1.8887569100923955
5.604976007313585 1.8932601923695342
5.6203716005886255 1.8977750925022312
5.635774869707417 1.90230144930721
5.651185458434802 1.9068390997511178
5.666603010016811 1.9113878789479046
5.682027167224395 1.9159476201564019
5.697457572397749 1.9205181547780983
5.712893867491207 1.9250993123551199
5.728335694118733 1.9296909205684112
5.743782693599995 1.934292805236122
5.759234507007031 1.9389047903122032
5.774690775211514 1.9435266978852097
5.790151138932613 1.948158348177317
5.805615238785453 1.9527995595435481
5.821082715330194 1.9574501484712166
5.836553209121696 1.962109929579587
5.8520263607598295 1.9667787156197514
5.867501810940371 1.9714563174747295
5.882979200506542 1.9761425441597855
5.89845817050117 1.9808372028229724
5.913938362219473 1.9855400987459002
5.929419417262481 1.9902510353447311
5.944900977591107 1.9949698141714003
5.960382685580853 1.999696234915071
5.975864184077165 2.0044300954038183
5.991345116451453 2.0091711916065447
6.006825126657764 2.0139193176351338
6.022303859290123 2.0186742657468364
6.037780959640551 2.023435826346897
6.053256073757758 2.028203787991416
6.068728848506525 2.032977937390459
6.084198931627775 2.037758059411398
6.0996659717993476 2.0425439370825087
6.115129618697479 2.047335351596799
6.130589523058995 2.052132082316099
6.14604533674423 2.0569339067753885
6.161496712800681 2.0617406006873784
6.176943305527386 2.066551937947345
6.192384770540073 2.0713676906382164
6.20782076483705 2.0761876290359123
6.223250946865871 2.0810115216149443
6.238674976590783 2.0858391350542727
6.254092515560951 2.090670234243425
