6.2730537544004985 2.084459604396468
6.288250188865284 2.0897906526514327
6.303434479820139 2.0951315990578587
6.318606224372341 2.1004822707671726
6.333765020537296 2.1058424936783955
6.348910467294766 2.1112120924490623
6.364042164645571 2.11659089050647
6.379159713668771 2.1219787100592455
6.394262716579314 2.127375372109256
6.409350776786188 2.1327806964638425
6.424423498951037 2.1381945017483974
6.439480489047281 2.1436166054192825
6.454521354419731 2.1490468237770872
6.469545703844686 2.1544849719802364
6.484553147590555 2.159930864058949
6.499543297478975 2.1653843129295507
6.51451576694644 2.170845130409145
6.529470171106455 2.176313127230647
6.544406126812218 2.1817881130581815
6.5593232527198255 2.187269896502855
6.574221169352019 2.1927582851389005
6.589099499162484 2.198253085520201
6.603957866600693 2.2037541031972006
6.618795898177315 2.2092611427342024
6.6336132225301965 2.2147740077270632
6.6484094704909165 2.220292500821288
6.6631842751519335 2.2258164237305276
6.67793727193433 2.2313455772554933
6.692668098656171 2.2368797613032876
6.70737639560147 2.2424187749071582
6.722061805589806 2.2479624162466885
6.736723974046563 2.253510482668422
6.751362549073846 2.25906277070694
6.7659771815220555 2.2646190761063885
6.780567525062149 2.27017919384247
6.795133236258605 2.275742918144912
6.809673974643105 2.2813100425204125
6.82418940278893 2.2868803597760774
6.838679186386128 2.2924536620433638
6.853142994317434 2.2980297408025283
6.867580498734977 2.303608386907609
6.88199137513779 2.309189390611937
6.896375302450151 2.314772541594196
6.910731963100755 2.320357628985051
6.925061043102773 2.325944441394343
6.939362232134787 2.331532766938884
6.953635223622642 2.3371223932708487
6.9678797148222475 2.3427131076067975
6.982095406903327 2.348304696757333
6.9962820050341765 2.3538969471574145
7.010439218467435 2.359489644897352
7.024566760626914 2.3650825757544918
7.038664349195493 2.3706755252256233
7.052731706204147 2.376268278560123
7.066768558122104 2.381860620793861
7.080774635948193 2.3874523367838933
7.094749675303404 2.393043211243969
7.108693416524704 2.3986330287808757
7.122605604760142 2.4042215739316495
7.136485990065285 2.409808631201687
7.150334327501043 2.4153939851037842
7.1641503772328825 2.4209774201981373
7.177933904631528 2.426558721133339
7.191684680375165 2.432137672688408
7.2054024805531895 2.437714059815894
7.219087086771584 2.4432876676860875
7.232738286259928 2.448858281732389
7.246355871980146 2.4544256876978716
7.259939642737008 2.4599896716830982
7.273489403290459 2.46555002019522
7.287004964469848 2.4711065201984366
7.300486143290081 2.476658959165843
7.3139327630698165 2.482207125132747
7.327344653551714 2.487750806751494
7.340721651024849 2.4932897933478806
7.354063598449344 2.498823874979217
7.367370345583284 2.5043528424940993
7.380641749112022 2.5098764875939836
7.393877672779911 2.5153946028966208
7.40707798752459 2.5209069820014425
7.420242571613872 2.526413419556989
7.433371310785335 2.5319137113304504
7.446464098388723 2.537407654279436
7.459520835531215 2.5428950466260583
7.472541431225698 2.54837568793344
7.485525802542106 2.5538493791847516
7.498473874761966 2.5593159228648967
7.511385581536224 2.564775123044969
7.524260865046486 2.570226785469594
7.537099676169769 2.5756707176473155
7.549901974646898 2.5811067289441354
7.5626677292546525 2.5865346306803856
7.575396917981803 2.5919542362310604
7.588089528209147 2.597365361129797
7.600745556893701 2.602767823176656
7.613365010757169 2.608161442549896
7.625947906478837 2.613546041921927
7.638494270893029 2.6189214465796473
7.651004141191286 2.624287484549362
7.663477565129419 2.629643986726523
7.675914601239591 2.6349907870105107
7.688315319047597 2.6403277224447024
7.7006797992954965 2.6456546333620947
7.713008134169802 2.6509713635367405
7.7253004275353625 2.656277760341291
7.737556795175152 2.661573674910948
7.749777365036145 2.666858962314133
7.761962277481455 2.672133481730208
7.7741116855489665 2.677397096634614
7.786225755216622 2.6826496749917688
7.798304665674601 2.6878910894561376
7.810348609604596 2.6931212175818686
7.822357793466399 2.6983399420414367
7.834332437792003 2.703547150853738
7.8462727774874965 2.7087427376221225
7.858179062142911 2.713926601782859
7.870051556350317 2.7190986488645708
7.881890540030373 2.7242587907591957
7.893696308767586 2.729406946005059
7.9054691741545176 2.73454304008268
7.917209464145209 2.739667005723968
7.928917523418047 2.7447787832354904
7.940593713748355 2.7498783208365465
7.9522384143909495 2.7549655750128013
7.963852022472931 2.760040510886296
7.975434953396966 2.76510310260268
7.986987641255325 2.770153333736562
7.99851053925493 2.775191197715917
8.010004120153676 2.780216698266567
8.021468876708274 2.7852298498777506
8.032905322133908 2.7902306782899355
8.044313990575874 2.7952192210059956
8.055695437593524 2.8001955278270128
8.067050240656709 2.8051596614140037
8.07837899965495 2.8101116978769305
8.08968233741954 2.815051727392439
8.100960900258812 2.8199798548518746
8.1122153585067 2.824896200541152
8.123446407084801 2.829800900854201
8.134654766078059 2.834694109041772
8.145841181324192 2.8395759959974853
8.15700642501693 2.844446751083121
8.168151296323158 2.849306582995262
8.179276622013932 2.8541557206754904
8.190383257109362 2.8589944142664843
8.20147208553729 2.86382293611649
8.212544020805629 2.8686415818347735
8.223600006688153 2.873450671400774
8.23464101792352 2.8782505503298865
8.24566806092713 2.8830415908988973
8.256682174515458 2.8878241934343216
8.267684430642305 2.892598787667005
8.278675935146362 2.8973658341565813
8.289657828509338 2.902125825789571
8.300631286623773 2.9068792893550377
8.311597521569542 2.9116267872020596
8.322557782397864 2.916368918983351
8.333513355921431 2.9211063234897092
8.344465567509166 2.9258396805801565
8.35541578188379 2.9305697132129107
8.366365403920199 2.9352971895825535
8.377315879442422 2.940022925369135
8.388268696016539 2.944747786105089
8.399225383736702 2.9494726896662833
8.41018751600105 2.9541986088937295
8.421156710273843 2.958926574352867
8.432134628829804 2.963657677237593
8.443122979476147 2.968393072426642
8.454123516247243 2.973133981700167
8.465138040066357 2.977881697124825
8.476168399368195 2.9826375846159174
8.487216490675454 2.987403087685654
8.498284259121643 2.9921797313868232
8.509373698911826 2.99696912646163
8.520486853711896 3.001772973705788
8.531625816956105 3.00659306855831
8.542792732061502 3.0114313059278333
8.553989792536742 3.0162896852665924
8.565219241971521 3.021170315903552
8.576483373891467 3.026075422648418
8.587784531461846 3.031007351678593
8.599125107021845 3.0359685767212787
8.61050754142936 3.0409617055431997
8.621934323194337 3.0459894867603667
8.633407987376637 3.0510548169805336
8.64493111422213 3.056160748290745
8.65650632750823 3.0613104961023243
8.668136292567578 3.066507447365324
8.679823713955521 3.071755169163969
8.691571332724177 3.0770574177040713
8.703381923262423 3.082418147702531
8.715258289657633 3.0878415221879667
8.727203261531221 3.093331922720246
8.739219689295899 3.098893960034971
8.751310438778306 3.1045324851170624
8.76347838514592 3.1102526007051092
8.775726406072383 3.1160596732253554
8.788057374070066 3.121959345150746
8.800474147913338 3.1279575477765706
8.812979563070131 3.1340605143994567
8.825576421053555 3.1402747938812055
8.838267477598977 3.146607264572666
8.851055429565632 3.1530651485656245
8.863942900455246 3.159656026232546
8.876932424433491 3.166387851004468
8.890026428733448 3.1732689643268617
8.90322721431362 3.1803081107209588
8.916536934636683 3.1875144528645105
8.929957572429021 3.1948975865905678
8.94349091427556 3.202467555685587
8.957138522899502 3.210234866349014
8.97090170697263 3.2182105011551085
8.984781488299097 3.22640593233412
8.998778566214396 3.234833134163817
9.012893279041961 3.243504594233855
9.027125562452802 3.2524333233140177
9.041474904579598 3.261632863523679
9.05594029774579 3.271117294463006
9.070520186683618 3.2809012369271895
9.085212413132963 3.2909998537831817
9.100014156736346 3.3014288475442073
9.114921872175225 3.3122044541312152
9.12993122252958 3.323343432262628
9.145037008888039 3.33486304786517
9.160233096289868 3.3467810528497366
9.17551233614464 3.3591156575483776
9.190866485350856 3.3718854960627187
9.206286122422428 3.3851095837321195
9.221760561032536 3.3988072658933453
9.237277761498746 3.4129981570748713
9.252824240861703 3.427702069750345
9.268384982352899 3.4429389317704944
9.283943345204266 3.45872869160401
9.299480975923409 3.4750912105488916
9.314977722341816 3.492046141131337
9.330411551937212 3.5096127909920884
9.345758476132964 3.52780997167652
9.360992482482605 3.5466558318968384
9.37608547685183 3.5661676750287725
9.391007237907182 3.586361760843297
9.40572538640245 3.6072530917599286
9.420205371912482 3.628855184245033
9.434410479788548 3.6511798263649196
9.448301861189245 3.674236822941144
9.461838589063507 3.69803373023907
9.474977742914731 3.7225755826457463
9.487674525044648 3.747864614350942
9.4998824107494 3.7738999796231063
9.511553334607152 3.800677475855534
9.52263791454702 3.8281892741271
9.53308571481671 3.856423662554817
9.542845548268662 3.8853648081860737
9.551865817564517 3.914992543558665
9.560094893963765 3.9452821843172092
9.56748153133042 3.9762043843857624
9.573975311883933 4.007725035129151
9.57952711906794 4.039805214666658
9.58408963175019 4.072401193008939
9.587617832842982 4.105464497963342
9.590069524394368 4.1389420457878625
9.591405840297833 4.17277633938087
9.59159174705368 4.206905735390909
9.590596522538288 4.2412647800517735
9.58839420254041 4.275784611838623
9.584963984940627 4.310393427256966
9.580290581862206 4.345017004284515
9.574364510915487 4.379579276257255
9.56718231778358 4.414002947400415
9.558746723827236 4.448210139824164
9.549066694077476 4.482123060698926
9.538157422876864 4.515664677551213
9.52604023645319 4.548759389218713
9.512742413783176 4.58133367999648
9.498296929145798 4.613316744898451
9.482742121692365 4.644641074735556
9.46612129909801 4.675242990838418
9.448482283840397 4.705063120679788
9.429876911824774 4.734046807314601
9.410360493904301 4.762144447381773
9.389991251313607 4.789311754323566
9.368829736141702 4.815509945398557
9.346938247735288 4.840705852919009
9.32438025537644 4.864871961868425
9.301219836763362 4.8879863775955315
9.277521140791297 4.910032728595717
9.253347881938772 4.931000010452899
9.228762872270728 4.950882377810035
9.203827595730186 4.969678891764125
9.178601828055381 4.987393230353188
9.153143304375146 5.004033369837242
9.127507435338313 5.019611244301034
9.101747071551987 5.0341423907546075
9.075912315158531 5.047645586413422
9.050050376583606 5.060142484237911
9.024205473842217 5.071657252136615
8.99841877129395 5.082216220519168
8.972728354385408 5.091847542152904
8.947169236695913 5.1005808675539175
8.921773395497535 5.108447038449241
8.89656983203729 5.1154778011966
8.87158465283075 5.1217055414529575
8.846841168406721 5.127163040849769
8.82236000614594 5.131883255965533
8.798159234098787 5.13589911948554
8.774254492934745 5.139243363103787
8.750659133458683 5.141948361449269
8.727384357415993 5.1440459961044755
8.704439359593113 5.145567538622094
8.681831469495057 5.146543551331453
8.65956629114286 5.147003804652838
8.637647839778253 5.14697720959965
8.616078674487227 5.146491764140085
8.594860025958523 5.145574512105674
8.573991918775516 5.144251513369543
8.55347328780186 5.142547824067517
8.533302088362573 5.140487485696912
8.513475400044122 5.138093521997441
8.493989524040966 5.135387942593171
8.474840074063193 5.132391752451877
8.4560220608919 5.129124966296111
8.43752997072734 5.1256066271775715
8.419357837521309 5.121854828501514
8.401499309520847 5.117886738860177
8.38394771027694 5.113718629102775
8.366696094390408 5.109365901134074
8.349737298279146 5.104843117993685
8.333063986256898 5.100164034823744
8.316668692215353 5.095341630383726
8.300543857199024 5.090388138817641
8.284681863156791 5.085315081421112
8.269075063146284 5.080133298193843
8.25371580825745 5.074852978997151
8.238596471510567 5.069483694166628
8.223709468971812 5.064034424457049
8.20904727831691 5.058513590220428
8.194602455060169 5.052929079739114
8.180367646653107 5.047288276654088
8.166335604643814 5.041598086444511
8.152499195075242 5.035864961928316
8.13885140728813 5.03009492776545
8.12538536128222 5.024293603955358
8.112094313777796 5.018466228328882
8.098971663108497 5.01261767804187
8.086010953066006 5.006752490083681
8.07320587580723 5.000874880818714
8.060550273925344 4.994988764582976
8.04803814177744 4.989097771360871
8.03566362615334 4.983205263569817
8.023421026362625 4.97731435198211
8.011304793809927 4.971427910814807
7.999309531122112 4.965548592019198
7.987429990884856 4.959678838801988
7.975661074040831 4.953820898410417
7.96399782799643 4.94797683421349
7.95243544447944 4.942148537111163
7.9409692571857935 4.936337736302786
7.9295947392496 4.930546009445514
7.918307500567126 4.924774792232588
7.9071032850021306 4.919025387420542
7.895977967497037 4.913298973333466
7.884927551111686 4.907596611871474
7.873948164009009 4.901919256049506
7.863036056404758 4.896267757091573
7.852187597496373 4.890642871104494
7.8413992723843124 4.8850452653541385
7.830667678997513 4.879475524166157
7.81998952503311 4.873934154472146
7.809361624919344 4.868421591021218
7.79878089680926 4.862938201275928
7.788244359611799 4.857484290010609
7.777749130065871 4.852060103629217
7.767292419862198 4.846665834218895
7.756871532816859 4.8413016233546236
7.746483862099862 4.835967565669514
7.736126887521378 4.83066371220447
7.7257981728778 4.825390073550245
7.715495363359228 4.820146622794157
7.7052161830196 4.814933298283069
7.694958432310332 4.809750006213565
7.684719985677898 4.80459662305964
7.674498789225619 4.799472997847656
7.664292858439565 4.794378954287696
7.654100275978291 4.789314292769999
7.643919189525971 4.784278792234575
7.633747809708257 4.77927221192168
7.623584408070081 4.774294293010372
7.613427315114532 4.769344760151904
7.603274918401737 4.764423322904385
7.593125660706734 4.759529677074662
7.582978038235088 4.754663505973127
7.57283059889509 4.749824481586725
7.562681940625238 4.745012265675173
7.552530709775717 4.7402265107950825
7.5423755995425354 4.735466861256407
7.532215348452961 4.73073295401536
7.522048738900942 4.7260244195076995
7.511874595731105 4.721340882426048
7.501691784870001 4.716681962444697
7.491499212003237 4.712047274895115
7.481295821297143 4.707436431395228
7.471080594163675 4.702849040435293
7.460852548067204 4.698284707923085
7.450610735371936 4.693743037690885
7.440354242228672 4.689223631966666
7.430082187499674 4.684726091811677
7.419793721720414 4.6802500175265385
7.409488026097014 4.6757950090277935
7.3991643115382075 4.671360666196769
7.388821817720697 4.666946589202472
7.378459812186782 4.662552378800161
7.368077589473195 4.658177636607103
7.357674470270086 4.653821965356969
7.347249800609133 4.6494849691342
7.336802951079791 4.645166253589626
7.326333316072722 4.640865426138518
7.315840313049459 4.636582096142188
7.305323381837417 4.6323158750742
7.294781983949352 4.628066376672161
7.2842156019264355 4.62383321707603
7.273623738704124 4.619616014953812
7.263005917000008 4.615414391615448
7.252361678722892 4.611227971115677
7.241690584402357 4.607056380346591
7.230992212638075 4.602899249120541
7.220266159568188 4.598756210244061
7.209512038356093 4.594626899583384
7.19872947869496 4.590510956122106
7.187918126329377 4.586408022011561
7.1770776425935 4.582317742614345
7.166207703965154 4.578239766541512
7.15530800163528 4.574173745683832
7.144378241092231 4.570119335237548
7.133418141720354 4.566076193725002
7.122427436412376 4.562043983010504
7.111405871195099 4.558022368311766
7.100353204867943 4.554011018207229
7.08926920865386 4.550009604639588
7.07815366586221 4.546017802915786
7.067006371563166 4.5420352917037325
7.055827132273235 4.5380617530260094
7.044615765651519 4.534096872250794
7.033372100206324 4.530140338080203
7.022095975011758 4.526191842536273
7.0107872394339745 4.522251080944761
6.999445752866717 4.5183177519169595
6.988071384475834 4.51439155732967
6.976664012952457 4.510472202303514
6.96522352627455 4.506559395179717
6.953749821476502 4.502652847495505
6.942242804426529 4.498752273958258
6.930702389611582 4.494857392418511
6.919128499929503 4.490967923841948
6.90752106648819 4.4870835922804835
6.895880028411523 4.483204124842518
6.8842053326518 4.479329251662485
6.872496933808494 4.475458705869759
6.860754793953065 4.471592223557006
6.84897888245967 4.467729543748074
6.837169175841517 4.4638704083654615
6.825325657592708 4.4600145621974585
6.813448318035362 4.4561617528650075
6.801537154171838 4.452311730788348
6.789592169541893 4.448464249153499
6.777613374084592 4.444619063878623
6.765600784004816 4.4407759335803245
6.75355442164421 4.436934619539935
6.741474315356416 4.433094885669802
6.729360499386446 4.429256498479641
6.717213013754054 4.425419227042982
6.705031904140968 4.421582842963731
6.692817221781855 4.4177471203428915
6.680569023358885 4.413911835745467
6.668287370899777 4.410076768167572
6.655972331679209 4.406241699003772
6.6436239781234665 4.4024064120146775
6.631242387718231 4.398570693294824
6.618827642919404 4.394734331240828
6.6063798310668425 4.390897116519869
6.593899044300929 4.387058842038488
6.581385379481867 4.383219302911742
6.5688389381116155 4.379378296432693
6.556259826258362 4.375535622042284
6.543648154483461 4.371691081299586
6.531004037770737 4.367844477852434
6.518327595458089 4.3639956174084595
6.505618951171301 4.360144307706531
6.492878232759987 4.356290358488616
6.480105572235613 4.3524335814720505
6.467301105711482 4.348573790322243
6.454464973344673 4.344710800625815
6.441597319279811 4.34084442986417
6.428698291594635 4.336974497387507
6.415768042247294 4.333100824389283
6.4028067270253 4.329223233881114
6.389814505496104 4.325341550668137
6.376791540959202 4.321455601324819
6.363738000399746 4.317565214171218
6.350654054443596 4.313670219249708
6.337539877313752 4.309770448302154
6.324395646788129 4.305865734747545
6.311221544158618 4.30195591366009
6.298017754191393 4.29804082174777
6.2847844650883955 4.29412029733134
6.271521868449997 4.290194180323807
6.258230159238733 4.2862623122103445
6.24490953574413 4.2823245360286775
6.231560199548539 4.2783806963499185
6.218182355493954 4.2744306392598554
6.2047762116497776 4.270474212340697
6.191341979281492 4.2665112646532695
6.177879872820192 4.262541646719654
6.164390109832965 4.25856521050629
6.150872910994059 4.254581809407504
6.137328500056819 4.2505912982295015
6.123757103826356 4.246593533174793
6.11015895213292 4.242588371827056
6.096534277805939 4.238575673136448
6.082883316648694 4.23455529740534
6.069206307413608 4.2305271062745
6.055503491778122 4.226490962709695
6.0417751143211085 4.222446730988732
6.0280214224998225 4.2183942766889135
6.014242666627348 4.2143334666749315
6.00043909985052 4.210264169087173
5.9866109781282875 4.206186253330448
5.972758560210511 4.202099590063135
5.958882107617144 4.198004051186738
5.944981884617807 4.193899509835854
5.9310581582117 4.189785840368557
5.917111198107852 4.185662918357173
5.903141276705679 4.1815306205794744
5.889148669075825 4.177388825010262
5.875133652941275 4.173237410813355
5.861096508658711 4.169076258333964
5.8470375192000885 4.164905249091464
5.832956970134432 4.160724265772562
5.818855149609802 4.156533192224837
5.804732348335446 4.152331913450669
5.7905888595640915 4.148120315601559
5.7764249790743705 4.143898285972808
5.762241005153367 4.139665712998587
5.748037238579254 4.135422486247371
5.733813982604021 4.131168496417744
5.719571542936258 4.126903635334566
5.705310227723998 4.122627795945512
5.691030347537586 4.11834087231796
5.6767322153525726 4.114042759636246
5.662416146532606 4.109733354199265
5.648082458812314 4.105412553418427
5.633731472280168 4.101080255815957
5.619363509361301 4.096736361023548
5.604978894800266 4.09238076978134
5.59057795564375 4.0880133839372546
5.576161021223181 4.0836341064466515
5.561728423137269 4.07924284137232
5.5472804952344195 4.074839493884803
5.532817573595047 4.07042397026304
5.51833999651375 4.065996177895332
5.503848104481348 4.061556025280631
5.489342240166767 4.057103422030134
5.474822748398761 4.052638278869194
5.460289976147456 4.0481605076395395
5.445744272505714 4.04367002130179
5.431185988670298 4.039166733938282
5.416615477922828 4.034650560756183
5.402033095610531 4.030121418090898
5.387439199126755 4.025579223409774
5.37283414789125 4.021023895316072
5.358218303330209 4.016455353553241
5.343592028856051 4.011873519009447
5.3289556898469455 4.007278313722393
5.314309653626058 4.002669660884393
5.299654289440527 3.998047484847719
5.284989968440145 3.993411711130206
5.270317063655753 3.9887622664211078
5.255635949977317 3.984099078587212
5.240947004131714 3.9794220766791946
5.22625060466018 3.9747311909382184
5.211547131895452 3.9700263528027726
5.196836967938563 3.9653074949157388
5.1821204966353145 3.96057455113169
5.167398103552385 3.9558274565244096
5.152670175953112 3.951066147394633
5.137937102772897 3.946290561277995
5.123199274594261 3.9415006369531933
5.108457083621533 3.936696314450349
5.0937109236551565 3.9318775350595674
5.078961190065631 3.927044241339695
5.064208279767064 3.9221963771272534
5.049452591190339 3.9173338875455683
5.034694524255899 3.9124567190140636
5.019934480346121 3.9075648192577317
5.005172862277311 3.902658137316769
4.990410074271281 3.897736623556367
4.975646521926535 3.892800229676663
4.960882612189035 3.887848908722831
4.946118753322567 3.8828826150953204
4.931355354878689 3.877901304560228
4.916592827666258 3.8729049342597994
4.901831583720554 3.867893462723053
4.887072036271973 3.862866849876524
4.872314599714299 3.857825057055118
4.8575596895725655 3.8527680470130656
4.84280772247048 3.847695783934982
4.8280591160974335 3.8426082334470113
4.813314289175083 3.83750536262806
4.798573661423508 3.832387140021109
4.783837653526948 3.8272535356445925
4.7691066870991055 3.822104521003847
4.754381184648035 3.816940069102617
4.739661569540605 3.8117601544546096
4.724948265966533 3.8065647530950946
4.710241698902007 3.8013538425925426
4.695542294072889 3.7961274020602915
4.680850477917488 3.7908854121682376
4.6661666775489286 3.78562785515454
4.651491320717106 3.780354714837336
4.636824835770228 3.7750659766264554
4.622167651615944 3.76976162753513
4.607520197682078 3.7644416561916896
4.592882903876955 3.7591060528512363
4.5782562005493315 3.753754809407288
4.56364051844793 3.748387919403392
4.54903628868059 3.743005378044689
4.53444394267302 3.7376071822094254
4.51986391212719 3.732193330460414
4.505296628979323 3.7267638230564195
4.4907425253575415 3.7213186619634744
4.476202033539131 3.7158578508661115
4.461675585907449 3.710381395178506
4.447163614908491 3.7048893020555203
4.432666553007091 3.6993815804036445
4.418184832642798 3.693858240891821
4.4037188861854135 3.6883192959621476
4.389269145890198 3.682764759840456
4.374836043852771 3.6771946485467466
4.360420011963683 3.6716089799054816
4.346021481862696 3.666007773555726
4.331640884892769 3.6603910509611253
4.317278652053747 3.6547588354197122
4.302935213955781 3.6491111520735435
4.288611000772469 3.6434480279181436
4.274306442193753 3.6377694918117607
4.260021967378542 3.6320755744844186
4.245758004907115 3.6263663085467615
4.231514982733276 3.6206417284986805
4.217293328136298 3.6149018707377163
4.20309346767265 3.609146773567229
4.188915827127526 3.6033764772043244
4.1747608314661795 3.597591023787536
4.160628904785087 3.5917904573842456
4.146520470262935 3.585974823997845
4.132435950111451 3.5801441715746183
4.118375765526098 3.57429855001035
4.104340336636628 3.5684380111566427
4.09033008245751 3.562562608826939
4.076345420838265 3.55667239880224
4.062386768413682 3.550767438836513
4.048454540553973 3.5448477886617797
4.0345491513148355 3.5389135099928817
4.020671013387473 3.532964666531906
4.006820538048558 3.5270013239722733
3.992998135110169 3.5210235500024787
3.9792042128697056 3.5150314143094725
3.9654391780597993 3.5090249885816807
3.9517034357982324 3.5030043465116534
3.937997389537876 3.496969563798337
3.924321441016669 3.4909207181489603
3.9106759902076402 3.4848578892805304
3.8970614352689985 3.4787811589209268
3.883478172494301 3.4726906108095954
3.8699265962627103 3.466586330697825
3.8564070989893606 3.4604684063486078
3.842920071075845 3.4543369275360742
3.829465900860838 3.4481919860444967
3.8160449745708664 3.442033675666852
3.8026576762712487 3.435862092202946
3.789304387817209 3.429677333457077
3.7759854888051905 3.4234794992352557
3.762701356524373 3.4172686913419534
3.7494523659084162 3.4110450135763832
3.7362388894874425 3.4048085717283123
3.7230612973402697 3.398559473573389
3.7099199570469157 3.3922978288679912
3.6968152336413813 3.386023749343576
3.6837474895647326 3.3797373487005435
3.670717084618495 3.373438742601595
3.6577243759183746 3.3671280486645885
3.6447697178483156 3.3608053864548815
3.6318534620149205 3.3544708774771625
3.618975957202234 3.3481246451667643
3.6061375493269123 3.34176681488045
3.5933385813937924 3.3353975138866767
3.5805793934518704 3.329016871355324
3.567860322550709 3.3226250183468933
3.5551817026972805 3.3162220878011603
3.542543864813269 3.3098082145252934
3.5299471366928334 3.3033835351814225
3.5173918429608535 3.296948188273661
3.5048783050316707 3.2905023141345744
3.4924068410683318 3.2840460549110975
3.4799777659423543 3.2775795545498916
3.4675913911940204 3.2711029587821447
3.4552480249932183 3.26461641510781
3.442947972100837 3.258120072779277
3.4306915338307276 3.251614082784483
3.418479008012249 3.245098597829449
3.406310688953398 3.2385737723202563
3.3941868674045446 3.2320397623444412
3.3821078305227803 3.225496725651828
3.3700738618368873 3.2189448216347807
3.3580852412129425 3.212384211307887
3.3461422448205638 3.205815057287062
3.3342451450998114 3.1992375237680823
3.3223942107287465 3.1926517765045377
3.310589706591667 3.186057982785212
3.2988318937480163 3.1794563114108843
3.287121029401986 3.1728469326705544
3.275457366872812 3.166230018317095
3.2638411555657707 3.159605741542322
3.2522726409438922 3.152974276951494
3.240752064500386 3.146335800537237
3.2292796637317918 3.13969048965289
3.2178556721118587 3.133038522985284
3.2064803190661655 3.1263800805269426
3.195153829947473 3.1197153435477154
3.183876426011827 3.113044494565839
3.172648324395413 3.1063677173184283
3.1614697380921593 3.099685196731404
3.1503408759321028 3.092997118888847
3.13926194256051 3.086303671001799
3.1282331384177673 3.0796050413764866
3.1172546597200332 3.072901419381997
3.106326698440659 3.0661929954173837
3.0954494422923773 3.059479960878222
3.0846230747102634 3.0527625081226026
3.0738477748354627 3.0460408304365756
3.0631237174996944 3.039315121999037
3.0524510732105177 3.032585577846069
3.041830008137377 3.025852393834727
3.031260684098406 3.0191157666062858
3.0207432585480056 3.0123758935489304
3.010277884565181 3.005632972759913
2.9998647108426435 2.998887203007157
2.9895038816766712 2.992138783690334
2.9791955369577248 2.9853879148013855
2.968939812161813 2.9786347968845153
2.95873683834261 2.971879630995646
2.9485867421243106 2.965122618661331
2.9384896456952267 2.9583639618371382
2.9284456668021153 2.951603862865495
2.91845491874523 2.944842524432998
2.908517510374098 2.9380801495271895
2.898633546084003 2.931316941392798
2.8888031258131837 2.9245531034874443
2.879026345040722 2.917788839436809
2.8693032947851296 2.9110243529892625
2.8596340616036153 2.904259847969963
2.8500187275920235 2.897495528234401
2.840457370385446 2.890731597621414
2.8309500631594853 2.8839682599056466
2.8214968746321674 2.877205718749465
2.812097869066494 2.87044417765432
2.802753106273622 2.8636838399115527
2.7934626416166597 2.856924908552638
2.7842265260150776 2.8501675862988614
2.775044805949709 2.8434120755104284
2.7659175234683446 2.8366585781349887
2.756844716191899 2.829907295655577
2.7478264173211473 2.8231584290379628
2.738862655644011 2.8164121786773944
2.7299534555433964 2.8096687443447337
2.7210988370055564 2.802928325131967
2.7122988156289813 2.7961911193970863
2.7035534026337995 2.789457324708323
2.6948626048716746 2.782727137787727
2.686226424836198 2.776000754454073
2.677644860673755 2.769278369565082
2.669117906194865 2.762560176958941
2.6606455508859734 2.755846369395107
2.652227779921699 2.749137138494368
2.6438645741775146 2.7424326746781587
2.6355559102428625 2.735733167107092
2.6273017604346864 2.7290388036186983
2.619102092811378 2.7223497706643447
2.6109568711871303 2.7156662532453058
2.6028660551466887 2.708988434847971
2.594829600060488 2.702316497378151
2.586847457100183 2.6956506210944604
2.57891957325456 2.688990984540746
2.5710458913458143 2.6823377644775253
2.5632263500462185 2.675691135812408
2.55546088389515 2.6690512715294634
2.5477494233164975 2.662418342617489
2.540091894636433 2.6557925179971598
2.5324882201015653 2.6491739644469954
2.524938317897468 2.6425628465281257
2.517442102167585 2.6359593265077885
2.5099994830325314 2.6293635642815327
2.502610366609787 2.6227757172940653
2.495274655033804 2.6161959404586983
2.4879922464765243 2.60962438607534
2.4807630351683416 2.603061203746977
2.4735869114195106 2.5965065402945933
2.4664637616420277 2.5899605396704604
2.4593934683720082 2.5834233428697395
2.45237591029258 2.576895087840336
2.445410962257326 2.5703759093909326
2.438498495314309 2.563865939097138
2.431638376730706 2.5573653052056753
2.4248304700181005 2.5508741325365376
2.41807463495847 2.544392542383035
2.4113707276309175 2.5379206524096527
2.4047186004392005 2.5314585765476347
2.39811810214011 2.5250064248882165
2.391569077872768 2.5185643035734127
2.385071369188899 2.512132314684267
2.3786248140841653 2.5057105561264836
2.3722292470306283 2.4992991215133293
2.3658844990104315 2.4928981000457227
2.359590397550792 2.486507576389395
2.3533467667604073 2.480127630549034
2.3471534273673735 2.4737583377392944
2.341010196758742 2.4673997682525703
2.334916889021829 2.4610519873234216
2.3288733149874172 2.4547150549895353
2.3228792822749904 2.4483890259491123
2.3169345953401517 2.4420739494145645
2.3110390555243923 2.4357698689623923
2.305192461107385 2.429476822379138
2.2993946073619864 2.4231948415032822
2.293645286612154 2.416923952062966
2.287944288293982 2.4106641735094123
2.2822913990200937 2.4044155188459264
2.276686402647623 2.3981779944523516
2.2711290803500486 2.391951599904853
2.265619210693151 2.385736327790912
2.2601565697153903 2.3795321635194098
2.254740931013005 2.3733390851256777
2.2493720658301704 2.3671570630714043
2.244049743154556 2.360986060039281
2.2387737298186656 2.3548260307222857
2.2335437906073343 2.3486769216074928
2.228359688371817 2.342538670754319
2.2232211841508946 2.3364112075671195
2.21812803729947 2.330294452562041
2.213080005625146 2.3241883171280744
2.2080768455333013 2.3180927032822427
2.2031183121812186 2.312007503418876
2.1982041596418407 2.3059326000529428
2.1933341410777696 2.299867865557427
2.1885080089261453 2.2938131618947457
2.183725515095089 2.2877683403422404
2.178986411172424 2.281733241211781
2.174290448647414 2.275707693563565
2.1696373791463177 2.2696915149142036
2.1650269546825816 2.2636845109392407
2.1604589279225337 2.257686475170257
2.155933052467489 2.2516971886867863
2.151449083153213 2.2457164198032773
2.1470067763677387 2.2397439237514067
2.142605890388568 2.2337794423580886
2.1382461857403405 2.227822703719584
2.1339274255740914 2.221873421872176
2.129649376069267 2.215931296459939
2.125411806859714 2.2099960124002127
2.1212144914848987 2.204067239547448
2.117057207867654 2.198144632356215
2.112939738819809 2.192227829544208
2.1088618725770694 2.186316453756226
2.1048234033645974 2.1804101112301852
2.100824131994728 2.174508391466351
2.096863866498339 2.168610866901092
2.0929424227913866 2.1627170925866053
2.089059625378166 2.1568266058781926
2.085215308092873 2.150938926130826
2.081409314881044 2.1450535544069083
2.077641500622484 2.139169973197306
2.073911731997262 2.1332876461579136
2.0702198883963714 2.1274060178642156
2.0665658628786083 2.1215245135865164
2.06294956317521 2.1156425390887237
2.059370912743719 2.1097594804538162
2.0558298518725135 2.103874703939361
2.0523263388373256 2.0979875558667027
2.0488603511110073 2.0920973625477317
2.0454318866276484 2.086203430253386
2.042040965102034 2.0803050452283625
2.0386876294052487 2.0744014737568
2.0353719469970244 2.068491962283998
2.032094011415227 2.0625757375995635
2.0288539438225794 2.056652007087692
2.0256518946104523 2.050719959050616
2.0224880450591827 2.0447787631115837
2.0193626090540198 2.038827570704046
2.0162758348553655 2.032865515654072
2.013228006921488 2.0268917148632957
2.0102194477813766 2.0209052691000386
2.007250519954813 2.0149052639064915
2.004321627916092 2.0088907706301398
2.001433220097143 2.0028608475878302
1.9985857909250202 1.9968145413710803
1.995779882887926 1.990750888301397
1.993016088623039 1.984668916044464
1.9902950530184542 1.9785676453921253
1.987617475320551 1.972446092221057
1.984984111236998 1.9663032696369287
1.9823957750244756 1.9601381903126747
1.9798533415490016 1.9539498690291972
1.977357748305473 1.9477373254264392
1.9749099973817543 1.9414995869722227
1.9725111573512892 1.9352356921556089
1.970162365076841 1.9289446939106996
1.967864827406583 1.9226256632758563
1.9656198227423547 1.9162776932921293
1.963428702458517 1.9098999031433748
1.9612928921484907 1.9034914425389986
1.9592138926747436 1.8970514963385035
1.9571932809967707 1.8905792894150768
1.955232710750479 1.884074091753253
1.9533339125513804 1.877535223773271
1.9514986939931653 1.8709620618721248
1.9497289393125699 1.864354044168407
1.9480266086910478 1.8577106764349829
1.9463937371635889 1.8510315382002298
1.9448324331051972 1.844316288995092
1.9433448762660308 1.837564674719547
1.941933315327096 1.8307765340982907
1.9406000649496769 1.823951805191542
1.9393475022934645 1.8170905319229165
1.938178062980581 1.810192870582337
1.9370942364854726 1.8032590962580126
1.936098560933961 1.7962896091476963
1.9351936172986095 1.789284940695776
1.934382022982007 1.782245759499347
1.9336664247845772 1.7751728769233506
1.9330494912590936 1.768067252362205
1.9325339044601741 1.7609299980832147
1.9321223511036283 1.7537623835854885
1.931817513157572 1.7465658394072305
1.9316220578946512 1.7393419603141818
1.931538627442437 1.7320925078027294
1.9315698278769924 1.724819411852903
1.9317182179126302 1.717524771869125
1.9319862972488957 1.7102108567503003
1.9323764946436404 1.7028801040356045
1.9328911557885875 1.6955351180781808
1.9335325310708797 1.6881786672059103
1.9343027633105399 1.6808136798363966
1.935203875569487 1.6734432395223087
1.93623775913249 1.6660705789131174
1.9374061617641336 1.6586990726300128
1.9387106763483413 1.6513322290621706
1.9401527300181223 1.6439736811045127
1.9417335738829276 1.6366271758693984
1.9434542734591649 1.6292965634171621
1.945315699906059 1.621985784562854
1.9473185221640865 1.6146988578287018
1.9494632000866872 1.6074398656235025
1.9517499786479169 1.6002129397411293
1.9541788832992466 1.5930222462803638
1.9567497165379089 1.5858719700971757
1.9594620557372622 1.578766298908118
1.962315252276707 1.5717094071695767
1.9653084319949798 1.564705439862016
1.9684404969764113 1.557758496311028
1.9717101286651584 1.550872614177831
1.9751157922878388 1.5440517537508316
1.9786557425505944 1.5372997826669945
1.9823280305626625 1.5306204611870726
1.986130511925336 1.5240174281423415
1.9900608559128778 1.5174941876624672
1.994116555660816 1.5110540967846755
1.9982949392672227 1.5047003540336523
2.0025931817042064 1.4984359890498256
2.0070083174300835 1.4922638533310417
2.0115372535875715 1.4861866121394254
2.0161767836699434 1.4802067376116408
2.020923601535357 1.4743265030970552
2.025774315649581 1.468547978734746
2.030725463438872 1.4628730282670495
2.0357735256379 1.4573033070746586
2.040914940522088 1.4518402614063397
2.0461461179194873 1.446485128765264
2.051463452904155 1.4412389394039342
2.0568633390807673 1.4361025188707794
2.0623421813786957 1.431076491543815
2.0678964082828677 1.4261612850803256
2.0735224834381554 1.4213571357063903
2.07921691657372 1.4166640942661763
2.084976273703418 1.412082032948308
2.0907971865679698 1.4076106526051553
2.0966763612939485 1.403249490580584
2.1026105862535864 1.3989979289624102
2.108596739117912 1.3948552031774801
2.1146317931036682 1.3908204108497946
2.120712822421749 1.386892520845329
2.1268370069415425 1.3830703824310717
2.1330016360914588 1.3793527344801508
2.1392041120211256 1.3757382146597061
2.145441952055175 1.3722253685432064
2.151712790472273 1.3688126585941858
2.1580143796460565 1.3654984729737314
2.1643445905870142 1.3622811341294423
2.1707014129260345 1.3591589071289178
2.1770829543814805 1.3561300077060485
2.1834874397522186 1.3531926099934402
2.1899132094791143 1.3503448539191174
2.19635871781715 1.347584852250237
2.2028225306595726 1.344910697270825
2.2093033230543897 1.3423204670845323
2.2157998764521922 1.3398122315370686
2.2223110757226485 1.3373840577563052
2.2288359059752536 1.3350340153110416
2.2353734492179678 1.3327601809921141
2.241922880885348 1.3305606432218682
2.24848346626565 1.3284335061000885
2.2550545568542524 1.326376893096214
2.2616355866585787 1.3243889503991568
2.2682260684775497 1.322467849937254
2.2748255901765124 1.3206117920818528
2.2814338109765213 1.3188190080487845
2.288050457774871 1.3170877620125254
2.294675321511892 1.3154163529482044
2.3013082535971954 1.3138031162168238
2.3079491624068598 1.3122464249090944
2.3145980098614323 1.3107446909632283
2.3212548080931215 1.3092963660718335
2.3279196162091695 1.3078999423927689
2.334592537157085 1.3065539530784658
2.341273714696258 1.305256972637777
2.347963330479388 1.3040076171439388
2.354661601246166 1.302804544301695
2.3613687761307873 1.301646453386078
2.3680851340840614 1.3005320850647513
2.374810981410192 1.299460221115212
2.381546649417658 1.2984296840475624
2.388292492183103 1.2974393366429222
2.3950488844266364 1.296488081416967
2.4018162194965615 1.2955748600174666
2.4085949074611763 1.2946986525641138
2.4153853733050172 1.2938584769383639
2.422188055226656 1.2930533880304405
2.429003403034975 1.2922824769501413
2.4358318766406817 1.2915448702075505
2.4426739446397225 1.2908397288692819
2.4495300829851465 1.2901662476954097
2.456400773743945 1.2895236542617856
2.4632865039353424 1.288911208072041
2.470187764447031 1.288328199663162
2.4771050490258424 1.2877739497081537
2.4840388533393893 1.2872478081189704
2.4909896741052724 1.2867491531525477
2.497958008284484 1.286277390522482
2.504944352335748 1.2858319525186064
2.5119492015275893 1.2854122971364599
2.518973049305025 1.2850179072183987
2.526016386707878 1.2846482896078715
2.533079701837797 1.2843029743181815
2.540163479371178 1.283981513716859
2.547268200115286 1.2836834817266043
2.5543943406049925 1.2834084730435888
2.5615423727376294 1.2831561023737754
2.5687127634435964 1.2829260036877652
2.5759059743904404 1.2827178294945814
2.5831224617182458 1.2825312501346728
2.59036267580427 1.2823659530923393
2.597627061054868 1.2822216423276802
2.604916055722834 1.2820980376280977
2.6122300917484047 1.281994873979316
2.6195695946222415 1.281911900955812
2.6269349832688147 1.2818488821305005
2.6343266699486896 1.281805594503472
2.6417450601783026 1.2817818279495343
2.6491905526658988 1.281777384684276
2.65666353926237 1.281792078748338
2.664164404925819 1.2818257355095515
2.671693527698735 1.281878191182583
2.6792512786967397 1.2819492923657003
2.6868380221079264 1.2820388955942668
2.6944541152018706 1.2821468669105531
2.7020999083474595 1.2822730814494505
2.709775745038731 1.2824174230396592
2.717481961927974 1.2825797838199264
2.7252188888653857 1.2827600638699
2.7329868489446327 1.2829581708551663
2.7407861585537066 1.2831740196860444
2.7486171274305 1.2834075321897056
2.7564800587225786 1.2836586367951948
2.764375249050662 1.2839272682309304
2.7723029885753427 1.2842133672342781
2.780263561066632 1.2845168802727778
2.788257243975939 1.284837759276631
2.7962843085101143 1.285175961382056
2.804345019707222 1.2855314486851215
2.8124396365137425 1.2859041880056847
2.820568411862901 1.2862941506610668
2.828731592753876 1.2867013122491076
2.836929420331634 1.287125652440249
2.8451621299671763 1.2875671547783083
2.853429951337985 1.2880258064896133
2.8617331085084956 1.2885015983001746
2.870071820010411 1.2889945242605894
2.8784462989227113 1.28950458157837
2.8868567529512186 1.2900317704574107
2.895303384507583 1.290576093944307
2.9037863907875816 1.2911375577812523
2.9123059638486186 1.2917161702652549
2.920862290686341 1.2923119421134117
2.929455553310279 1.2929248863339977
2.9380859288184413 1.2935550181031326
2.9467535894708 1.2942023546467931
2.955458702761597 1.2948669151279535
2.964201431490437 1.2955487205386356
2.9729819338321075 1.2962477935966712
2.9818003634051 1.2969641586469711
2.9906568693387863 1.2976978415671159
2.99955159633924 1.298448869677082
3.0084846847536673 1.2992172716529302
3.0174562706334336 1.300003077444286
3.0264664857956745 1.3008063181954461
3.0355154578834807 1.3016270261699598
3.044603310424649 1.3024652346785326
3.053730162888996 1.3033209780101043
3.0628961307442397 1.3041942913659694
3.072101325510444 1.3050852107968027
3.081345854813033 1.3059937731424607
3.090629822434393 1.3069200159744419
3.09995332836405 1.3078639775408811
3.1093164688474566 1.308825696713972
3.1187193364333856 1.3098052129397038
3.1281620200199507 1.3108025661898113
3.137644604899266 1.3118177969158367
3.1471671728007693 1.3128509460052116
3.156729801933213 1.3139020547392617
3.1663325670253575 1.3149711647530509
3.1759755393653704 1.31605831799698
3.1856587868389683 1.3171635567000575
3.195382373966303 1.3182869233347658
3.205146361937634 1.3194284605834523
3.214950808647791 1.3205882113061682
3.2247957687294595 1.3217662185098924
3.234681293585309 1.3229625253190733
3.244607431418987 1.3241771749474258
3.254574227264998 1.3254102106709242
3.2645817230174963 1.326661675801936
3.274629957458012 1.3279316136644377
3.2847189662821354 1.329220067570263
3.294848782125182 1.3305270807963345
3.305019434586858 1.3318526965628263
3.3152309502549606 1.333196958012218
3.325483352728117 1.3345599081891888
3.3357766626376097 1.3359415900213167
3.346110897668285 1.3373420463005368
3.356486072578589 1.338761319665325
3.3669021992197417 1.3401994525835652
3.3773592865540696 1.341656487336071
3.3878573406725327 1.343132466000721
3.39839636481145 1.3446274304371812
3.4089763593684577 1.3461414222721815
3.419597321917717 1.3476744828853167
3.4302592472243925 1.3492266533953434
3.440962127258422 1.3507979746469467
3.4517059512075994 1.3523884871979512
3.4624907054899894 1.3539982313069507
3.4733163737656967 1.3556272469213335
3.4841829369480033 1.3572755736656799
3.495090373213903 1.3589432508305126
3.5060386580140426 1.360630317361378
3.517027764082095 1.3623368118482382
3.5280576614435804 1.364062772515154
3.539128317424152 1.3658082372102476
3.5502396966573686 1.3675732433959173
3.5613917610919694 1.3693578281392973
3.5725844699986657 1.3711620281029409
3.583817779976474 1.3729858795357168
3.5950916449585972 1.3748294182639
3.606406016217881 1.376692679682448
3.6177608423718532 1.3785756987464441
3.629156069387368 1.3804785099627042
3.640591640584866 1.382401147381523
3.652067496642273 1.3843436445885613
3.6635835755985378 1.3863060346968539
3.6751398128568478 1.388288350338935
3.6867361411875113 1.3902906236590653
3.698372490730539 1.392312886305557
3.7100487889979314 1.3943551694231853
3.7217649608756895 1.3964175036456776
3.7335209286255555 1.3984999190882748
3.7453166118865093 1.4006024453403543
3.7571519276760212 1.4027251114581114
3.7690267903910826 1.4048679459572884
3.7809411118090237 1.4070309768059472
3.792894801088133 1.4092142314172802
3.8048877647680888 1.4114177366424512
3.8169199067702135 1.4136415187634626
3.8289911283975706 1.4158856034860452
3.841101328334907 1.4181500159325617
3.8532504026484564 1.420434780634923
3.865438244785617 1.4227399215275125
3.877664745574507 1.4250654619401133
3.889929793223426 1.4274114245908336
3.9022332733202076 1.4297778315790317
3.914575068831499 1.432164704378229
3.926955060101961 1.4345720638290176
3.9393731248534127 1.4369999301319512
3.951829138183912 1.4394483228404225
3.9643229725668037 1.44191726085352
3.9768544978497324 1.4444067624088677
3.9894235812536287 1.4469168450754382
4.002030087371687 1.449447525746345
4.014673878168336 1.4519988206316057
4.027354812978221 1.454570745250879
4.040072748505185 1.457163314426172
4.0528275388213 1.4597765422745164
4.065619035365904 1.4624104422006137
4.078447086944696 1.4650650268894476
4.091311539728876 1.4677403082988634
4.104212237254346 1.4704362976521113
4.117149020420974 1.4731530054303563
4.130121727491934 1.475890441365154
4.1431301940931355 1.4786486144308877
4.15617425321274 1.4814275328371722
4.169253735200773 1.48422720402122
4.182368467768852 1.4870476346401733
4.195518275990026 1.489888830563397
4.2087029822987345 1.4927507968647393
4.221922406490899 1.4956335378147554
4.235176365724154 1.4985370568728944
4.248464674518223 1.5014613566796553
4.261787144755439 1.5044064390487057
4.275143585681438 1.5073723049589682
4.288533803906003 1.510358954546675
4.3019576034040945 1.5133663870973888
4.315414785517051 1.5163946010379947
4.3289051489539805 1.5194435939286608
4.342428489793348 1.5225133624547702
4.355984601484755 1.5256039024188257
4.369573274850933 1.5287152087323261
4.383194298089942 1.5318472754076204
4.396847456777594 1.5350000955497343
4.410532533870099 1.5381736613481758
4.42424930970694 1.541367964068721
4.437997562013987 1.544582994045176
4.451777065906851 1.5478187406711266
4.465587593894497 1.551075192391665
4.479428915883091 1.554352336695107
4.493300799180128 1.5576501601046937
4.507203008498811 1.560968648170281
4.52113530596271 1.5643077854600225
4.535097451110695 1.5676675555520425
4.5490892009021415 1.5710479410261038
4.56311030972244 1.5744489234552743
4.577160529388783 1.577870483397587
4.591239609156257 1.5813126003877058
4.605347295724233 1.584775252928592
4.619483333243064 1.5882584184831732
4.633647463321098 1.5917620734660245
4.647839425032002 1.5952861932350544
4.662058954922414 1.598830752083204
4.676305787019914 1.60239572323016
4.690579652841331 1.605981078814086
4.704880281401377 1.609586789883369
4.719207399221634 1.6132128263883894
4.73356073033987 1.6168591571733155
4.74793999631971 1.6205257499679206
4.762344916260656 1.6242125713794335
4.776775206808467 1.6279195868844178
4.791230582165893 1.6316467608206842
4.805710754103778 1.635394056379242
4.8202154319725246 1.639161435596288
4.834744322713937 1.6429488593452384
4.849297130873432 1.6467562873288057
4.863873558612632 1.6505836780711207
4.8784733057223395 1.6544309889099076
4.893096069635899 1.658298175988711
4.907741545442937 1.662185194249179
4.922409425903512 1.666091997423404
4.937099401462642 1.6700185380263273
4.951811160265242 1.6739647673482045
4.966544388171457 1.6779306354471437
4.9812987687723975 1.6819160911417088
4.996073983406291 1.685921082003599
5.01086971117503 1.6899455543504036
5.0256856289611465 1.6939894532384367
5.04052141144519 1.6980527224556528
5.055376731123527 1.7021353045146481
5.070251258326567 1.7062371406457526
5.0851446612374 1.710358170790209
5.100056605910867 1.7144983335934492
5.114986756293053 1.7186575663984667
5.129934774241215 1.7228358052392905
5.14490031954413 1.7270329848345618
5.1598830499428905 1.7312490385812174
5.174882621152126 1.7354838985482814
5.189898686881665 1.739737495470774
5.20493089885863 1.7440097587437307
5.219978906849986 1.7483006164163448
5.235042358685515 1.7526099951862293
5.250120900281247 1.7569378203938049
5.265214175663331 1.7612840160168173
5.280321826992353 1.7656485046649846
5.2954434945881 1.770031207574779
5.310578816954778 1.7744320446043482
5.325727430806675 1.7788509342285743
5.340888971094282 1.783287793534281
5.356063071030857 1.7877425382155825
5.371249362119457 1.7922150825693866
5.386447474180403 1.7967053394910497
5.401657035379224 1.8012132204701874
5.416877672255042 1.8057386355866447
5.432109009749416 1.8102814935066285
5.447350671235647 1.814841701479007
5.462602278548536 1.8194191653317753
5.477863452014606 1.8240137894686936
5.493133810482782 1.8286254768661003
5.508412971355523 1.8332541290699025
5.523700550620422 1.837899646192746
5.538996162882263 1.842561926911371
5.55429942139554 1.8472408684641526
5.56960993809743 1.851936366648831
5.584927323641231 1.8566483158204348
5.600251187430265 1.8613766088894002
5.615581137652233 1.8661211373198858
5.630916781314035 1.870881791128293
5.646257724277047 1.8756584588819856
5.661603571292863 1.8804510276982216
5.6769539260395 1.8852593832432887
5.692308391158046 1.8900834097318584
5.70766656828979 1.8949229899265516
5.723028058113797 1.899778005137724
5.738392460384943 1.9046483352234729
5.75375937397242 1.9095338585898654
5.769128396898683 1.9144344521913963
5.784499126378872 1.9193499915316732
5.799871158860677 1.9242803506643338
5.815244090064669 1.9292254021941977
5.830617515025089 1.9341850172786563
5.845991028131087 1.9391590656293007
5.861364223168424 1.944147415513794
5.876736693361625 1.949149933757989
5.8921080314165915 1.9541664857482892
5.907477829563667 1.9591969354342662
5.922845679601155 1.9642411453315258
5.938211172939296 1.96929897652483
5.953573900644694 1.9743702886714773
5.968933453485207 1.9794549400049428
5.984289421975273 1.984552787338782
5.999641396421702 1.9896636860707986
6.014988966969925 1.9947874901874805
6.030331723650683 1.999924052268705
6.045669256427176 2.0050732234927193
6.061001155242666 2.010234853641392
6.076327010068532 2.015408791105744
6.091646410952774 2.020594882891762
6.106958948068977 2.0257929746264876
6.122264211765719 2.0310029105643963
6.137561792616444 2.0362245335940616
6.15285128146978 2.04145768524511
6.168132269500319 2.046702205695466
6.183404348259842 2.0519579337788914
6.198667109729015 2.0572247069928236
6.213920146369529 2.06250236150651
6.229163051176705 2.067790732169447
6.244395417732556 2.073089652520121
6.2596168402593095 2.0783989547950585
