6.318542211519265 1.9837253399937436
6.334348593456268 1.9880465746330913
6.350151185840469 1.992367263179883
6.36594969713214 1.9966871456028217
6.381743838290859 2.0010059599485257
6.397533322860308 2.005323442347559
6.413317867054234 2.009639327020742
6.429097189843581 2.0139533462857306
6.444871013044828 2.0182652305638844
6.460639061409539 2.0225747083874164
6.476401062715172 2.0268815064068337
6.492156747857152 2.031185349398677
6.507905850942248 2.035485960273559
6.523648109383266 2.039783060084513
6.539383263995108 2.044076368035652
6.555111059092205 2.0483656014911538
6.570831242587363 2.0526504759845636
6.586543566092053 2.0569307052284422
6.602247785018184 2.06120600112435
6.617943658681371 2.065476073773184
6.633630950405762 2.0697406314858724
6.649309427630431 2.073999380794439
6.664978862017402 2.0782520264634474
6.680639029561313 2.0824982715018314
6.696289710700784 2.0867378171751274
6.711930690431523 2.090970363018117
6.727561758421205 2.0951956068478923
6.7431827091261685 2.0994132447773612
6.758793341910001 2.1036229712292016
6.774393461164013 2.1078244789502776
6.7899828764297006 2.112017459026543
6.805561402523203 2.1162016008984343
6.821128859661849 2.1203765923767857
6.836685073592799 2.1245421196592686
6.852229875723891 2.1286978673473897
6.8677631032567055 2.1328435184640555
6.883284599321935 2.136978754471738
6.898794213117105 2.141103255291248
6.914291800046723 2.145216699321156
6.929777221864912 2.1493187634578783
6.945250346820612 2.153409123116452
6.96071104980539 2.1574874522520395
6.976159212503978 2.1615534233821743
6.991594723547569 2.1656067076097982
7.007017478669986 2.1696469746471143
7.022427380866776 2.173673892840288
7.037824340557342 2.1776871291950384
7.053208275750178 2.181686349403162
7.068579112211301 2.1856712178700235
7.083936783635988 2.189641397743058
7.099281231823891 2.1935965509413387
7.114612406857659 2.1975363381862474
7.129930267285134 2.2014604190333102
7.145234780305264 2.205368451905241
7.160525921957814 2.209260094126261
7.17580367731701 2.213135001957749
7.19106804068922 2.216992830635279
7.206319015814805 2.220833234407131
7.221556616074251 2.2246558665743206
7.236780864698726 2.2284603795322413
7.2519917949852015 2.23224642481399
7.267189450516243 2.2360136531354566
7.282373885384667 2.239761714442264
7.2975451644231635 2.2434902579586575
7.31270336343907 2.2471989322384296
7.3278485694544395 2.2508873852179865
7.342980880951568 2.254555264271664
7.358100408124164 2.2582022162694018
7.373207273134314 2.2618278876368993
7.388301610375444 2.2654319244183676
7.403383566741459 2.269013972342027
7.41845330190224 2.2725736768884635
7.433510988585718 2.276110683362015
7.448556812866727 2.2796246369653206
7.463590974462828 2.2831151828772054
7.478613687037358 2.2865819663340687
7.493625178509904 2.290024632714951
7.508625691374456 2.293442827630471
7.523615483025452 2.2968361970158298
7.538594826092013 2.3002043872280944
7.5535640087805795 2.3035470451479743
7.5685233352262395 2.3068638182863275
7.58347312585302 2.310154354895639
7.598413717743429 2.313418304086726
7.613345465017536 2.3166553159509453
7.628268739221894 2.3198650416881805
7.643183929728617 2.3230471337409178
7.658091444144943 2.3262012459347177
7.672991708733596 2.329327033625419
7.687885168844309 2.332424153853429
7.702772289356858 2.3354922655054655
7.717653555135956 2.3385310294841366
7.732529471498405 2.341540108885772
7.747400564692876 2.344519169186941
7.762267382392728 2.347467878440102
7.777130494202268 2.3503859074788727
7.791990492176886 2.353272930133417
7.806847991357487 2.3561286234564927
7.8217036303196785 2.3589526679607036
7.83655807173818 2.3617447478675633
7.851412002966911 2.3645045513689853
7.866266136635274 2.3672317709018555
7.881121211261101 2.3699261034363834
7.895977991880817 2.3725872507789605
7.910837270697312 2.3752149198902885
7.925699867746103 2.377808823219599
7.940566631580318 2.3803686790558154
7.955438439975081 2.3828942118965477
7.970316200651906 2.3853851528359034
7.985200852023661 2.387841239972073
8.00009336396076 2.3902622188357863
8.014994738579185 2.392647842840734
8.029906011051011 2.394997873757147
8.04482825043804 2.397312082209758
8.059762560549292 2.399590248201477
8.07471008082296 2.401832161664146
8.08967198723359 2.404037623037844
8.104649493225152 2.406206443880281
8.11964385067075 2.408338447507904
8.134656350859688 2.4104334696704317
8.149688325512642 2.4124913592606387
8.164741147825682 2.414511979061286
8.1798162335439 2.4164952065312364
8.194915042065418 2.4184409346328692
8.210039077576521 2.4203490727030634
8.225189890218715 2.4222195473701102
8.24036907728844 2.424052303519084
8.255578284470221 2.4258473053083027
8.270819207104047 2.427604537239704
8.286093591487642 2.429324005286065
8.301403236214494 2.431005738078235
8.316749993548228 2.432649788155624
8.33213577083411 2.4342562332834845
8.347562531948348 2.435825177840652
8.363032298785795 2.437356754281632
8.37854715278667 2.4388511246771385
8.394109236502906 2.4403084823374575
8.409720755204555 2.441729053523187
8.425383978526733 2.4431130992482273
8.44110124215751 2.4444609171801286
8.456874949566973 2.445772843643221
8.472707573777715 2.4470492557302124
8.48860165917683 2.448290573528344
8.504559823369378 2.4494972624664215
8.520584759073182 2.4506698357894896
8.536679236054624 2.4518088571682712
8.552846103104985 2.4529149434508684
8.569088290056616 2.4539887675646535
8.58540880983809 2.4550310615767397
8.601810760567158 2.4560426199218615
8.61829732768018 2.457024302807017
8.634871786096237 2.4579770398026826
8.651537502413994 2.4589018336310278
8.668297937138847 2.4597997641620823
8.685156646937548 2.460671992629371
8.702117286917105 2.4615197660772763
8.719183612924127 2.4623444220529054
8.736359483860305 2.4631473935560155
8.753648864009138 2.4639302142612616
8.771055825368258 2.464694524027748
8.788584549980943 2.46544207471164
8.806239332259798 2.4661747362985316
8.824024581294292 2.466894503372885
8.841944823133248 2.4676035019429827
8.860004703031983 2.46830399664056
8.878208987652785 2.468998398315361
8.89656256720591 2.4696892720456933
8.915070457517027 2.470379345587217
8.933737802005247 2.4710715182830754
8.952569873554298 2.471768870459637
8.971572076257296 2.4724746733330343
8.990749947013699 2.473192399452971
9.010109156954515 2.4739257337110923
9.029655512669459 2.4746785849424784
9.049394957206966 2.4754550981497885
9.069333570814962 2.476259667380621
9.08947757138709 2.477096949289723
9.109833314575411 2.477971877418505
9.130407293526876 2.4788896772253675
9.151206138196473 2.479855881900942
9.172236614185536 2.4808763490032186
9.193505621048539 2.481957277947898
9.215020190006516 2.4831052283898782
9.236787480999054 2.484327139531625
9.258814779000847 2.4856303503945023
9.281109489521592 2.4870226210883652
9.303679133200761 2.488512155114201
9.326531339400832 2.4901076227334453
9.349673838693699 2.491818185435802
9.373114454126062 2.49365352153544
9.396861091139382 2.495623852922418
9.42092172600948 2.4977399729926626
9.445304392659507 2.5000132757754177
9.470017167687809 2.5024557862715584
9.495068153439483 2.505080192009712
9.520465458936645 2.5078998758191844
9.546217178468183 2.51092894980951
9.572331367624516 2.5141822905353823
9.598816016547211 2.5176755753131395
9.625679020146606 2.5214253196398047
9.652928145023738 2.525448915648786
9.680570992815257 2.5297646715163844
9.70861495966206 2.53439185171048
9.73706719148451 2.5393507179470154
9.765934534728837 2.5446625706900745
9.795223482232034 2.5503497909983563
9.824940113835169 2.5564358824826554
9.855090031359298 2.5629455130967864
9.885678287543756 2.5699045564368292
9.916709308534172 2.5773401321703933
9.948186809498141 2.585280645158709
9.98011370294061 2.5937558227691127
10.012491999289479 2.602796749803517
10.04532269932616 2.612435900389543
10.078605678046888 2.6227071660951413
10.11233955955933 2.6336458794336437
10.146521582648345 2.645288831826008
10.181147456684696 2.657674284978569
10.216211207604406 2.6708419745199707
10.251705013755677 2.684833104619875
10.287619031497417 2.6996903321855528
10.32394121054083 2.7154577391021446
10.360657099155876 2.7321807908494367
10.397749639520473 2.749906279695372
10.435198953674691 2.7686822505364495
10.472982120757841 2.7885579073315614
10.511072946455595 2.8095834979628034
10.549441725869755 2.8318101752596574
10.588055001346662 2.8552898318475837
10.626875317163076 2.880074906435865
10.665860973370796 2.9062181591498755
10.704965781543248 2.933772413549706
10.74413882564634 2.962790263069877
10.783324231768413 2.993323739773834
10.82246095098484 3.0254239435557335
10.86148256019261 3.05914063024916
10.900317086319346 3.09452175753422
10.938886859874183 3.1316129880777432
10.977108404348416 3.170457150010992
11.01489236846979 3.211093655650598
11.052143508741052 3.2535578803084757
11.088760730022962 3.297880504119612
11.124637192121138 3.3440868210349426
11.159660490372023 3.392196020477887
11.193712918057985 3.442220448626335
11.226671818079275 3.49416485783538
11.258410030634874 3.5480256543262363
11.288796442683022 3.603790155888636
11.317696643638646 3.6614358729258445
11.344973690100346 3.7209298276474088
11.370488980377878 3.78222792751408
11.394103237219014 3.845274410081101
11.415677594437787 3.9100013770861093
11.435074780168609 3.976328435901381
11.452160386278546 4.044162466236306
11.466804210150944 4.1133975291602445
11.478881651716632 4.183914934065203
11.488275145381863 4.255583477059734
11.4948756035278 4.3282598614778145
11.49858384568643 4.401789307713641
11.499311985485303 4.476006355520266
11.49698474614436 4.550735857327684
11.491540674830807 4.625794156178028
11.482933226634085 4.700990436709228
11.471131690377593 4.7761282324359025
11.456121930957297 4.851007067592555
11.437906926361144 4.925424207238222
11.41650708189496 4.9991764853915885
11.391960309287615 5.072062177867499
11.364321864090712 5.143882884386814
11.333663940908108 5.214445383553626
11.300075032243779 5.283563424506979
11.263659062885885 5.351059420469658
11.224534317496776 5.41676601198423
11.182832184216462 5.48052747124007
11.138695741408288 5.542200923393555
11.092278218019395 5.60165736596912
11.043741360289031 5.658782473069926
10.993253738663867 5.713477176982387
10.940989028778969 5.765658025585066
10.88712429929626 5.815257319542939
10.831838337367838 5.86222303838018
10.775310039653629 5.9065185690151365
10.717716893343646 5.948122254086159
10.659233567699527 5.9870267803193595
10.600030632426494 6.02323842925699
10.540273414895784 6.05677621388641
10.48012100402383 6.087670925129789
10.419725404617816 6.115964111849978
10.359230842333808 6.141707017092756
10.298773216147104 6.16495949183195
10.23847969246142 6.185788905627446
10.178468432712851 6.204269071462925
10.118848444559973 6.220479199711098
10.05971954547721 6.23450289377864
10.001172426751708 6.246427197598651
9.943288805479916 6.256341702837101
9.886141652116532 6.264337721518714
9.829795481388572 6.270507527799049
9.774306694894138 6.274943670841029
9.71972396440268 6.277738359211921
9.666088645709749 6.278982915905257
9.613435213826698 6.278767302008177
9.561791711264199 6.277179706167185
9.511180202162038 6.274306196339262
9.461617225998758 6.270230429831306
9.413114245559862 6.265033417308734
9.365678084736368 6.2587933362715376
9.319311352553806 6.251585389432204
9.27401285058772 6.243481703464033
9.229777961601837 6.234551263700909
9.186599017846866 6.224859880544054
9.144465647984605 6.214470183550783
9.103365102054262 6.203441639432807
9.063282554282345 6.191830590464286
9.024201383857411 6.179690310083734
8.986103434053124 6.167071072760962
8.948969250293175 6.154020235483705
8.912778297915334 6.140582328494153
8.877509160515343 6.1267991531690456
8.84313971983962 6.112709885185956
8.809647318254646 6.098351181350828
8.777008904854021 6.083757288677164
8.745201166277063 6.068960154504435
8.714200643308262 6.053989536622858
8.683983834308815 6.038873112533822
8.654527286502448 6.023636587120501
8.625807676100681 6.008303798132712
8.597801878209513 5.992896819004519
8.570487027411856 5.977436058623836
8.543840569870149 5.961940357761089
8.517840307741755 5.94642708194038
8.49246443664788 5.930912210602215
8.467691576884988 5.915410422463149
8.443500799017297 5.899935177025286
8.419871644439777 5.884498792228787
8.396784141454098 5.869112518273877
8.374218817355015 5.853786607666367
8.352156706982218 5.838530381563056
8.330579358152525 5.8233522925111725
8.309468834349877 5.808259983689991
8.288807715015517 5.793260344773291
8.268579093748148 5.778359564539064
8.248766574693843 5.763563180358103
8.22935426737762 5.748876124696272
8.210326780203001 5.734302768766767
8.191669212822495 5.719846963468603
8.173367147560437 5.7055120777464365
8.155406640049975 5.691301034504686
8.13777420922825 5.677216344205961
8.120456826817565 5.663260136280296
8.103441906405566 5.649434188467719
8.08671729222433 5.635739954212271
8.070271247716018 5.622178588221077
8.054092443962073 5.608750970297262
8.03816994804315 5.595457727550693
8.02249321138818 5.58229925508565
8.007052058163115 5.56927573525968
7.991836673742916 5.556387155603101
7.976837593304018 5.543633325483927
7.962045690568896 5.531013891598398
7.947452166729419 5.518528352362867
7.933048539571196 5.506176071278474
7.918826632817223 5.493956289335966
7.904778565705653 5.481868136523982
7.890896742813483 5.469910642500392
7.877173844135125 5.458082746482653
7.863602815422703 5.446383306409679
7.850176858792573 5.434811107424499
7.836889423600994 5.4233648697238435
7.823734197590087 5.412043255817888
7.8107050983041075 5.40084487724064
7.797796264774645 5.389768300748774
7.785002049472554 5.378812054044353
7.772317010523452 5.367974631054472
7.759735904182973 5.357254496798752
7.7472536775673015 5.346650091873504
7.73486546163406 5.336159836579526
7.722566564408246 5.325782134718635
7.710352464447469 5.315515377082397
7.698218804540666 5.3053579446549
7.686161385634087 5.295308211549967
7.674176160978364 5.285364547701795
7.662259230490319 5.27552532132672
7.650406835323099 5.265788901172615
7.638615352638249 5.256153658571265
7.626881290573373 5.246617969308035
7.615201283398972 5.237180215322153
7.603572086858293 5.227838786249993
7.591990573683897 5.218592080822919
7.580453729284943 5.209438508130423
7.5689586475991595 5.200376488758534
7.557502527103716 5.191404455812834
7.546082666979227 5.1825208558346825
7.534696463421336 5.173724149618736
7.523341406094496 5.165012812939219
7.512015074722586 5.156385337191899
7.500715135811322 5.147840229958254
7.489439339497442 5.139376015497811
7.4781855165198445 5.130991235174278
7.466951575308069 5.122684447820618
7.455735499183528 5.114454230047933
7.4445353436692105 5.106299176502604
7.433349233903584 5.098217900075857
7.422175362154667 5.090209032069641
7.411011985430343 5.082271222322362
7.399857423181136 5.074403139297855
7.388710055091812 5.066603470140651
7.377568318958293 5.058870920700413
7.3664307086465195 5.05120421552822
7.355295772130017 5.043602097847148
7.344162109603025 5.036063329499444
7.333028371666219 5.028586690872426
7.321893257582093 5.02117098080506
7.310755513597284 5.0138150164770465
7.299613931329133 5.006517633282101
7.288467346213936 4.999277684686995
7.277314636014435 4.992094042077803
7.266154719384181 4.98496559459469
7.254986554486503 4.977891248956484
7.243809137665915 4.970869929276182
7.232621502169871 4.9639005768684274
7.221422716918869 4.956982150049967
7.210211885322975 4.950113623933958
7.19898814414293 4.943293990218976
7.187750662394082 4.936522256973491
7.176498640291417 4.929797448416502
7.1652313082341 4.923118604695004
7.153947925827932 4.916484781658866
7.142647780944258 4.909895050633678
7.131330188813852 4.903348498192076
7.119994491154441 4.896844225924002
7.108640055330527 4.890381350206321
7.097266273544239 4.8839590019722
7.085872562056009 4.877576326480581
7.074458360433906 4.871232483086084
7.0630231308305005 4.864926645009649
7.051566357286203 4.858657999110151
7.040087545058043 4.852425745657274
7.028586219972887 4.84622909810582
7.017061927804182 4.840067282871704
7.0055142336712874 4.833939539109762
6.993942721460534 4.82784511849358
6.982346993267187 4.821783284997455
6.970726668857495 4.815753314680634
6.959081385150063 4.809754495473953
6.947410795715816 4.803786126968954
6.935714570295844 4.797847520209589
6.92399239433643 4.7919379974865866
6.912243968540648 4.786056892134539
6.900469008435865 4.780203548331776
6.888667243956575 4.77437732090307
6.876838419041965 4.768577575125222
6.864982291247683 4.762803686535541
6.853098631371253 4.7570550407432695
6.8411872230906505 4.7513310332439485
6.8292478626155155 4.745631069236762
6.817280358350577 4.739954563444845
6.805284530570786 4.734300939938572
6.793260211107761 4.72866963196183
6.781207243047118 4.723060081761254
6.769125480436264 4.7174717404184285
6.757014788002304 4.711904067685041
6.744875040879654 4.7063565318209735
6.732706124347037 4.700828609435306
6.7205079335734865 4.695319785330221
6.708280373373064 4.689829552347785
6.696023357967939 4.684357411219565
6.683736810759552 4.678902870419092
6.671420664107558 4.673465446017091
6.659074859116266 4.668044661539499
6.646699345428309 4.662640047828197
6.634294081025287 4.657251142904461
6.621859032035115 4.651877491835066
6.6093941725458585 4.64651864660103
6.596899484425803 4.64117416596896
6.584374957149554 4.635843615364954
6.571820587629924 4.630526566751043
6.559236380055433 4.625222598504109
6.5466223457331925 4.619931295297273
6.5339785029370026 4.614652247983694
6.521304876760467 4.609385053482749
6.508601498974938 4.604129314668566
6.495868407892146 4.598884640260851
6.483105648231318 4.593650644718
6.470313270990641 4.588426948132433
6.457491333322926 4.583213176128136
6.444639898415291 4.5780089597603535
6.4317590353727585 4.5728139354174155
6.418848819105598 4.567627744724641
6.405909330220306 4.562450034450306
6.392940654914073 4.557280456413619
6.379942884872625 4.5521186673946845
6.366916117171319 4.54696432904641
6.353860454179375 4.541817107808323
6.340776003467132 4.5366766748222815
6.327662877716226 4.531542705850006
6.314521194632572 4.526414881192445
6.301351076862069 4.521292885610905
6.288152651908916 4.5161764082499385
6.2749260520564505 4.511065142561937
6.261671414290415 4.5059587862334185
6.248388880224581 4.50085704111296
6.235078596028609 4.4957596131407564
6.221740712358107 4.49066621227977
6.208375384286777 4.485576552448447
6.194982771240579 4.480490351454968
6.181563036933854 4.475407330933001
6.1681163493073115 4.4703272162789345
6.1546428804678275 4.465249736590567
6.141142806629982 4.460174624607213
6.127616308059269 4.455101616651208
6.114063569016917 4.450030452570789
6.100484777706257 4.444960875684315
6.086880126220588 4.439892632725818
6.073249810492471 4.434825473791834
6.0595940302444005 4.429759152289529
6.0459129889408025 4.42469342488605
6.032206893741301 4.419628051459121
6.018475955455213 4.414562795048825
6.004720388497209 4.409497421810582
5.990940410844099 4.404431700969272
5.977136243992705 4.399365404774504
5.963308112918754 4.3942983084569995
5.949456246036778 4.389230190186063
5.93558087516095 4.38416083102814
5.921682235466827 4.379090014906423
5.907760565453977 4.374017528561493
5.893816106909411 4.36894316151298
5.879849104871829 4.363866706022221
5.865859807596601 4.358787957055899
5.85184846652149 4.353706712250641
5.83781533623304 4.348622771878561
5.8237606744336246 4.343535938813733
5.809684741909121 4.338446018499568
5.795587802497156 4.333352818917096
5.781470123055926 4.328256150554106
5.767331973433533 4.323155826375171
5.75317362643782 4.318051661792498
5.738995357806678 4.312943474637624
5.724797446178796 4.307831085133913
5.710580173064823 4.3027143158698715
5.6963438228189185 4.29759299177323
5.68208868261067 4.292466940085815
5.6678150423973435 4.287335990339166
5.653523194896456 4.282199974330906
5.639213435558633 4.277058726101839
5.624886062540734 4.271912081913765
5.610541376679225 4.266759880228002
5.596179681463779 4.261601961684602
5.581801283011073 4.2564381690822435
5.567406490038767 4.2512683473587956
5.552995613839653 4.2460923435725375
5.538568968255937 4.240910006884018
5.5241268696536485 4.235721188538556
5.509669636897155 4.2305257418493545
5.495197591323761 4.2253235221812275
5.480711056718378 4.220114386934929
5.466210359288248 4.214898195532069
5.451695827637693 4.2096748094006005
5.4371677927428905 4.2044440919608865
5.422626587926655 4.199205908612313
5.408072548833195 4.193960126720453
5.393506013402849 4.188706615604772
5.378927321846781 4.183445246526851
5.364336816621613 4.178175892679134
5.349734842403986 4.172898429174178
5.335121746065045 4.167612733034411
5.320497876644816 4.1623186831823675
5.305863585326472 4.157016160431408
5.2912192254104875 4.1517050474769155
5.276565152288642 4.146385228887943
5.261901723417885 4.141056591099319
5.247229298294042 4.135719022404201
5.232548238425346 4.130372412947062
5.217858907305791 4.125016654717096
5.203161670388293 4.119651641542055
5.18845689505765 4.114277269082488
5.173744950603286 4.108893434826384
5.159026208191784 4.103500038084204
5.144301040839175 4.0980969799843106
5.129569823382999 4.092684163468758
5.114832932454111 4.087261493289467
5.100090746448232 4.0818288760047485
5.085343645497236 4.07638621997619
5.0705920114401675 4.070933435365882
5.0558362277939715 4.06547043413398
5.0410766797239415 4.059997130036606
5.026313754013878 4.05451343862406
5.0115478390359325 4.049019277239356
4.996779324720163 4.043514565017058
4.982008602523758 4.037999222882418
4.967236065399956 4.032473173550807
4.9524621077666335 4.0269363415274215
4.937687125474564 4.021388653107282
4.922911515775343 4.015830036375485
4.908135677288984 4.010260421207724
4.893360009971145 4.004679739271063
4.878584915080042 3.9990879240249577
4.863810795142982 3.993484910722511
4.849038053922558 3.9878706364119667
4.834267096382479 3.9822450399384186
4.819498328653047 3.9766080619457465
4.804732157996252 3.970959644878752
4.789968992770527 3.9652997329854998
4.775209242395112 3.959628272319854
4.760453317314063 3.9539452107441995
4.745701628959882 3.948250497932342
4.730954589716772 3.9425440853725795
4.716212612883529 3.9368259263709415
4.701476112636049 3.9310959760545807
4.686745503989461 3.9253541913753134
4.672021202759892 3.9196005311133058
4.65730362552585 3.9138349558808905
4.642593189589236 3.908057428126509
4.627890312935975 3.9022679121387767
4.613195414196286 3.8964663740506555
4.598508912604574 3.8906527818437304
4.583831227958942 3.884827105352583
4.5691627805803545 3.8789893162692533
4.554503991271416 3.873139388147779
4.539855281274792 3.8672772964088105
4.525217072231278 3.8614030183442916
4.510589786137492 3.8555165331221923
4.495973845303223 3.849617821791295
4.481369672308424 3.8437068672860204
4.466777689959857 3.837783654431288
4.452198321247395 3.8318481699474023
4.43763198929998 3.825900402454951
4.423079117341249 3.8199403424797227
4.408540128644829 3.8139679824576187
4.394015446489302 3.8079833167395596
4.37950549411285 3.80198634159638
4.3650106946675935 3.7959770552236973
4.3505314711736105 3.7899554577467547
4.3360682464726565 3.783921551225218
4.32162144318159 3.7778753396579328
4.307191483645501 3.7718168289876215
4.292778789890569 3.765746027105521
4.27838378357663 3.7596629438559437
4.264006885949485 3.753567591040764
4.249648517792943 3.7474599824238126
4.2353090993806175 3.741340133735177
4.220989050427467 3.7352080626753956
4.206688790041107 3.729063788919541
4.192408736672893 3.7229073341211762
4.178149308068782 3.7167387219161907
4.163910921219988 3.710557977926488
4.149693992313426 3.7043651297635343
4.135498936681982 3.698160207031747
4.121326168754585 3.6919432413317246
4.107176102006118 3.685714266263301
4.093049148907158 3.679473317428421
4.078945720873578 3.6732204324338285
4.06486622821599 3.666955650893554
4.0508110800890815 3.6606790144312016
4.036780684440806 3.65439056668202
4.022775447961489 3.6480903532947475
4.00879577603282 3.641778421933235
3.994842072676776 3.63545482227782
3.9809147405044527 3.6291196060264626
3.9670141806648487 3.622772826895618
3.9531407927935893 3.61641454062085
3.9392949749616206 3.61004480495717
3.9254771236238724 3.6036636796790957
3.9116876335679094 3.59727122658042
3.8979268978625807 3.5908675094736866
3.884195307806681 3.5844525941893544
3.8704932528776372 3.5780265485746523
3.8568211206802285 3.5715894424921113
3.8431792968953618 3.565141347817767
3.829568165228903 3.558682338439025
3.81598810736059 3.5522124902521766
3.802439502893032 3.545731881159566
3.7889227293008076 3.539240591066395
3.7754381618796873 3.5327387018771517
3.7619861736959725 3.526226297491672
3.7485671355359855 3.519703463800806
3.7351814158557106 3.5131702886816996
3.721829380730604 3.506626861992671
3.708511393805585 3.500073275567678
3.695227816245224 3.4935096232103766
3.681979006684135 3.486936000687747
3.668765321177599 3.4803525057232996
3.6555871131524063 3.4737592379898325
3.642444733357965 3.467156299101755
3.6293385298176566 3.460543792606949
3.616268847780476 3.45392182397818
3.6032360296729524 3.447290500604036
3.590240415051375 3.440649931779397
3.5772823405543313 3.434000228695421
3.564362139855568 3.42734150442905
3.551480143617198 3.4206738739320146
3.538636679443254 3.413997454019347
3.525832071833606 3.4073123633573807
3.5130666421382597 3.4006187224512434
3.500340708512039 3.393916653631828
3.4876545858696693 3.387206281042239
3.475008585841279 3.380487730623709
3.4624030167283193 3.373761130100976
3.4498381834599217 3.367026608967121
3.437314387549703 3.360284298467852
3.4248319270530305 3.3535343315852377
3.412391096524753 3.3467768430208804
3.3999921869774137 3.3400119691785184
3.3876354858399553 3.333239848146064
3.375321276916921 3.3264606196770594
3.3630498403481712 3.319674425171553
3.35082145256912 3.312881407656388
3.3386363862714967 3.3060817117648984
3.3264949103646546 3.299275483716006
3.314397289937421 3.2924628712927193
3.3023437862205087 3.2856440238200175
3.29033465654949 3.278819092142131
3.2783701543283446 3.2719882285991972
3.266450528993591 3.2651515870032966
3.254576025979002 3.258309322613865
3.2427468866809215 3.2514615921124705
3.2309633484241758 3.2446085535769553
3.219225644428606 3.2377503664549385
3.207534003776203 3.2308871915366715
3.1958886513788705 3.2240191909272458
3.184289807946815 3.2171465280181417
3.1727376899575632 3.2102693674581264
3.1612325096256195 3.2033878751234792
3.149774474872763 3.196502218087554
3.1383637892989875 3.18961256458967
3.127000652154094 3.1827190840033195
3.115685258309933 3.1758219468036994
3.1044177982332983 3.1689213245345527
3.093198457959486 3.162017389774318
3.0820274190665056 3.155110316101585
3.0709048586499565 3.1482002780598473
3.0598309492985676 3.1412874511215443
3.0488058590703986 3.134372011651399
3.0378297514697086 3.1274541368690327
3.0269027854244897 3.1205340048108567
3.016025115264664 3.113611794291241
3.005196890700948 3.10668768486294
2.994418256804379 3.099761856776785
2.9836893539865095 3.0928344909406262
2.973010317980255 3.085905768877521
2.9623812798214124 3.0789758726831638
2.9518023658308286 3.0720449849825444
2.941273697597227 3.065113288885838
2.9307953919606926 3.058180967943506
2.920367560996798 3.051248206100606
2.9099903120013857 3.04431518765031
2.8996637474759863 3.037382097186604
2.8893879651138823 3.0304491195561765
2.8791630577868044 3.0235164398094767
2.868989113532261 3.016584243150935
2.8588662155414934 3.009652714888336
2.848794442148053 3.00272204038133
2.838773866817 2.995792404989073
2.8288045581347077 2.988863994016981
2.8188865797992815 2.9819369926625865
2.8090199906115743 2.975011585960486
2.799204844466801 2.9680879587263576
2.789441190346745 2.961166295500036
2.77972907231255 2.9542467804876353
2.7700685294980896 2.947329597502688
2.760459596103917 2.9404149299063023
2.75090230139178 2.9335029605462952
2.741396669679701 2.9265938716953044
2.7319427203376194 2.919687844987845
2.7225404677835834 2.9127850613562907
2.713189921480495 2.905885700965759
2.703891085933398 2.898989943147878
2.694643960687311 2.8920979663334054
2.6854485403255883 2.8852099479836784
2.676304814468825 2.8783260645208584
2.667212767774288 2.8714464912569544
2.6581723799358725 2.8645714023215803
2.649183625684593 2.857700970588428
2.6402464747895924 2.8508353676004115
2.63136089205968 2.8439747634934553
2.6225268373453936 2.8371193269188857
2.613744265541592 2.830269224964391
2.6050131265905714 2.8234246230735063
2.596333365485718 2.8165856849635844
2.5877049222756976 2.8097525725422106
2.579127732069187 2.8029254458220105
2.5706017250401567 2.7961044628338114
2.5621268264337105 2.7892897795381
2.553702956572495 2.7824815497347295
2.545330030863692 2.7756799249708233
2.537007959806599 2.768885054446817
2.5287366490008276 2.7620970849205815
2.520515999155124 2.755316160609565
2.51234590609684 2.7485424230908957
2.5042262607820716 2.741776011199374
2.496156949306499 2.7350170609232927
2.4881378529169407 2.728265705298005
2.48016884802367 2.7215220742971784
2.4722498062135134 2.7147862947216526
2.464380594263778 2.7080584900858184
2.4565610741570403 2.7013387805014473
2.4487911030968497 2.694627282558873
2.4410705335243876 2.68792410920545
2.4333992131361417 2.681229369621193
2.4257769849026456 2.6745431690914967
2.4182036870883534 2.667865608876856
2.410679153272712 2.6611967860794663
2.403203212372506 2.6545367935066184
2.395775688665554 2.647885719530766
2.3883964018158395 2.6412436479461707
2.3810651669001697 2.634610657821997
2.3737817944364594 2.627986823351753
2.3665460904137463 2.621372213698947
2.359357856324052 2.614766892838846
2.352216889196204 2.6081709193962004
2.345122981631763 2.601584346478815
2.338075921843173 2.5950072215068216
2.331075493694308 2.5884395860375307
2.3241214767435543 2.581881475585714
2.3172136462896105 2.5753329194391745
2.3103517734201784 2.5687939404694675
2.303535625063748 2.5622645549376184
2.296764964044673 2.555744772294691
2.2900395491417602 2.549234594977048
2.28335913515061 2.542734018196155
2.276723472949951 2.536243029722774
2.270132309572234 2.529761609665375
2.263585388278772 2.523289730242628
2.257082448639715 2.5168273555497893
2.2506232266191857 2.51037444131885
2.2442074546659017 2.503930934672261
2.2378348618096515 2.4974967738700933
2.231505173763992 2.4910718880504628
2.2252181130355715 2.484656196963076
2.218973399040503 2.478249610695724
2.212770748228231 2.471852029393601
2.2066098742133677 2.465463342971267
2.200490487916003 2.459083430817152
2.194412297711007 2.4527121614904344
2.188375009586895 2.446349392410188
2.182378327314839 2.4399949695366727
2.1764219526284454 2.43364872704466
2.170505585414961 2.4273104869887003
2.1646289239185914 2.4209800589602537
2.158791664956666 2.4146572397366093
2.152993504149412 2.4083418129215595
2.14723413616414 2.402033548577781
2.141513254974699 2.3957322028509385
2.1358305541370775 2.3894375175855123
2.1301857270820976 2.383149219932403
2.12457846742617 2.376867021948397
2.119008469301149 2.3705906201875915
2.1134754277043597 2.36431969528494
2.1079790388699204 2.3580539115321058
2.1025190006625465 2.3517929164458575
2.0970950129950623 2.3455363403292986
2.0917067782709062 2.33928379582627
2.0863540018529787 2.3330348774693395
2.081036392560215 2.3267891612218246
2.0757536631933524 2.3205462040144234
2.070505531091393 2.314305543277041
2.0652917187203323 2.3080666964665406
2.0601119542957846 2.3018291605912067
2.054965972441183 2.2955924117328204
2.049853514883292 2.2893559045673575
2.04477433118684 2.283119071885433
2.0397281795301 2.2768813241137447
2.0347148275233384 2.2706420488389054
2.0297340530720636 2.2644006103351972
2.0247856452870794 2.2581563490979484
2.019869405443367 2.251908581384394
2.0149851479898726 2.245656598764067
2.0101327016122936 2.2393996676809578
2.0053119103509855 2.2331370290299013
2.0005226347761216 2.22686789774985
1.995764753222248 2.220591462436947
1.9910381630843565 2.2143068849805543
1.9863427821775956 2.2080133002256557
1.98167855016269 2.201709815665345
1.977045430039095 2.195395511167394
1.9724434097078491 2.1890694387392102
1.9678725036059863 2.1827306223358343
1.9633327544142718 2.1763780577159606
1.9588242348398772 2.1700107123513184
1.9543470494754531 2.163627525395147
1.949901336735858 2.1572274077158675
1.9454872708735753 2.1508092420024685
1.941105064073582 2.14437188294853
1.9367549686281296 2.137914157522258
1.9324372791915376 2.131434865330308
1.9281523351147167 2.124932779083635
1.9239005228586785 2.1184066451740753
1.9196822784857777 2.1118551843707656
1.9154980902268903 2.105277092646008
1.9113485011220783 2.098671042140585
1.9072341117316123 2.092035682278987
1.9031555829134528 2.0853696410454114
1.8991136386624459 2.078671526431786
1.895109069005576 2.0719399280694373
1.8911427329466066 2.065173419056316
1.8872155614523631 2.058370557992017
1.8833285604717296 2.051529891232984
1.8794828139771684 2.044649955380491
1.8756794870172244 2.037729280014039
1.8719198287670216 2.030766390682785
1.868205175562238 2.0237598121675
1.8645369539004135 2.0167080720253017
1.860916683391752 2.0096097044290304
1.8573459796397973 2.0024632543125955
1.853826557030504 1.995267281832919
1.8503602314063319 1.9880203671582244
1.846948922600014 1.9807211155913114
1.8435946568006751 1.9733681630351512
1.840299568722958 1.9659601818065755
1.8370659035478185 1.958495886802029
1.833896018601676 1.9509740420172477
1.8307923847386882 1.9433934674203717
1.827757587389093 1.935753046175295
1.824794327234847 1.9280517322090607
1.8219054204722545 1.9202885581138018
1.8190937986199305 1.9124626433700411
1.816362507829349 1.9045732028742148
1.8137147076544387 1.896619555748938
1.8111536692362376 1.888601134409916
1.8086827728585824 1.8805174938584859
1.8063055048312306 1.8723683211635307
1.8040254536577534 1.8641534450910822
1.8018463054470542 1.855872845834267
1.7997718385295187 1.8475266647904227
1.7978059172416436 1.8391152143263183
1.7959524848465538 1.8306389874664761
1.794215555562179 1.822098667433726
1.7925992056740356 1.8134951369653889
1.7911075637155693 1.8048294873230397
1.7897447997058953 1.7961030269086609
1.7885151134425181 1.7873172893954024
1.7874227218552072 1.7784740412771394
1.7864718454366155 1.769575288737749
1.7856666937754246 1.7606232837386404
1.7850114502286782 1.7516205292216946
1.7845102557814805 1.7425697833245553
1.7841671921542086 1.7334740625062426
1.7839862642297577 1.7243366434835343
1.783971381885862 1.7151610638824866
1.7841263413301065 1.705951121514999
1.7844548060475904 1.6967108721975281
1.784960287483161 1.6874446260379048
1.7856461255914355 1.6781569421267846
1.7865154693982273 1.6688526215825081
1.7875712577262566 1.6595366989119684
1.7888162002458872 1.6502144316654666
1.7902527590178474 1.6408912883802103
1.7918831306992584 1.6315729348250452
1.793709229586545 1.6222652185778257
1.795732671668834 1.6129741519864182
1.7979547598630279 1.6037058935842567
1.8003764705968346 1.5944667280514302
1.802998441898539 1.5852630448320542
1.8058209631422186 1.576101315537813
1.808843966584498 1.5669880702857424
1.8120670208138865 1.5579298731350877
1.8154893262164213 1.5489332968031615
1.8191097125419737 1.540004896853148
1.8229266386344258 1.5311511855574564
1.826938194366312 1.522378605648276
1.8311421047948258 1.5136935041721948
1.8355357365316824 1.5051021066679509
1.8401161062946643 1.4966104918855103
1.8448798915841476 1.4882245672606618
1.849823443403999 1.479950045352223
1.8549428009233462 1.4717924214388725
1.8602337079542712 1.4637569524597307
1.865691631100858 1.4558486374673187
1.8713117794175496 1.4480721997437496
1.877089125399765 1.4404320707112388
1.883018427117388 1.4329323757466856
1.8890942512922693 1.4255769219875083
1.8953109971143864 1.418369188192611
1.9016629205878104 1.411312316698665
1.9081441591971218 1.4044091074882783
1.9147487566873305 1.3976620143634915
1.9214706877555086 1.3910731431957428
1.9283038824600964 1.3846442522023588
1.9352422501638813 1.3783767541800547
1.9422797028388 1.372271720608111
1.949410177574559 1.366329887518071
1.9566276581483841 1.36055166301312
1.9639261955295995 1.354937136308872
1.9712999272099079 1.3494860881581576
1.978743095267826 1.344198002515593
1.986250063093477 1.3390720792931587
1.9938153307174744 1.3341072480556615
2.00143354870478 1.3293021825046647
2.0090995305908472 1.324655315601117
2.0168082638529627 1.3201648551802871
2.024554919424208 1.3158287999175742
2.0323348597708315 1.3116449555100593
2.0401436455658586 1.3076109509461207
2.047977041002504 1.3037242547438264
2.0558310178002426 1.2999821910479274
2.06370175796432 1.2963819554849259
2.0715856553660212 1.2929206306856709
2.079479316216181 1.2895952013950827
2.0873795585083417 1.2864025690987502
2.095283410510631 1.2833395661061577
2.1031881083869988 1.280402969040046
2.1110910930289677 1.2775895116907736
2.1189900061786795 1.2748958972034754
2.126882685922752 1.272318809574196
2.134767161634551 1.2698549244389807
2.1426416484398976 1.2675009191471045
2.150504541278187 1.2652534821161514
2.1583544086273836 1.2631093214725626
2.1661899859575624 1.261065172986505
2.1740101689736147 1.2591178073145193
2.181814006703529 1.2572640365673702
2.1896006944843567 1.2555007202239237
2.197369566893631 1.2538247704146708
2.2051200906697224 1.2522331566008154
2.212851857660363 1.2507229096766284
2.2205645778344594 1.2492911255241128
2.2282580723883325 1.2479349680499472
2.2359322669737214 1.246651671735234
2.243587185071267 1.2454385437288014
2.251222941529789 1.2442929655147306
2.258839736288472 1.2432123941844775
2.266437848296116 1.2421943633433905
2.2740176296388497 1.241236483680721
2.281579499885213 1.2403364432313266
2.2891239406551813 1.239492007356268
2.296651490417657 1.2387010184683926
2.304162739519066 1.2379613955278144
2.3116583254440215 1.2372711333309647
2.319138928307542 1.2366283016156168
2.3266052665770034 1.2360310440029982
2.3340580930208645 1.2354775767968051
2.341498190880233 1.234966187657652
2.3489263702584955 1.234495234170218
2.356343464723542 1.2340631423191086
2.3637503281165215 1.233668404888255
2.371147831560613 1.233309579797493
2.37853686066291 1.2329852883888575
2.3859183129022545 1.232694213674049
2.393293095195647 1.2324350985535109
2.4006621216357296 1.2322067440165898
2.4080263113918003 1.2320080073313378
2.4153865867667776 1.2318378002316566
2.422743871402596 1.231695087108674
2.430099088626599 1.2315788832124979
2.4374531599315974 1.231488252869785
2.444807003582422 1.231422307721914
2.452161533341977 1.2313802049879505
2.459517657309983 1.2313611457560352
2.4668762768678176 1.2313643733063127
2.4742382857230814 1.2313891714680567
2.4816045690477524 1.231434863013211
2.488976002704031 1.2315008080881777
2.4963534525522237 1.2315864026853338
2.503737773835253 1.2316910771554264
2.511129810634633 1.2318142947617183
2.518530395392998 1.2319555502764827
2.5259403484985006 1.232114368620223
2.533360477926649 1.2322903035437753
2.5407915789353717 1.232482936353278
2.5482344338093377 1.2326918746778117
2.555689811649765 1.2329167512793875
2.563158468206178 1.2331572229048224
2.5706411457467744 1.233412969178937
2.5781385729642596 1.233683691538414
2.585651464914188 1.2339691122055774
2.593180522983062 1.2342689732012824
2.6007264348835712 1.234583035396052
2.60828987467456 1.234911077598548
2.6158715028034454 1.2352528956804236
2.6234719661689656 1.2356083017365864
2.631091898202286 1.235977123279868
2.6387319189646146 1.2363592024690833
2.6463926352596214 1.236754395369466
2.654074640759062 1.237162571244442
2.6617785161401315 1.2375836118777233
2.6695048292331767 1.238017410924697
2.677254135178499 1.2384638732921007
2.6850269765910726 1.238922914544979
2.6928238837320926 1.239394460339939
2.7006453746863603 1.2398784458837302
2.7084919555445737 1.2403748154162022
2.716364120589686 1.240883521716703
2.7242623524865466 1.2414045256330108
2.7321871224741168 1.2419377956319109
2.7401388905596002 1.242483307370549
2.7481181057138993 1.2430410432877252
2.756125206067842 1.2436109922143082
2.764160619108697 1.2441931490019755
2.772224761876513 1.2447875141695175
2.7803180411598833 1.2453940935659569
2.788440853690765 1.2460128980497673
2.7965935863380142 1.2466439431834981
2.8047766162993493 1.2472872489431353
2.812990311291464 1.2479428394415508
2.8212350297380606 1.248610742665421
2.829511120955586 1.249290990225015
2.8378189253364825 1.2499836171162741
2.846158774529797 1.2506886614946313
2.8545309916189963 1.2514061644600363
2.8629358912968685 1.252136169852676
2.8713737800374077 1.2528787240588983
2.879844956264584 1.2536338758268686
2.8883497105179337 1.2544016760915073
2.8968883256149014 1.2551821778082777
2.9054610768098903 1.255975435795403
2.914068231949977 1.256781506584122
2.9227100516272753 1.2576004482765997
2.9313867893279224 1.2584323204111287
2.940098691577683 1.2592771838342725
2.948845998084172 1.2601351005796193
2.9576289418756985 1.261006133752827
2.9664477494367505 1.2618903474226517
2.975302640840134 1.2627878065176747
2.9841938298757915 1.2636985767284439
2.9931215241763303 1.2646227244147672
3.0020859253392964 1.2655603165179032
3.011087229046221 1.266511420477407
3.020125625178491 1.2674761041524005
3.029201297930076 1.2684544357470455
3.0383144259171693 1.26944648374001
3.0474651822847756 1.270452316817725
3.056653734810305 1.2714720038112455
3.0658802460042254 1.2725056136365223
3.0751448732078153 1.2735532152379248
3.0844477686880785 1.274614877534835
3.093789079729877 1.275690669371164
3.1031689487253282 1.2767806594676352
3.1125875132605283 1.2778849163766908
3.122044906199656 1.2790035084398874
3.131541255766514 1.280136503747647
3.1410766856235606 1.28128397010124
3.15065131494849 1.2824459749768828
3.1602652585084163 1.2836225854918364
3.169918626731723 1.2848138683723966
3.179611525777616 1.2860198899236794
3.189344057603459 1.2872407160010966
3.199116320029923 1.2884764119834333
3.208928406804021 1.2897270427474412
3.21878040766007 1.2909926726438568
3.2286724083786362 1.292273365474772
3.2386044908435205 1.2935691844722756
3.248576733096826 1.2948801922782973
3.2585892093921642 1.296206450925582
3.26864199024605 1.2975480218197308
3.2787351424875286 1.298904965722249
3.2888687293060888 1.300277342734533
3.299042810297908 1.3016652122827534
3.3092574415104714 1.3030686331035661
3.3195126754856163 1.3044876632306126
3.329808561301041 1.3059223599817547
3.34014514461033 1.3073727799469976
3.3505224676815253 1.308838978977061
3.3609405694343026 1.3103210121725535
3.3713994854757776 1.3118189338737136
3.3818992481349937 1.313332797650677
3.392439886496126 1.3148626562942372
3.40302142643044 1.3164085618070627
3.413643890627048 1.317970565395342
3.424307298622488 1.3195487174608242
3.43501166682918 1.3211430675932259
3.445757008562777 1.3227536645629765
3.456543334068457 1.3243805563142783
3.4673706505461817 1.3260237899584557
3.4782389621749674 1.3276834117675675
3.4891482701361825 1.3293594671682638
3.5000985726359204 1.3310520007358637
3.511089864926468 1.3327610561886365
3.5221221393269064 1.3344866763822645
3.533195385242869 1.336228903304471
3.5443095891854832 1.3379877780697984
3.5554647347895396 1.3397633409145155
3.566660802830891 1.3415556311916443
3.577897771243132 1.3433646873660878
3.5891756151335734 1.3451905470098484
3.6004943067985344 1.3470332467973207
3.611853815737991 1.3488928225006498
3.62325410866959 1.3507693089851422
3.6346951495420616 1.3526627402047176
3.646176899548056 1.354573149197394
3.6576993171364154 1.3565005680807931
3.6692623580239183 1.3584450280476603
3.680865975206508 1.3604065593613888
3.6925101189700285 1.3623851913515408
3.704194736900497 1.3643809524093566
3.7159197738939165 1.3663938699832479
3.727685172165669 1.368423970574264
3.7394908712594903 1.3704712797315306
3.751336808056061 1.372535822047649
3.763222916781219 1.3746176211540557
3.775149129013826 1.3767166997163345
3.787115373693291 1.378833079429477
3.7991215771267783 1.3809667810130866
3.8111676629961195 1.3831178242065252
3.8232535523644318 1.3852862277639926
3.835379163682479 1.387472009449542
3.847544412794775 1.3896751860320244
3.8597492129454523 1.3918957732799577
3.8719934747839138 1.3941337859563248
3.884277106370277 1.3963892378132887
3.89660001318063 1.3986621415868306
3.9089620981121103 1.4009525089913044
3.9213632614878255 1.403260350713907
3.933803401061624 1.4055856764090633
3.946282412022737 1.407928494692725
3.9588001870002936 1.4102888131365812
3.9713566160677387 1.412666638262177
3.983951586747149 1.4150619755349478
3.9965849840134733 1.4174748293581578
4.009256690298704 1.41990520306675
4.021966585495992 1.4223530989211044
4.034714546963717 1.4248185181007038
4.047500449529525 1.427301460697709
4.060324165494351 1.4298019257104408
4.073185564636424 1.4323199110367715
4.086084514215284 1.4348554134674252
4.099020878975801 1.4374084286791857
4.111994521152227 1.439978951228016
4.125005300472284 1.442566974542086
4.1380530741612835 1.4451724909147128
4.1511376969463205 1.4477954914972124
4.1642590210605155 1.450435966291662
4.177416896247348 1.4530939041435786
4.1906111697650585 1.455769292734512
4.203841686391164 1.4584621185745508
4.217108288427059 1.461172366994748
4.230410815702745 1.4639000221394656
4.243749105581679 1.4666450669586357
4.257122992965745 1.4694074831999473
4.270532310300382 1.4721872514009506
4.28397688757985 1.4749843508810905
4.297456552352656 1.4777987597336626
4.310971129727154 1.4806304548176994
4.32452044237731 1.4834794117497836
4.3381043105486565 1.4863456048957944
4.351722552064441 1.4892290073625865
4.365374982331966 1.4921295909896044
4.379061414349143 1.495047326340433
4.392781658711261 1.4979821826942876
4.406535523617976 1.5009341280374469
4.4203228148805325 1.5039031290546256
4.434143335929223 1.5068891511202969
4.44799688782109 1.5098921582899592
4.461883269247888 1.5129121132913537
4.475802276544296 1.5159489775156367
4.4897537036964055 1.519002711008503
4.503737342350476 1.5220732724612676
4.517752981821973 1.5251606192019076
4.531800409104897 1.5282647071860653
4.545879408881404 1.531385490988015
4.559989763531722 1.5345229237915972
4.574131253144389 1.537676957381123
4.5883036555267855 1.5408475421322483
4.602506746216005 1.5440346270028233
4.616740298490042 1.5472381595237201
4.631004083379309 1.5504580857896393
4.645297869678504 1.5536943504498977
4.6596214239588125 1.5569468966992037
4.673974510580469 1.5602156662684175
4.688356891705658 1.5635005994153044
4.702768327311806 1.5668016349152791
4.717208575205211 1.5701187100521479
4.731677391035071 1.5734517606088483
4.746174528307873 1.576800720858191
4.760699738402182 1.5801655235536054
4.775252770583809 1.583546099919893
4.789833372021382 1.586942379643992
4.804441287802314 1.590354290865752
4.819076260949184 1.5937817601687265
4.833738032436518 1.5972247125709835
4.8484263412079995 1.6006830715159388
4.863140924194096 1.604156758863212
4.877881516330111 1.6076456948795097
4.892647850574668 1.6111497982295417
4.907439657928641 1.614668985966968
4.922256667454508 1.6182031735253815
4.937098606296172 1.6217522747093323
4.951965199699217 1.6253162016853915
4.966856171031628 1.628894864973261
4.981771241804972 1.632488173436932
4.996710131696038 1.636096034275892
5.011672558568958 1.6397183530163877
5.026658238497786 1.6433550335027434
5.041666885789575 1.64700597788874
5.056698213007921 1.6506710866290548
5.071751930997005 1.6543502584707683
5.086827748906118 1.6580433904449392
5.101925374214696 1.6617503778582496
5.117044512757842 1.6654711142847263
5.132184868752359 1.6692054915575352
5.14734614482329 1.6729533997608623
5.162528042030976 1.6767147272218708
5.177730259898628 1.680489360502747
5.192952496440419 1.6842771843928357
5.208194448190103 1.6880780819008643
5.223455810230166 1.691891934247263
5.238736276221512 1.6957186208565826
5.25403553843368 1.6995580193500095
5.26935328777561 1.7034100055379853
5.284689213826955 1.7072744534129316
5.3000430048699325 1.7111512351420828
5.315414347921751 1.715040221060429
5.330802928767572 1.7189412796637726
5.3462084319940475 1.7228542776019025
5.361630541023427 1.7267790796718854
5.377068938148218 1.7307155488114794
5.392523304566441 1.7346635460926716
5.407993320417447 1.7386229307153436
5.423478664818326 1.7425935600010634
5.4389790159009035 1.7465752893870126
5.454494050849321 1.750567972420045
5.470023445938215 1.754571460750885
5.485566876571495 1.7585856041284629
5.501124017321725 1.762610250394393
5.516694541970114 1.7666452454775956
5.5322781235471155 1.770690433389067
5.547874434373641 1.774745656216795
5.563483146102903 1.7788107541208311
5.5791039297628755 1.7828855653285118
5.594736455799386 1.7869699261298364
5.610380394119841 1.7910636708730052
5.626035414137595 1.7951666319601165
5.6417011848169585 1.7992786398430272
5.657377374718853 1.8033995230193745
5.6730636520471265 1.8075291080287714
5.68875968469552 1.8116672194491654
5.704465140295306 1.8158136798933695
5.7201796862635845 1.8199683100057678
5.735902989852268 1.824130928459196
5.751634718197729 1.8283013519519977
5.76737453837115 1.8324793952052627
5.783122117429554 1.8366648709602422
5.798877122467534 1.8408575899759523
5.814639220669691 1.8450573610269567
5.830408079363774 1.8492639909013435
5.846183366074537 1.8534772843988834
5.861964748578328 1.8576970443293834
5.8777518949583945 1.861923071511232
5.893544473660933 1.8661551647701384
5.90934215355188 1.8703931209380678
5.925144603974452 1.8746367348523745
5.940951494807451 1.8788857993551362
5.956762496524323 1.883140105292688
5.972577280253008 1.8873994415153628
5.988395517836558 1.8916635948774323
6.004216881894559 1.8959323502372591
6.020041045885342 1.9002054904576586
6.035867684169013 1.9044827964064655
6.051696472071298 1.9087640469573195
6.06752708594822 1.9130490189906613
6.083359203251612 1.9173374873949478
6.099192502595481 1.9216292250680826
6.11502666382324 1.9259240029190696
6.130861368075803 1.9302215898698865
6.146696297860564 1.934521752857584
6.162531137121287 1.938824256836609
6.178365571308882 1.9431288647813603
6.1941992874531255 1.9474353376889717
6.2100319742353 1.9517434345823288
6.225863322061792 1.9560529125133213
6.241693023138647 1.9603635265663324
6.257520771547114 1.9646750298619706
6.27334626332017 1.9689871735610405
6.289169196520066 1.9732997068687643
6.304989271316897 1.9776123770392462
