6.120467571169606 2.4317332731413868
7.295059359121477 3.136416359860684
7.930254193232109 3.7201271475389825
7.839772967443572 4.033001040581613
7.169505019268795 4.089997093039252
6.020832178395417 3.955609516215818
4.658054621343805 3.5922801590709876
3.3374382425666003 3.0411190988265906
2.5052938550238784 2.381320470879023
2.2790581613363807 1.89136498326279
2.4390429750614726 1.5838085122792973
3.1427356276943597 1.4733877211476853
4.358724571089807 1.7215485958680146
5.921582779002677 2.226446286588523
7.448622170523764 2.9544523564506706
8.438904352494449 3.6536229469483628
8.778713254173416 4.184167577858587
8.396310749622872 4.344999271632
7.507856373643169 4.324897296055382
6.157568868545126 4.092351312613297
4.6648189670806195 3.6570305020070255
3.2921656986344665 3.083890354780651
2.4246520028097995 2.384751529129298
2.129491920418048 1.8432309872441512
2.3325860482765832 1.5634938262454419
2.9591340431705366 1.516417127325641
4.002177280213097 1.674639220992857
5.4167717326658895 2.0959763224803214
6.904302819899226 2.77164972845515
7.968913793356474 3.502285325470249
8.307225801659175 3.9584169621044154
8.092242312977715 4.19193830172495
7.25360677550942 4.173567645142031
6.043556428231113 4.028215232540762
4.578869234596085 3.6133645511109527
3.2867748934280847 3.0342569344605708
2.4515024145042545 2.3883977922700717
2.1979548200047243 1.8296200251137926
2.453330073441879 1.5963565744978934
3.1053809574194857 1.584489034733641
4.02528302495204 1.828279517594127
5.1620711941938975 2.2189656986846558
6.191166077129972 2.7273012950973596
6.865379470250619 3.2798893937055777
6.893036116645383 3.6352191068788184
6.313909900278723 3.7738555665746976
5.214590924434854 3.6408004134643415
3.99662190932543 3.2777566866317245
2.9463152435956874 2.730942856524266
2.336237532530648 2.18686584420745
2.208119283845824 1.785303926515437
2.4578367373294157 1.553761955044948
3.118932273263247 1.5375294240470143
4.184401830496664 1.7870561219487502
5.389397380921173 2.2124296722925503
6.6410444556258845 2.8560172365974923
7.257333137321429 3.4343330863462134
7.22006732401307 3.751947070589963
6.687587496632431 3.8833371692633745
5.647434956807593 3.80119294131343
4.28922520131706 3.460018917003285
3.1126746740208104 2.8814005356688956
2.3065997434717156 2.2618304764055646
2.1504068875869193 1.744817819738082
2.4911132964851137 1.512007149015781
3.2012000448076465 1.5462300831005253
4.315337047813702 1.8230164443204613
5.59023369205982 2.291782649150231
6.788932287086755 2.9383603400377405
7.4403318081064045 3.482689255432159
7.390519677403751 3.8608771686729284
6.751496755594766 3.951912840167222
5.582600355944321 3.812621429229939
4.2503554365995795 3.4198725179065206
3.0885230982698917 2.8852391982507366
2.3936815154986633 2.2638452992223583
2.2205543689189646 1.8045204134681243
2.4442722107430526 1.5630753797984882
3.157005564391746 1.5296925991723576
4.26780319530449 1.789247339368008
5.600533048569393 2.2678152639574196
6.886792575931497 2.917632038610097
7.603602738726291 3.5196008148163753
7.735445213897813 3.8906342413904995
7.222475586411712 4.057886184472457
6.135594014913103 3.9313886895679415
4.799887610899184 3.648943657842918
3.4709259467134346 3.140686415419526
2.5548663255321182 2.4445915588570286
2.2465567887213203 1.8967289391717972
2.4103224784584243 1.578264712002157
3.02591122935874 1.5435864938944643
4.041914171496603 1.7582419720064004
5.355598005734359 2.2105233031739617
6.668075489114137 2.8080080579275726
7.584375088185629 3.4171035523385442
7.842054739837658 3.885453110673243
7.349206481680882 4.061760888080158
6.287835865457869 3.97803064167561
4.8815776997420715 3.7121085831389764
3.476115505605585 3.152135353371652
2.479133887335753 2.475963644727827
2.1301692190863935 1.894842021733541
2.280614182506442 1.5260277699271882
2.9111391812229455 1.50530964548175
3.960032413859256 1.6834763369702856
5.317525761496362 2.1058708829994184
6.741818556654291 2.7383510935262887
7.757708039498731 3.4269245269465136
7.995548555620464 3.929576230591442
7.588653196784824 4.124521570429967
6.534604723832016 4.093139771624325
5.203836343480635 3.7716612623759502
3.802450172152332 3.2985385414667543
2.655202508918161 2.635999930864325
2.1536123587787275 1.98226138878947
2.2025280108052367 1.592242101015582
2.7443177809599417 1.4275905499597596
3.665974787317747 1.6171466953442306
4.948770789489644 1.9353196414146108
6.43983538707302 2.534592690915235
7.731997127570312 3.1950956256371956
8.497432051334023 3.799002643462416
8.605286714747528 4.1498496993206135
8.136393624137428 4.296987682348696
7.255096912781871 4.227410803220727
5.9824747475163775 3.9995872221707804
4.462790806443671 3.5810909484895626
3.116973444310731 2.962941588159841
2.3372887160554607 2.2640863100190596
2.17259564040234 1.7842218440912525
2.4299358060984853 1.5475516607076185
3.0967908880304607 1.5171493834345113
4.184666825116835 1.7270124965722684
5.587389787761289 2.199805326772618
6.995541187187063 2.8740089926041033
7.975819143531204 3.5341914396126453
8.226691072535537 3.9894955988159864
7.825327160856594 4.173082414756103
6.900711031362842 4.123625857860679
5.550938171233654 3.8995618065700817
4.074411866962438 3.4015927185000048
2.9457365137726144 2.7627453964560655
2.34588415247389 2.1601212545879322
2.1642168140238427 1.7745960697897354
2.428271699210296 1.5586210789023731
3.02891119163308 1.5233160177849705
4.161022807989717 1.7125775559661967
5.660935852808311 2.1690826430705425
7.234107186695623 2.846882846824661
8.389035963884355 3.5135704597737267
8.973806694991566 4.0502055783604884
8.903338222896561 4.352503427684349
8.181331167293262 4.383959202752329
7.091629816101498 4.271090370963761
5.584849676792086 3.9861232247709455
4.033805861205074 3.465046511792368
2.7290786622187557 2.7655261832972307
2.0771286912092948 2.059802016407062
2.0750822640255273 1.5855105076284488
2.5191317499993064 1.414577600650555
3.454009455772952 1.4781835414939284
4.812363773647701 1.8327888913968775
6.490207395960853 2.423580742815076
8.02393410220851 3.1698257630800746
9.134714082723512 3.8647371997585904
9.53496777079824 4.324562440010815
9.294094226972131 4.539711816889017
8.62592468542539 4.5425071718170615
7.516237142796407 4.406444615347781
6.131600460308624 4.098162831144266
4.6194296239508565 3.6292481784285457
3.2709034405647857 3.0483685762637682
2.45512485253701 2.399016914679181
2.1241419102284365 1.875042088593224
2.2809339550012337 1.5461447105995367
2.9091765324595964 1.4097687405900952
4.065545241408778 1.6308213981916844
5.5849230825401195 2.1358731198731946
7.099790498346606 2.882461712520705
8.143207324706296 3.5467670168700556
8.495606782640083 4.052290243184785
8.112570942905506 4.2340120607881175
7.212054906433586 4.232239671796976
5.887615121819397 3.9991669095714606
4.407854429501999 3.5498183389322477
3.1910906329639257 2.9265244392612915
2.461315311691079 2.278257021407201
2.248994462143884 1.8485255691949902
2.3781327041059774 1.5748004449975403
2.9852039824521723 1.4948276999822963
4.083341374908625 1.68915088897566
5.561110306305804 2.1306613355052613
7.071443217509818 2.819653864322085
8.161974276892806 3.537140558016939
8.586480591967893 4.043758440238685
8.258200542448854 4.2622429505196076
7.375845372097082 4.248303610701175
6.076181830366861 4.0109256035799605
4.596415376961263 3.6539214537686866
3.2535536821012276 3.046041797660103
2.3489752589616777 2.34836244704463
2.0709747239309135 1.7771873663613214
2.3215089100602193 1.4943384140419371
3.0270009724084876 1.4665813548085558
4.144681531911758 1.7019256690131928
5.572626471541719 2.1845853766224734
6.94543898873257 2.8413048953948925
7.946802632710503 3.491526817432972
8.269675495928459 3.931490194786233
8.080686713144443 4.147040011884452
7.302807240500814 4.1911543635115525
6.0146830137183045 4.005526042648091
4.547294100376247 3.5693382261408084
3.178624798394553 3.0047244157074293
2.370159904120397 2.325174642351832
2.117820181229432 1.7696763079504712
2.4257912999976248 1.4621234997799024
3.3189614464653916 1.4250659085094741
4.740805691162911 1.770586514408315
6.483863258820404 2.353396465611954
8.104811513399417 3.139603444370744
9.24257090146532 3.8516691490405197
9.666001742823832 4.325485624322011
9.454050592150946 4.528150817754747
8.851035959602978 4.558461657930366
7.869324108337886 4.438827533259727
6.501616694315852 4.229406466931681
4.862329524708266 3.762932604620785
3.397336242050433 3.1243175381634
2.5352908049564045 2.4646418543176245
2.1375972142883795 1.9404499179024985
2.248005816696014 1.584205701675704
2.8233185168624337 1.4656829055123677
3.7967988819869314 1.614533960445564
5.188025392427922 2.0240624319574563
6.7025957547041655 2.656282404128015
7.897232971173362 3.3552310401830376
8.473484819455898 3.909528445694971
8.408077956400398 4.195757394743092
7.7126105244189676 4.289007228232829
6.454883232474625 4.10754886794298
5.01431163567999 3.7500106005223373
3.592307144114016 3.200991325727601
2.570679403774222 2.5371133209488077
2.0970543877716183 1.9349452058032546
2.135368345684345 1.5501067695842323
2.719702378079679 1.430853822562173
3.7282258267757924 1.5569709367280298
5.213258042703916 1.9747295980920934
6.775390717049765 2.6356107305832532
7.983145401567356 3.357824991461058
8.482186649209751 3.947932062592957
8.240719415213636 4.238837086954536
7.460809957133689 4.24124109783667
6.140024029503277 4.068280169376199
4.610448672198769 3.645462246675608
3.208513190278818 3.006021636992297
2.3678397543447627 2.3203657614487043
2.126738206988039 1.7953143301599641
2.41708492092173 1.5259181462441225
3.1202902742526013 1.516202298558541
4.291577530539808 1.7025412250588527
5.932560360758829 2.202974556752782
7.598718169900525 2.911162971248567
8.820604386547565 3.6604381325346504
9.401785715083063 4.1793086317712715
9.279957599838927 4.443856607795166
8.674122828370592 4.507101310406269
7.702199631075757 4.4085118168330695
6.359603122570708 4.1457272764049105
4.814841412745199 3.715460117707728
3.3549293648883616 3.0882310615099176
2.422717716423674 2.4136989418719947
2.1201500780260205 1.8140802110739
2.3773109899908187 1.528650624253712
3.089298919419633 1.460011739284595
4.37786031773392 1.6780064265917838
6.141417902694057 2.177816746887843
7.944878641121228 2.9519950589648163
9.30052745311631 3.7755740389922394
9.951719690006762 4.331813036038527
9.98966481819483 4.62027018446635
9.597296934117825 4.671157755621618
8.736150267181436 4.628545495635984
7.515663376986909 4.467337517033726
5.976568522966247 4.079853392263239
4.410268094783259 3.5981706839440624
3.0995313944934098 2.9360108929983286
2.376881186211658 2.260430510533154
2.1247457205106675 1.757047101838228
2.353830170029832 1.49186146794875
3.086346704318776 1.5109694657222046
4.195953331018381 1.7245647790220129
5.6099348572535535 2.2234005552153446
7.053454243697896 2.8810196817143616
7.944154607153318 3.4964498070846215
8.211924508611231 3.9621775475308634
7.774237817045656 4.139996077560579
6.915949474999001 4.15074818395214
5.546925934653459 3.9032414161207987
4.067886961222185 3.3976816001150683
2.9137413749824774 2.771071679716741
2.335353006208211 2.134896866240424
2.290569531107654 1.7367067597431092
2.6771426030594943 1.5501659139339503
3.467447710847706 1.6073565416691324
4.680041974036727 1.8568193654789336
6.228035664106743 2.443735226514325
7.474087199308757 3.1492716557207916
8.263951897041926 3.711613532585431
8.306449305190753 4.146352871621972
7.650082046131197 4.273496655141804
6.417119259050191 4.131673729734654
4.954287312555587 3.707646472886315
3.6131997006124146 3.162224322959402
2.630220162846057 2.5522135649536266
2.186347665630118 1.9964403011180702
2.191559356585905 1.6178642005049981
2.718388659761162 1.4423967983492731
3.7271004285744427 1.5502056038677106
5.224549372351351 1.9425897069412659
6.9938446497941165 2.6047621897387607
8.51881112313437 3.419968359173833
9.382654244887108 4.018522008844502
9.765815444507277 4.418369668443229
9.433453043630072 4.603028986660046
8.708440065351459 4.5925755725195225
7.655526097799533 4.414783412277851
6.220645346047193 4.183912789414352
4.528323243830539 3.705783100513911
3.1008086328433664 3.0040887632419255
2.274291823257643 2.283791669454986
2.058380995063585 1.7619393404090176
2.312625441259356 1.475196857159679
3.06383908359829 1.376605476107532
4.483287506819954 1.627945038109887
6.368630008692055 2.197088103695058
8.323650976492045 3.0277525093010755
9.867912016754875 3.8138914704069813
10.898076850722756 4.373006639826123
11.542364944981452 4.751831541265019
11.823128455410243 4.932205946340551
11.957856611793206 5.031302192138394
12.016231434892894 5.041296529737945
12.111963541651136 5.085916576504411
12.22182262198488 5.107253728323212
12.306755248367613 5.12989264294764
12.49777104663109 5.118733057393159
12.80549766313698 5.162199738222887
13.267013553733465 5.180478507855725
13.841622748598143 5.272698215929814
14.761657071698485 5.341859654430872
16.18165864796466 5.4593671834045825
18.47092965852089 5.56349045311101
21.979479191380296 5.7671614085271665
27.146977813613343 5.981918130111388
34.2846324656608 6.174760149880355
43.1890117552835 6.357855192722439
52.82334171421751 6.520142750461168
61.51026705500155 6.615289450166268
68.22566425127638 6.650688214921738
72.73985343097866 6.752947794102705
75.55027014712077 6.762065209722766
77.15166345684042 6.781233033796955
78.16031991647456 6.788952571829679
78.70442194447274 6.772612039694414
79.02475842103614 6.766506948169503
79.10996372338282 6.805853398578589
79.11535843273724 6.787817454077084
79.15242245113735 6.8077987937775575
79.21338777797001 6.773349864954327
79.20271758611634 6.77113523141565
79.3013203613244 6.7434918288561185
79.35551723263636 6.7702043340036
79.36344889581757 6.754467459702079
79.33076155613925 6.764583719981481
79.33770039361455 6.763669229023525
79.26152356158613 6.791804172647779
79.22615231236963 6.787038742459322
79.24205923662936 6.78201403026828
79.29136966378704 6.798148026223078
79.24234526679346 6.787544278167131
79.2581204226584 6.775940727010181
79.25539053315177 6.764854679819165
79.28410386960923 6.765841987202336
79.28467947431396 6.79372852575067
79.26017624274232 6.769003808223247
79.26901596610362 6.798107473906769
79.24914174225854 6.77234578593971
79.28899659129547 6.772535161571259
79.28684494143405 6.78236749044145
79.28764393339277 6.760856468648298
79.29189294430313 6.76489345950083
79.29482223238463 6.7916511172591765
79.27475594638179 6.77957471039226
79.32542272663883 6.7612477718181525
79.35027805574983 6.757791224199512
79.30039346325711 6.780051387156329
79.31228248903017 6.775962644943442
79.29892085188537 6.810164966413771
79.25950295558088 6.769694181140576
79.27225859414742 6.778603952649936
79.25696446564697 6.77917730753748
79.23263841972994 6.791051955976977
79.19358536823512 6.786315177188444
79.2286965593507 6.7802090123509124
79.30317932852901 6.7755821848879405
79.27513535922004 6.779712159858232
79.31690513994782 6.762629676572088
79.26107061652225 6.782170409620645
79.25065582010632 6.743725754473361
79.29076676147837 6.779038814257449
79.30357051034815 6.777659513349333
79.30719349109094 6.78496432313779
79.30097296480812 6.771462876576448
79.29330134639697 6.761974765061385
79.30241504763003 6.770106958384309
79.28616537100416 6.741604998782579
79.29047735994192 6.79450025435859
79.22860679887248 6.796065353844439
79.19509284397512 6.786809513977715
79.16806611673223 6.78930336261639
79.18057558580965 6.7871627681162545
79.22925757174085 6.774623663747881
79.27185395756366 6.7759319618948055
79.334188219013 6.758056558117497
79.37894135829876 6.757667601388386
79.33387954905781 6.776026750706595
79.3479831692589 6.783275263267468
79.30796534196637 6.761419616232552
79.25786385262475 6.7756379251607965
79.2668166638606 6.779970028879354
79.29529730407982 6.777102509479818
79.28388536052272 6.782412657023789
79.2414698060308 6.793460794150508
79.23423011235698 6.7824014448353624
79.2411365870609 6.7966287969122465
79.25551502964834 6.731970499273891
79.33319196100803 6.729511443273796
79.35291733805316 6.779036845006572
79.31021122453629 6.807425706386925
79.23550502235005 6.78429991461644
79.2795980534156 6.785531388738615
79.31035341344617 6.777542242744372
79.344977588318 6.7661956648472215
79.34439053372101 6.755026240431352
79.32040499101525 6.786400452710366
79.28159640613175 6.795526562130061
79.2583905765114 6.770198177820983
79.2206073942861 6.787477382544602
79.22624750474813 6.768245390691377
79.19919038628558 6.783660796171271
79.25882010397117 6.774318857416108
79.25638962035706 6.768796716455081
79.27597677710642 6.768422598890495
79.28160034026108 6.744737651950012
79.29207528259599 6.772609590197551
79.27534131642037 6.779724111646445
79.30128164757744 6.767117880676426
79.31361318094791 6.768153975283386
79.29621363075637 6.7617791408422105
79.31953163888133 6.7470059760027254
79.31198420892055 6.77242412761417
79.35339202635949 6.762795366761209
79.32446078141743 6.793890589235324
79.35236422131008 6.765531597225121
79.35713068707278 6.770744268651116
79.3251211942755 6.76817662474916
79.29459632583198 6.767777078663674
79.32620762781474 6.755516750564563
79.3476738321896 6.766180120017963
79.28758250183989 6.787435160788218
79.26318101777817 6.790717242355633
79.28964711277553 6.780801368378359
79.2626847938108 6.803329126567441
79.2845504169711 6.800969006061439
79.33745058949918 6.74520006225839
79.35276606386046 6.747967977945363
79.32035474873167 6.757630727521778
79.33813580110463 6.731510746846236
79.35140913360831 6.774632990179511
79.32632221549656 6.7661348045058185
79.31638406486314 6.7690074377051435
79.30115507929989 6.760731706914708
79.27840798822353 6.770530459905567
79.2951973341034 6.766498562291458
79.2897093190039 6.789179360518858
79.25106905417296 6.8039341815950865
79.27686782571934 6.755078406621391
79.26907700678983 6.795779826494253
79.23718574881397 6.788796841769273
79.22895204212061 6.8249786118027425
79.26654315693142 6.7354132269557425
79.29142031598508 6.756091201628491
79.31818477524095 6.787059325293635
79.36228625163265 6.76192593031653
79.32484143867636 6.7854543135682155
79.33013413930824 6.755624328076271
79.28635135059673 6.808468105651861
79.29161915983573 6.765149201257484
79.30035924972067 6.778894478958682
79.26417896635803 6.784087219449799
79.26168734422225 6.768641465710413
79.28870291204134 6.7923593325477345
79.26877863688722 6.7989567763084535
79.2724239705351 6.7744242234290954
79.26236257498297 6.776884458481402
79.23865316954021 6.780219576656916
79.28093681828513 6.794160133498118
79.21727289108959 6.8109283596745485
79.20841784907445 6.793368711626694
79.22540891251592 6.748977380549233
79.33523630803839 6.764550055948252
79.33682658331291 6.781334881787675
79.32164611748006 6.790836597470555
79.30477172893357 6.8073910905882125
79.23739470855833 6.779255899232413
79.3104716756603 6.764533426332616
79.3394124157682 6.776620734388358
79.35773002515465 6.763975343126157
79.35422773487494 6.754014059146061
79.30914663342391 6.7912771658074975
79.28213504070082 6.776005114782198
79.28732227848595 6.792436354632275
79.21231416450323 6.782267709270761
79.24507300256872 6.784417052667801
79.2230776434001 6.766877083668266
79.23589912793827 6.782905399166909
79.24820787662011 6.791908048082292
79.2332415645728 6.788115417042448
79.23081992115884 6.781016190077081
79.22958317725545 6.759059895849544
79.25140559877714 6.796003597273774
79.26516741388727 6.755688987184675
79.33339208151048 6.746693495903209
79.3205147779347 6.75721685400079
79.3168672575646 6.761295940382422
79.3225816586733 6.775215749259097
79.30380046714814 6.762004528266443
79.2785114917609 6.788358324430129
79.29948005459802 6.776663271118523
79.3124155234961 6.775788120921481
79.31905510891625 6.795040167121035
79.30225312561342 6.757312019394632
79.29614477428252 6.778627520769969
79.35002420987708 6.748565655468524
79.30922236147728 6.787826323224856
79.25735391020106 6.784700113948382
79.27890783893598 6.764317746645187
79.3019317876613 6.746514335165696
79.38696567544325 6.747182425398854
79.32762736044553 6.775713654233428
79.29717399154764 6.753743034307774
79.35960185927016 6.750106583052712
79.26893908440078 6.786734849896079
79.27837210761889 6.775203650229522
79.29122412179399 6.771858168513707
79.22820031110057 6.809160518987114
79.29437855035172 6.778000018885539
79.29493209689025 6.778045744987747
79.35937321991425 6.766258360149256
79.34394541187592 6.778553132537029
79.2879209185232 6.775428998317781
79.26468820849765 6.767384396232108
79.24630103846496 6.776671586218197
79.22238474623234 6.793827572445098
79.22766268328547 6.783837589846813
79.24301402724844 6.790582041426085
79.29415412431426 6.771532226519314
79.30854041250157 6.793831939165512
79.2781378210919 6.802810619354977
79.2516428749932 6.7966095516733676
79.30241313409344 6.766107463952505
79.3134430786744 6.781368987854517
79.31088662495986 6.7754470039540795
79.29549283783713 6.8034454171961345
79.29849103596106 6.751539992660169
79.33649019669572 6.792576549703298
79.24061560322482 6.803134716744111
79.2137200799299 6.811501048000794
79.18539665791324 6.791674843603754
79.22381194392548 6.785248904462727
79.17594256362099 6.790170056421729
79.16545837763886 6.825330080949669
79.16827071327194 6.801031696964332
79.1310613691311 6.8021841948164035
79.19302712563523 6.792204634130275
79.20726233777346 6.776988415636455
79.25603839701624 6.756711072223087
79.26621492418947 6.759491732778804
79.2900348659641 6.7820307530541895
79.25275288599639 6.776695295911069
79.22678924602084 6.794506846205597
79.24774306336892 6.7858855674656855
79.26095956914106 6.786227944072756
79.30523778322625 6.7719550936754365
79.30328661149716 6.775595909556279
79.30100811710128 6.780018204475193
79.321644642539 6.772348547377259
79.26899741735846 6.764349855961562
79.24360794950871 6.775007519449317
79.22750388082001 6.800712990601592
79.20888053240992 6.776481518028395
79.25873334255846 6.767918170705297
79.21187347565834 6.782970091441584
79.25214939998611 6.777857967341018
79.23578134360613 6.791975634517706
79.29333245901874 6.772525469254813
79.30472501542155 6.7911381782050135
79.25977232716993 6.785583042096479
79.25186423257142 6.788131431609881
79.23725393935435 6.788398287274968
79.21533933938125 6.793535112845844
79.24393023791424 6.787885524536097
79.26061422488065 6.772532079274857
79.2623025979433 6.775558190619436
79.23678706766727 6.778367466670701
79.26498505712752 6.755746958585397
79.29797592139208 6.787953069657763
79.26538406774499 6.782066743361087
79.29097760986775 6.764847790746804
79.26862622667271 6.7848578874985845
79.23911549948858 6.785714288972935
79.1895020344957 6.81647950816377
79.17602032752751 6.778253331095828
79.27178590537416 6.753937529323804
79.36964467633877 6.742466310928567
79.3467088072289 6.765563534919228
79.29979911392685 6.791310046703909
79.26314097664985 6.798680903323839
79.23239676162572 6.794973319717189
79.23054859003179 6.787801412002043
79.25204031757926 6.770067812799525
79.24873579692724 6.760290782505344
79.30047858043005 6.7840223594170475
79.30696876422226 6.784716682281756
79.30684780002126 6.780657092830274
79.32641491121994 6.771085578242533
79.33364184644935 6.772714579573349
79.27643867399341 6.792498461157203
79.26252097320308 6.770810053550096
79.30182086283106 6.7578021854790915
79.28941434414682 6.776785638893605
79.30212705758022 6.7974965490907096
79.20773180318223 6.797872905007117
79.22470141955142 6.779546552092173
79.32002925335915 6.776947598062609
79.34788858133554 6.791594547898662
79.32340950038027 6.766411595123836
79.28238718497066 6.7995596331484816
79.29481823158501 6.774051984686916
79.25424198120925 6.791878301838517
79.2975437068219 6.787781232310116
79.3121970444024 6.781485089665559
79.23573546375872 6.8102379625374
79.26408973892676 6.765759316396059
79.28733494005388 6.791998348914534
79.26690373007237 6.779535820023392
79.2977177291102 6.8043702721119645
79.2631570703602 6.777532711656508
79.3076310667632 6.740121848445283
79.34468318041904 6.794485725932992
79.34701101546545 6.7566091729142785
79.32246191764304 6.780878776795834
79.30015689899548 6.793955379443726
79.29958710445678 6.782821445909852
79.31386812217296 6.777408915565908
79.31831614134492 6.788251018644882
79.28462293637396 6.78666422596973
79.26899375610851 6.762549524144106
79.29536130889818 6.793798160537805
79.29804872173106 6.793017080433308
79.30913857955382 6.7692698822888016
79.29445869482004 6.795719369331422
79.34423502024443 6.765464165104021
79.27166257857407 6.77648663984281
79.28996024319949 6.7953732003427065
79.26504463600894 6.778969932481106
79.27699778510092 6.794338596472142
79.27585072371605 6.781728454335852
79.26521688230493 6.787833954605106
79.21270387245701 6.772451917490249
79.27384571637171 6.768714772527223
79.3149038087613 6.7689289251092095
79.27607063624292 6.792775991627088
79.25724365109346 6.786878947072201
79.24060515785898 6.786521418120949
79.23720716103446 6.79492367597214
79.26456087362861 6.757174706194919
79.29440587709061 6.777216520009097
79.28492614928695 6.780641155303682
79.28029337607671 6.7755190976222615
79.29697865090507 6.772059290322159
79.29151416553873 6.772427631794072
79.3098726181198 6.785172832344696
79.30982327105002 6.760944768962763
79.33275205676513 6.773472567402878
79.32379243122114 6.770812702558795
79.29650713086033 6.773370097981079
79.25587245608041 6.78490281040659
79.27304975757131 6.782313320861361
79.3158885065736 6.771552160870261
79.31463985863718 6.783976091485252
79.26003635748214 6.810628506678406
79.24527865952643 6.7900285690985305
79.2516491290864 6.7867357284040715
79.24098055103104 6.791607308489169
79.28571364060022 6.781628119396689
79.23410287748628 6.7818224293255644
79.29972846577415 6.7798005453787
79.25881461160417 6.800290596547702
79.19680996279835 6.785453200140021
79.21861155176975 6.783063223947298
79.29524092475776 6.788804630282555
79.24687043141141 6.7858605319347465
79.31354946106993 6.778572599627258
79.3344860883675 6.767917087378461
79.31603424759037 6.796065607068934
79.2573524349244 6.787902386485838
79.2498830903501 6.7668283701507015
79.26016968158089 6.785768800789025
79.27085797039116 6.782908408227694
79.2982250358936 6.744099189023515
79.29830664488165 6.779387114356517
79.28574322265752 6.789971003868051
79.21733709817994 6.782104809982275
79.302399572177 6.782447078928773
79.27497934828484 6.798020523550158
79.24642311242101 6.787674801416455
79.21421301916536 6.790874619382885
79.18379489523699 6.7934403852190925
79.18426024808923 6.770580607576512
79.2409764706814 6.770503828734405
79.27017624853842 6.805774160336992
79.20724519089194 6.794284639139198
79.20740484315974 6.7893873487662155
79.26432044723641 6.75048081943264
79.28135397702268 6.75152643535612
79.2676623314579 6.783337795891004
79.25539510961791 6.767062371439978
79.25663079032996 6.792101610906685
79.25033422553817 6.77178345261121
79.28638462876656 6.770403391863243
79.27230192593146 6.781502110198231
79.29911450661622 6.755522999578995
79.30362468601368 6.7788320689638475
79.29063220911974 6.775021435106552
79.24241359203162 6.819027620498738
79.21671924370905 6.7757276763091205
79.22460467988081 6.77173397632333
79.26825340521924 6.784265004566923
79.28664175995677 6.782241937574995
79.27658682195047 6.804412776683483
79.2575708197695 6.785571053063357
79.30965403595897 6.740002341524423
79.4149424300763 6.731125584227987
79.38638265885892 6.765592398335457
79.29202661073874 6.800647068637134
79.22613506125703 6.779568743412819
79.23950226771625 6.793049447343103
79.26510327764926 6.766130030064635
79.29941586646012 6.774395059796104
79.3736239909354 6.7590491319538275
79.27526068873661 6.789818683833579
79.24506777902671 6.766978871028628
79.26313855082591 6.757370651186986
79.27835233888528 6.770835417942815
79.28258454126755 6.7726684533195565
79.32380888112489 6.783418126707114
79.29639396407761 6.777479256335665
79.27630232908818 6.792374637485757
79.28644207550357 6.7535917955018485
79.26479492617025 6.7765121414531375
79.2860829636924 6.782813422960316
79.28056560091498 6.809669868060232
79.28143460697179 6.785094538793244
79.29828179967632 6.753469762616862
79.27113894500938 6.757526740437633
79.26145762526788 6.78292666469517
79.24574061419708 6.779860726627865
79.32477841350185 6.7760758164229
79.30501346494144 6.787002756602156
79.30075696476783 6.757971898958185
79.30791521972886 6.770036977723465
79.30380785599938 6.763937178275843
79.30887007898045 6.742359320303146
79.36301014135798 6.737251585555954
79.35607083599729 6.745133981162201
79.41634056761575 6.769110714341553
79.33784770850953 6.76768890125893
79.31877365192533 6.779197662624003
79.28065817467356 6.776381714733949
79.29643845248866 6.788585049925539
79.30303445546764 6.761018510248464
79.2867861188255 6.779810176426654
79.32595168800943 6.778707233559419
79.27177487802662 6.785841515990839
79.27958857693419 6.768390445714839
79.26710380699629 6.788329321856042
79.18621601326174 6.782259692418725
79.20300068519983 6.806152570897484
79.23027223811616 6.802337982330209
79.22456238080213 6.793143698133397
79.23645335854364 6.774766701248373
79.26046096262641 6.795473149425301
79.30832879880127 6.759460970001118
79.35226049227177 6.754465071638621
79.33985103896255 6.757097616699307
79.30047941017591 6.7807518336561525
79.29310888285416 6.7927931251183535
79.30887606330168 6.774750629395769
79.33248795583428 6.7702619166803295
79.31487614705702 6.761719724924898
79.23285309222402 6.803549703649412
79.27937614393495 6.780337555235174
79.29666219081084 6.762024036403014
79.25714904229615 6.773420874190851
79.25994785381728 6.755243715897277
79.3257666998136 6.754921515334217
79.33700674961614 6.756297227193823
79.34738337461533 6.803557516938674
79.32299237490696 6.803002048488857
79.29483283239264 6.759498765324576
79.29392881320365 6.772390523203134
79.32677817808158 6.760196235908126
79.24805262562862 6.799894202914214
79.24508275215099 6.777952421841976
79.22830366523459 6.800271848273318
79.23475716570819 6.774212266543646
79.26381317223381 6.783284419684613
79.26668684179239 6.793511295687122
79.2690435289142 6.781558872717351
79.2346776224856 6.773775739279509
79.29242600160894 6.74355823240466
79.33592684026199 6.771946512008357
79.33882667958383 6.765636206817411
79.27621499320355 6.7890735462564225
79.24893978511444 6.800674313584497
79.20832825933549 6.804847197799878
79.21301734406168 6.786090409686292
79.2053442409951 6.820670025230268
79.11628571008812 6.842039655346526
79.13803143782704 6.803056842377315
79.13697544081863 6.7958157277053
79.16657041474576 6.770404262625703
79.24040036641999 6.763364545413858
79.2734166610426 6.787716924846244
79.24576889921693 6.821559146957736
79.2103069228941 6.786460378777599
79.20345919133594 6.770454398741262
79.24586162583077 6.770150625791062
79.23705569967917 6.802722011747533
79.25626498378793 6.773443237844515
79.29074515981056 6.764297816198722
79.25268906863909 6.81074336360318
79.2870816659548 6.754160401025414
79.34382183770671 6.761950923652819
79.33513264969069 6.767068828775892
79.36168234739897 6.77546121661861
79.31536314110826 6.779780320661768
79.27731855993433 6.783558974481092
79.3439095095384 6.762650947459701
79.34128073763793 6.7817834412859375
79.21730847294408 6.796358158855923
79.23178398694009 6.756242411254037
79.27495450192788 6.807374594970646
79.22452382753559 6.803317275363123
79.1914157783008 6.765088117662389
79.26433189190858 6.737074182573467
79.28428548215405 6.786073622103154
79.33208602821465 6.755767187092844
79.34424591551208 6.751788131461906
79.34613081348289 6.795887781754932
79.31126442568709 6.795138867867871
79.28301779279343 6.766274842397646
79.30554599657515 6.766622290847654
79.28661087838321 6.796708936263387
79.28025713361856 6.782762163849531
79.2709130653696 6.767424557145933
79.26810424803142 6.768450966226044
79.35475714704023 6.7473595374591175
79.35602472487908 6.773388281052348
79.26708607044627 6.798461002319122
79.2823967916003 6.77804590304083
79.33815583037388 6.7802509594894245
79.22563502905831 6.8055935625139545
79.23085259885781 6.769321130395376
79.19145606747874 6.796617225875627
79.20945272743786 6.795326431054218
79.27124063782901 6.772329084970742
79.29705884798679 6.7562962367703685
79.33220428320169 6.740153548364665
79.3105640903349 6.776138890998084
79.29126389183831 6.766968396323748
79.25219185012101 6.80398707350232
79.21662292333949 6.802879583355699
79.19543516198684 6.790896960753166
79.22588186000466 6.783150324040447
79.24225794810565 6.771097873397908
79.29165003640226 6.756887539002567
79.35003371325783 6.7510980850289855
79.33127002331744 6.78776249978815
79.31016349054008 6.782414072467927
79.28557809202758 6.78044228354669
79.23764065240591 6.779059031431373
79.23410586869718 6.765956895964625
79.22960579917886 6.798634397446229
79.20635455080662 6.789786638757314
79.26876485409268 6.759376990102046
79.30374540437413 6.809937136468087
79.26153174391702 6.790214403773198
79.24238530368815 6.786643562482082
79.25820517916405 6.781667090097257
79.26106789336691 6.799220675279384
79.2456288530857 6.778519375489328
79.21327603695937 6.776771850196449
79.26120236467548 6.7541613032648256
79.35298225825956 6.750162957504687
79.34864012061418 6.775554161051678
79.28030613628097 6.787461437813258
79.30105799095979 6.7509209381269555
79.29321408951103 6.7881760924744174
79.2320184601752 6.782952094776902
79.23750931529287 6.813709208971829
79.24397345689319 6.790909348234358
79.2770426004914 6.775454696790512
79.24197218268819 6.766150093349882
79.25101196849322 6.780775142549859
79.23705625044592 6.797306210395611
79.26749389379184 6.776671642059088
79.29218595968693 6.7692400409761495
79.33221147340164 6.763647736911904
79.33895734422018 6.781356376813224
79.29012536517806 6.782297716007837
79.29583740336216 6.753554802428864
79.28758420845331 6.7678884692702
79.29287664666109 6.8010545550854085
79.26069408794123 6.792054952452886
79.27209046541333 6.760478223060246
79.34410795665585 6.735553727193023
79.32101115161134 6.76056752408732
79.27536267603199 6.780846315091244
79.26760599529415 6.784500369750911
79.25971598029147 6.793937875956349
79.2127843034834 6.798502972031274
79.20405083777315 6.769890294744197
79.21634149550862 6.766539272660177
79.24201982131845 6.796189407455091
79.23668183187299 6.79578174402635
79.18402446973778 6.812778668829435
79.2458604896151 6.776847385071112
79.22026080654064 6.797521310046256
79.2236377703122 6.775116763872059
79.23952979146576 6.76480048019524
79.33589804554235 6.771056697486287
79.36305888000899 6.7825285371245405
79.27871793982409 6.80099493023827
79.27449427909724 6.774635392959758
79.2805254582923 6.766337001153899
79.33641302099956 6.755787813307888
79.35117590634688 6.7450312106691745
79.34405164006449 6.765201503382125
79.37637484976153 6.771149304014051
79.37815875607276 6.772614421347803
79.33113307639194 6.757895332902231
79.33911880003969 6.786960752698674
79.32262084916718 6.816746960676675
79.21190470583062 6.808941023189821
79.16261560079452 6.794617372642789
79.19586894800229 6.778638623900648
79.21920294980872 6.791047704976493
79.20032510120068 6.807200521237288
79.2565772402274 6.756623070255359
79.31948525682513 6.765751443043033
79.33735434722188 6.776590955975928
79.28803371621206 6.801530476809825
79.27995094782311 6.785976663909652
79.26587477045966 6.759895086456037
79.27258207960321 6.787763632986969
79.27528138837248 6.7596784355291435
79.29415180100396 6.780658027237765
79.29167722248734 6.78530832692732
79.24491614566493 6.803273952896703
79.25013875732583 6.769794497636579
79.22118755534281 6.809638103557891
79.21712450303757 6.815945121728532
79.18042636624106 6.783411812520766
79.22959047922133 6.788942489586662
79.20916262934782 6.764763400056788
79.24481230231143 6.753768268187387
79.30103075278679 6.773978477148219
79.25402213391864 6.754392617860342
79.23039105742906 6.815279471210161
79.19400303798423 6.807069247847563
79.22957490469948 6.77807699328109
79.22307851343179 6.763296355947388
79.26452815033414 6.777214588479002
79.29327190927663 6.786600970427813
79.30076394025961 6.8002634309844
