57.276823685280384 10.688044199169099
57.27517743597291 10.691434255483179
57.27036801532408 10.694763691351694
57.26239688833002 10.698031492596225
57.25126648307322 10.701236663812859
57.236980189982965 10.70437822867539
57.21954236080251 10.70745523023273
57.19895830726354 10.710466731200398
57.17523429946818 10.713411814246026
57.14837756397902 10.716289582268786
57.11839628161785 10.719099158672664
57.08529958497372 10.72183968763347
57.049097555621046 10.72451033435953
57.00980122104865 10.727110285345987
56.96742255130073 10.72963874862258
56.92197445533062 10.7320949539949
56.87347077706861 10.734478153279001
56.821926291204974 10.736787620529292
56.767356698689426 10.739022652259676
56.709778621948466 10.741182567657837
56.64920959982206 10.743266708792623
56.58566808222107 10.745274440814452
56.5191734245073 10.747205152148702
56.449745881597664 10.749058254681996
56.37740660179426 10.750833183941355
56.302177620342505 10.752529399266129
56.224081852718896 10.754146383972698
56.143143087650785 10.755683645511859
56.059385979870086 10.757140715618853
55.9728360426032 10.75851715045601
55.883519639799445 10.759812530747949
55.79146397810035 10.76102646190928
55.69669709855222 10.762158574164813
55.5992478680646 10.76320852266219
55.49914597061711 10.764175987576923
55.39642189821741 10.765060674209831
55.29110694161308 10.765862313076795
55.183233180760105 10.766580659990849
55.07283347505103 10.767215496136565
54.95994145330568 10.767766628136703
54.844591503527504 10.768233888111117
54.72681876242861 10.768617133727894
54.60665910472682 10.768916248246702
54.48414913221791 10.769131140554366
54.35932616262626 10.769261745192605
54.2322282182376 10.76930802237798
54.10289401431703 10.769269958014013
53.97136294731594 10.769147563695478
53.83767508287151 10.768940876704873
53.701871143602325 10.768649960001053
53.56399249670383 10.768274902200066
53.42408114134755 10.76781581754815
53.28217969588766 10.767272845886941
53.138331384879095 10.766646152610864
52.99258002591086 10.765935928616761
52.844970016258834 10.765142390245744
52.69554631936188 10.764265779217284
52.54435445112558 10.763306362555596
52.391440466057624 10.762264432508287
52.236850943239176 10.761140306457344
52.08063297213642 10.759934326822451
51.92283413825668 10.758646860956686
51.763502508653396 10.757278301034626
51.602686617284405 10.75582906393288
51.440435450228094 10.75429959110311
51.2767984307617 10.752690348437552
51.11182540430655 10.751001826127114
50.945566623244616 10.749234538512047
50.77807273161121 10.747389023925281
50.60939474966827 10.745465844528438
50.4395840583631 10.743465586140589
50.26869238367729 10.741388858059818
50.0967717808704 10.739236292877614
49.92387461862347 10.737008546286186
49.750053563087036 10.734706296878727
49.575361561838434 10.732330245942705
49.39985182775354 10.729881117246258
49.223577822797544 10.72735965681771
49.04659324173997 10.72476663271833
48.86895199579869 10.722102834808382
48.69070819621807 10.719369074506513
48.511916137786145 10.716566184542593
48.332630282295916 10.713695018704056
48.15290524195574 10.710756451575834
47.972795762753954 10.707751378273938
47.792356707782666 10.704680714172806
47.61164304052598 10.701545394626471
47.43070980811756 10.698346374683638
47.249612124572735 10.695084628796772
47.06840515400023 10.691761150525268
46.887144093798696 10.688376952232801
46.70588415784297 10.684933064778955
46.524680559665455 10.68143053720521
46.34358849563751 10.677870436415398
46.162663128156126 10.674253846850702
45.98195956884089 10.67058187015934
45.80153286174649 10.666855624860986
45.621437966595735 10.66307624600605
45.44172974203831 10.659244884829947
45.262462928940295 10.655362708402404
45.08369213370954 10.65143089927197
44.905471811662075 10.647450655105793
44.72785625043445 10.643423188324803
44.55089955344722 10.6393497257344
44.3746556234245 10.635231508150746
44.1991781459747 10.631069790022812
44.024520573237325 10.626865839050256
43.85073610760098 10.622620935797267
43.67787768549739 10.6183363733025
43.50599796127645 10.614013456685194
43.33514929116718 10.609653502747628
43.16538371732955 10.605257839574008
42.99675295200191 10.600827806125919
42.82930836174894 10.596364751834463
42.6631009518149 10.59187003618921
42.498181350586954 10.58734502832409
42.334599794173236 10.582791106600332
42.17240611110048 10.578209658186609
42.01164970713577 10.573602078636487
41.85237955023701 10.568969771463333
41.6946441556369 10.564314147712787
41.53849157106465 10.559636625532942
41.383969362110186 10.554938629742367
41.23112459773526 10.55022159139609
41.08000383593574 10.545486947349685
40.930653109559614 10.540736139821597
40.78311791228492 10.535970615953817
40.637443184761956 10.531191827371083
40.49367330092391 10.526401229738692
40.35185205447013 10.521600282319087
40.21202264552614 10.51679044752736
40.07422766748446 10.511973190485783
39.938509094030245 10.507149978577518
39.80490826635572 10.502322280999634
39.6734658805672 10.497491568315581
39.54422197528871 10.492659312007241
39.41721591946582 10.487826984026691
39.29248640037346 10.482996056347853
39.17007141183144 10.478168000518089
39.050008242631115 10.47334428720998
38.93233346517691 10.468526385773325
38.817082924345975 10.463715763787578
38.70429172656951 10.458913886614791
38.593994229138985 10.454122216953273
38.48622402974059 10.449342214392018
38.38101395622107 10.444575334966114
38.278396056587994 10.43982303071321
38.17840158924768 10.435086749231216
38.08106101348355 10.430367933237356
37.98640398017794 10.425668020128693
37.89445932278015 10.420988441544289
37.805255048523534 10.416330622929113
37.71881832989414 10.411695983099834
37.635175496353824 10.407085933812645
37.554352026319926 10.402501879333215
37.47637253940438 10.397945216008946
37.401260788914314 10.393417331843626
37.32903965461654 10.388919606074637
37.25973113576819 10.384453408752817
37.19335634441551 10.380020100325137
37.12993549896294 10.375621031220287
37.069487918014374 10.371257541437336
37.01203201448853 10.366930960137537
36.957585290010215 10.36264260523947
36.90616432957915 10.35839378301758
36.857784796518 10.35418578770427
36.812461427701194 10.35001990109568
36.77020802906594 10.345897392161225
36.73103747140677 10.341819516657065
36.69496168645502 10.337787516743578
36.66199166324424 10.333802620607
36.63213744476289 10.329866042085294
36.605408124895135 10.325978980298416
36.58181184565074 10.322142619283037
36.56135579468493 10.318358127631885
36.544046203109005 10.314626658137785
36.52988834359223 10.310949347442484
36.51888652875578 10.307327315690449
36.511044109859014 10.303761666187636
36.506363475778706 10.300253485065427
36.504846052281344 10.296803840949774
36.50649230158882 10.293413784635693
36.51130172223765 10.290084348767177
36.519272849231704 10.286816547522646
36.53040325448849 10.283611376306013
36.544689547578756 10.280469811443481
36.56212737675921 10.277392809886141
36.58271143029817 10.274381308918473
36.606435438093534 10.271436225872845
36.63329217358269 10.268558457850085
36.66327345594386 10.265748881446207
36.69637015258798 10.263008352485402
36.73257218194066 10.26033770575934
36.771868516513045 10.257737754772885
36.814247186260964 10.255209291496291
36.85969528223107 10.25275308612397
36.90819896049308 10.25036988683987
36.95974344635671 10.24806041958958
37.01431303887226 10.245825387859195
37.07189111561321 10.243665472461034
37.13246013773962 10.241581331326248
37.19600165534061 10.23957359930442
37.26249631305436 10.23764288797017
37.33192385596401 10.235789785436875
37.4042631357674 10.234014856177517
37.47949211721915 10.232318640852743
37.55758788484276 10.230701656146174
37.638526649910865 10.229164394607013
37.72228375769156 10.227707324500019
37.80883369495844 10.22633088966286
37.89815009776219 10.225035509370922
37.99020575946129 10.223821578209591
38.08497263900941 10.222689465954058
38.18242186949703 10.221639517456682
38.282523766944514 10.220672052541946
38.3852478393442 10.219787365909038
38.490562795948534 10.218985727042075
38.59843655680151 10.21826738012802
38.70883626251058 10.217632543982305
38.82172828425592 10.217081411982166
38.9370782340341 10.216614152007752
39.054850975132986 10.216230906390976
39.17501063283477 10.215931791872167
39.297520605343685 10.215716899564503
39.422343574935326 10.215586294926265
39.54944151932398 10.21554001774089
39.67877572324454 10.215578082104857
39.810306790245626 10.21570047642339
39.94399465469005 10.215907163413997
40.07979859395924 10.216198080117817
40.217677240857725 10.216573137918804
40.357588596214 10.217032222570719
40.49949004167389 10.217575194231928
40.643338352682456 10.218201887508005
40.78908971165068 10.218912111502107
40.9366997213027 10.219705649873125
41.08612341819965 10.220582260901583
41.23731528643595 10.221541677563271
41.3902292715039 10.22258360761058
41.544818794322346 10.223707733661524
41.701036765425094 10.224913713296417
41.858835599304825 10.226201179162182
42.01816722890811 10.227569739084242
42.178983120277096 10.229018976185987
42.34123428733341 10.230548449015759
42.50487130679979 10.232157691681316
42.66984433325494 10.233846213991754
42.83610311431687 10.235613501606819
43.003597005950276 10.237459016193585
43.17227498789322 10.239382195590428
43.34208567919837 10.241382453978279
43.51297735388418 10.24345918205905
43.68489795669107 10.245611747241252
43.857795118937986 10.24783949383268
44.03161617447442 10.250141743240139
44.206308175723024 10.252517794176159
44.381817909807914 10.254966922872608
44.55809191476391 10.257488383301157
44.73507649582148 10.260081407400536
44.912717741762755 10.262745205310484
45.090961541343376 10.265478965612353
45.26975359977529 10.268281855576273
45.44903945526552 10.271153021414808
45.62876449560569 10.27409158854303
45.808873974807476 10.277096661844928
45.98931302977876 10.280167325946058
46.17002669703544 10.283302645492393
46.35095992944386 10.286501665435226
46.53205761298869 10.289763411322092
46.713264583561184 10.293086889593596
46.89452564376272 10.296471087886063
47.07578557971844 10.299914975339908
47.25698917789595 10.303417502913652
47.43808124192389 10.306977603703466
47.619006609405275 10.31059419326816
47.79971016872051 10.314266169959522
47.980136875814914 10.317992415257878
48.16023177096566 10.321771794112813
48.33993999552308 10.325603155288915
48.51920680862111 10.329485331716459
48.697977603851854 10.333417140846892
48.87619792589932 10.33739738501307
49.053813487126945 10.341424851794057
49.23077018411417 10.345498314384463
49.407014114136885 10.349616531968117
49.582491591586695 10.353778250096049
49.75714916432407 10.357982201068605
49.93093362996041 10.362227104321594
50.103792052063994 10.366511666816361
50.275671776284945 10.370834583433668
50.44652044639421 10.375194537371232
50.61628602023184 10.379590200544852
50.78491678555948 10.384020233992942
50.95236137581245 10.388483288284398
51.11856878574649 10.39297800392965
51.28348838697444 10.39750301179477
51.447069943388165 10.402056933518528
51.609263626460915 10.406638381932252
51.770020030425634 10.411245961482372
51.92929018732439 10.415878268655526
52.08702558192451 10.420533892406073
52.24317816649677 10.425211414585918
52.39770037545123 10.429909410376494
52.550545139826156 10.43462644872277
52.70166590162568 10.439361092769175
52.851016628001815 10.444111900297264
52.99855182527651 10.448877424165042
53.14422655279948 10.453656212747775
53.28799643663753 10.458446810380169
53.42981768309131 10.463247757799774
53.56964709203531 10.468057592591501
53.70744207007699 10.472874849633076
53.843160643531206 10.477698061541341
53.97676147120574 10.482525759119225
54.108203856994265 10.487356471803277
54.23744776227276 10.49218872811162
54.364453818095654 10.497021056092168
54.48918333718801 10.501851983771008
54.61159832573004 10.50668003960077
54.73166149493037 10.51150375290888
54.84933627238458 10.516321654345534
54.96458681321552 10.521132276331283
55.07737801099199 10.525934153504068
55.18767550842252 10.530725823165586
55.29544570782092 10.53550582572684
55.40065578134045 10.540272705152745
55.503273680973535 10.54502500940565
55.603268148313845 10.549761290887643
55.70060872407799 10.554480106881503
55.7952657573836 10.559180019990167
55.88721041478139 10.56385959857457
55.976414689038016 10.568517417189748
56.06285140766741 10.573152057019024
56.14649424120774 10.577762106306215
56.22731771124164 10.582346160785645
56.30529719815719 10.586902824109915
56.380408948647265 10.591430708275233
56.45263008294504 10.595928434044223
56.5219386017934 10.600394631366044
56.58831339314608 10.604827939793724
56.651734238598664 10.609227008898573
56.71218181954723 10.613590498681525
56.76963772307308 10.617917079981323
56.8240844475514 10.62220543487939
56.87550540798247 10.626454257101281
56.92388494104364 10.630662252414592
56.96920830986045 10.634828139023181
57.01146170849571 10.638950647957635
57.05063226615488 10.643028523461796
57.08670805110664 10.647060523375282
57.11967807431743 10.651045419511862
57.14953229279878 10.654981998033566
57.176261612666536 10.658869059820447
57.199857891910945 10.662705420835826
57.22031394287676 10.666489912486975
57.237623534452695 10.670221381981078
57.251781393969466 10.673898692676378
57.26278320880593 10.677520724428414
57.2706256277027 10.681086373931226
57.275306261783015 10.684594555053435
57.276823685280384 10.688044199169088
