86.05511230329479 11.07651487373799
86.04861593472691 11.112061164736321
86.0301917267164 11.147418708257824
85.99984529145547 11.182576734052226
85.95758587276234 11.217524532644285
85.90342634326527 11.252251458596005
85.83738320048161 11.286746933749335
85.75947656179243 11.321000450448373
85.66973015831456 11.355001574740117
85.56817132767193 11.388739949552727
85.45483100566813 11.422205297850407
85.32974371686322 11.455387425763877
85.1929475640571 11.488276225695536
85.04448421668313 11.520861679398319
84.88439889811508 11.55313386102737
84.71274037189175 11.585082940163533
84.52956092686317 11.616699184807809
84.33491636126277 11.647972964345804
84.12886596571079 11.678894752481316
83.9114725051538 11.709455130138132
83.68280219974578 11.739644788329173
83.44292470467695 11.7694545309921
83.19191308895607 11.798875277790525
82.9298438131529 11.827898066879968
82.65679670610754 11.856514057637721
82.37285494061388 11.88471453335579
82.0781050080843 11.912490903896089
81.77263669220353 11.939834708307075
81.45654304157975 11.966737617401037
81.129920341401 11.993191436291253
80.79286808410583 12.019188106888224
80.44548893907691 12.044719710354252
80.08788872136694 12.06977846951559
79.72017635946636 12.094356751231448
79.34246386212278 12.11844706871912
78.95486628422182 12.142042083834532
78.55750169174048 12.165134609307508
78.15049112578298 12.187717610931088
77.73395856571051 12.20978420970421
77.30803089137589 12.231327683927127
76.8728378444748 12.25234147124889
76.42851198902514 12.272819170666317
75.97518867098674 12.292754544473794
75.51300597703373 12.312141520163342
75.04210469249195 12.33097419227436
74.56262825845438 12.349246824192484
74.07472272808764 12.366953849897023
73.57853672214273 12.384089875656416
73.0742213836837 12.400649681671215
72.56193033204808 12.416628223664091
72.04181961605286 12.432020634416363
71.51404766646056 12.446822225250608
70.97877524771967 12.46102848745887
70.43616540899424 12.474635093676065
69.88638343449752 12.487637899198125
69.32959679314479 12.500032943244529
68.76597508754075 12.511816450164787
68.19569000231682 12.52298483058854
67.61891525183447 12.533534682518921
67.03582652726999 12.543462792368835
66.44660144309742 12.552766135939844
65.85141948298536 12.561441879343375
65.25046194512451 12.569487379863942
64.6439118870025 12.576900186764147
64.03195406964282 12.583678042031199
63.41477490132481 12.589818881064728
62.79256238080188 12.595320833305673
62.165506040035304 12.600182222806085
61.5337968864609 12.604401568739627
60.897627344806345 12.607977585852655
60.25719119847675 12.610909184855718
59.612683530526326 12.613195472755354
58.96430066423423 12.614835753126126
58.312240103302535 12.615829526322742
57.656700471694776 12.616176489632258
56.99788145313309 12.61587653736629
56.335983730272645 12.614929760893205
55.67120892357178 12.613336448610287
55.00375952987643 12.611097085855892
54.33383886073765 12.608212354761609
53.661650980480914 12.604683134044473
52.98740064404619 12.600510498739304
52.311293234617565 12.595695719871237
51.63353470106154 12.590240264068557
50.954331495193045 12.58414579311595
50.273890508888165 12.577414163448305
49.59241901106291 12.57004742558523
48.91012458453709 12.562047823506443
48.22721506280254 12.553417793968231
47.54389846671509 12.54415996576119
46.860382941129345 12.534277158909477
46.17687669149576 12.523772383811794
45.49358792043923 12.512648840324399
44.810724764338616 12.500909916786394
44.12849522992629 12.488559188987606
43.447107130927336 12.475600419079367
42.766768024757475 12.462037554428525
42.087685149299034 12.44787472641504
41.41006535977431 12.433116249173523
40.73411506573543 12.417766618279108
40.06004016819005 12.401830509378065
39.38804599688186 12.38531277676354
38.7183372477452 12.368218451896896
38.051117920552656 12.350552741875086
37.38659125677482 12.332321027844515
36.72495967767087 12.313528863361888
36.06642472262917 12.294181972702553
35.41118698777641 12.274286249116823
34.759446064874055 12.253847753034835
34.11140048052077 12.232872710220487
33.4672476356793 12.21136750987501
32.82718374554625 12.189338702690758
32.19140377978299 12.166792998855794
31.56010140312602 12.14373726600991
30.93346891639483 12.120178527152682
30.31169719791523 12.09612395850418
29.69497564537588 12.071580887319037
29.083492118136014 12.046556789654492
28.4774328800016 12.021059288093106
27.876982542487593 11.995096149420855
27.2823240085835 11.968675282261287
26.693638417039338 11.941804734666487
26.111105087189003 11.91449269166555
25.534901464327906 11.886747472771354
24.965203065661377 11.858577529446348
24.40218342684045 11.829991442528156
23.84601404910119 11.800997919615774
23.296864347023796 11.771605792417146
22.754901596927255 11.741824014058947
22.22029088591535 11.711661656359365
21.69319506158956 11.681127907064747
21.17377468244405 11.650232067050913
20.66218796895806 11.618983547490027
20.15859075540037 11.58739186698386
19.66313644236067 11.555466648664327
19.175975950022295 11.523217617262194
18.69725767219044 11.490654596144834
18.22712743108999 11.457787504323921
17.76572843294662 11.424626353434014
17.31320122436485 11.391181244682915
16.869683649516134 11.35746236577474
16.435310808150238 11.323479987806644
16.01021501444249 11.289244462140154
15.594525756689656 11.254766217248031
15.18836965786652 11.220055755537672
14.791870437055294 11.185123650151958
14.405148871759636 11.149980541748585
14.028322761114573 11.114637135258814
13.6615068900038 11.079104196626638
13.304812994095109 11.043392549529383
12.958349725804524 11.007513072080698
12.622222621199867 10.971476693516989
12.29653406785333 10.935294390868256
11.981383273653265 10.898977185614394
11.67686623658453 10.862536140327935
11.383075715486527 10.825982355304284
11.100101201798012 10.789326965180466
10.828028892297084 10.752581135543402
10.566941662844826 10.715756059528761
10.316919043140558 10.678862954411434
10.07803719249626 10.641913058188628
9.850368876637738 10.604917626156674
9.633983445539464 10.567887927482554
9.428946812299941 10.530835241771197
9.23532143306388 10.49377085562961
9.053166287997485 10.456706059228859
8.882536863322521 10.419652142864985
8.72348513441468 10.382620393519863
8.57605954997134 10.345622091423076
8.440305017253664 10.308668506615852
8.316262888407422 10.271770895518104
8.203970947866658 10.234940497499608
8.103463400844284 10.19818853145638
8.01477086291274 10.161526192393303
7.937920350678269 10.124964648014014
7.87293527355137 10.08851503531911
7.819835426616066 10.05218845721371
7.778636984600105 10.015995979125412
7.749352496948049 9.979948625633643
7.731990883998492 9.944057377111479
7.726557434266937 9.908333166380901
7.733053802834817 9.872786875382571
7.751478010845325 9.837429331861069
7.781824446106221 9.802271306066666
7.824083864799363 9.767323507474607
7.878243394296419 9.732596581522888
7.944286537080075 9.69810110636956
8.022193175769246 9.66384758967052
8.111939579247093 9.629846465378778
8.21349840988973 9.596108090566167
8.32683873189351 9.562642742268487
8.451926020698409 9.529460614355017
8.588722173504515 9.496571814423358
8.737185520878484 9.463986360720575
8.897270839446527 9.431714179091525
9.068929365669824 9.399765099955362
9.25210881069841 9.368148855311086
9.446753376298794 9.33687507577309
9.652803771850763 9.305953287637578
9.870197232407754 9.275392909980763
10.09886753781575 9.245203251789722
10.33874503288456 9.215393509126795
10.58975664860543 9.18597276232837
10.851825924408594 9.156949973238927
11.124873031453944 9.128333982481175
11.408814796947595 9.100133506763104
11.703564729477165 9.072357136222806
12.009033045357903 9.04501333181182
12.325126695981666 9.018110422717857
12.651749396160405 8.991656603827641
12.98880165345556 8.96565993323067
13.336180798484477 8.940128329764642
13.693781016194436 8.915069570603304
14.06149337809498 8.890491288887446
14.439205875438553 8.866400971399774
14.826803453339501 8.842805956284362
15.224168045820818 8.819713430811385
15.631178611778314 8.797130429187805
16.04771117185077 8.775063830414682
16.473638846185366 8.753520356191766
16.908831893086443 8.732506568870003
17.35315774853609 8.712028869452574
17.806481066574477 8.692093495645096
18.26866376052747 8.672706519955549
18.739565045069238 8.653873847844531
19.21904147910678 8.635601215926407
19.706947009473506 8.617894190221866
20.203133015418402 8.600758164462473
20.70744835387741 8.584198358447674
21.21973940551302 8.568219816454798
21.739850121508226 8.552827405702526
22.267622071100504 8.53802581486828
22.80289448984138 8.523819552660015
23.3455043285668 8.510212946442822
23.895286303063504 8.49721014092076
24.452072944416212 8.484815096874357
25.01569465002024 8.473031589954099
25.585979735244145 8.461863209530344
26.162754485726495 8.451313357599961
26.74584321029095 8.441385247750047
27.33506829446349 8.432081904179036
27.930250254575537 8.423406160775505
28.531207792436376 8.415360660254938
29.137757850558376 8.407947853354733
29.74971566791804 8.401169998087678
30.36689483623604 8.39502915905415
30.98910735675895 8.389527206813204
31.616163697525515 8.384665817312792
32.24787285109991 8.380446471379248
32.884042392754445 8.376870454266218
33.52447853908402 8.373938855263155
34.168986207034436 8.371652567363519
34.81736907332652 8.370012286992745
35.4694296342582 8.36901851379613
36.12496926586594 8.368671550486612
36.78378828442762 8.36897150275258
37.445686007288046 8.369918279225663
38.1104608139889 8.37151159150858
38.777910207684236 8.373750954262974
39.447830876823005 8.376635685357257
40.12001875707973 8.380164906074391
40.79426909351444 8.384337541379558
41.470376502943054 8.389152320247625
42.14813503649907 8.394607776050304
42.82733824236755 8.40070224700291
43.507779228672426 8.407433876670554
44.18925072649767 8.414800614533625
44.87154515302348 8.422800216612412
45.55445467475802 8.431430246150622
46.23777127084546 8.440688074357663
46.9212867964312 8.450570881209375
47.60479304606478 8.461075656307056
48.28808181712129 8.47219919979445
48.970944973221904 8.483938123332454
49.653174507634226 8.49628885113124
50.33456260663317 8.509247621039478
51.014901712803024 8.52281048569032
51.69398458826145 8.536973313703804
52.37160437778617 8.55173179094532
53.04755467182505 8.567081421839731
53.72162956937042 8.583017530740774
54.39362374067861 8.599535263355298
55.063332489815274 8.61662958822194
55.7305518170078 8.63429529824375
56.39507848078564 8.65252701227432
57.05671005988959 8.671319176756946
57.71524501493128 8.690666067416277
58.37048274978404 8.710561791002007
59.022223672686394 8.731000287083994
59.670269257039685 8.751975329898341
60.31442210188115 8.773480530243816
60.9544859920142 8.795509337428067
61.59026595777746 8.81805504126303
62.22156833443444 8.84111077410891
62.84820082116562 8.86466951296614
63.469972539645234 8.88872408161464
64.08669409218459 8.913267152799781
64.69817761942447 8.938291250464326
65.30423685755889 8.96378875202571
65.90468719507291 8.989751890697962
66.49934572897702 9.016172757857527
67.0880313205212 9.043043305452327
67.67056465037155 9.070355348453262
68.24676827323265 9.098100567347458
68.81646667189919 9.126270510672462
69.37948631072014 9.154856597590655
69.93565568845942 9.183850120503037
70.48480539053682 9.213242247701663
71.02676814063338 9.243024026059862
71.56137885164529 9.273186383759443
72.0884746759711 9.30372013305406
72.60789505511661 9.334615973067894
73.11948176860263 9.365864492628779
73.62307898216034 9.397456173134945
74.11853329520005 9.429381391454477
74.60569378753846 9.461630422856608
75.08441206537032 9.494193443973968
75.5545423064708 9.527060535794881
76.01594130461417 9.560221686684788
76.46846851319596 9.593666795435885
76.9119860880447 9.62738567434406
77.34635892941061 9.661368052312156
77.77145472311838 9.695603577978646
78.18714398087123 9.730081822870767
78.59330007969439 9.764792284581128
78.98979930050564 9.79972438996684
79.37652086580131 9.834867498370212
79.7533469764464 9.870210904859984
80.1201628475572 9.905743843492159
80.4768567434659 9.941455490589414
80.8233200117565 9.977334968038098
81.15944711636118 10.013371346601808
81.48513566970774 10.049553649250539
81.80028646390784 10.085870854504401
82.10480350097659 10.12231189979086
82.3985940220746 10.158865684814511
82.68156853576315 10.195521074938329
82.9536408452641 10.232266904575392
83.21472807471638 10.269091980590032
83.46475069442067 10.305985085707361
83.70363254506499 10.342934981930167
83.93130086092354 10.37993041396212
84.14768629202183 10.41696011263624
84.35272292526138 10.454012798347597
84.54634830449746 10.491077184489185
84.72850344956387 10.528141980889936
84.89913287423886 10.565195897253808
85.05818460314674 10.602227646598932
85.2056101875901 10.639225948695719
85.3413647203078 10.67617953350294
85.46540684915406 10.713077144600689
85.57769878969485 10.749907542619187
85.67820633671725 10.786659508662416
85.76689887464882 10.82332184772549
85.8437493868833 10.85988339210478
85.90873446401024 10.896333004799686
85.96183431094556 10.932659582905085
86.00303275296154 10.968852060993385
86.03231724061364 11.004899414485152
86.04967885356321 11.040790663007318
86.05511230329479 11.076514873737896
