6.062624047517886 2.550456542387924
6.076376822633811 2.5574176886655935
6.0901069056233945 2.5643955595187733
6.103813799583211 2.571389986566874
6.117497007210498 2.5784008003520342
6.131156030828339 2.585427830353683
6.144790372410575 2.5924709050034003
6.158399533606421 2.5995298517000607
6.171983015764778 2.6066044968252733
6.185540319958237 2.6136946657590983
6.199070947006732 2.620800182896048
6.212574397500846 2.6279208716613622
6.226050171824753 2.6350565545275546
6.23949777017877 2.642207053031228
6.252916692601499 2.649372187790149
6.2663064389915615 2.656551778520583
6.27966650912889 2.66374564405488
6.292996402695554 2.670953602359307
6.306295619296128 2.6781754705521195
6.3195636584775485 2.6854110649218756
6.332800019748477 2.692660200945967
6.346004202598119 2.6999226933093836
6.3591757065144945 2.7071983559236874
6.372314031002144 2.7144870019461993
6.385418675599238 2.7217884437993836
6.398489139894077 2.729102493190428
6.411524923540961 2.7364289611310118
6.424525526275403 2.74376765795725
6.437490447928672 2.7511183933498056
6.450419188441636 2.7584809763541656
6.4633112478778845 2.765855215401069
6.476166126436113 2.773240918327071
6.488983324461744 2.780637892395247
6.501762342457749 2.788045944316015
6.514502681094673 2.7954648802680677
6.527203841219812 2.8028945059194084
6.539865323865525 2.8103346264484754
6.552486630256675 2.817785046565341
6.565067261817135 2.825245570532979
6.577606720175373 2.8327160021885813
6.590104507169059 2.8401961449649153
6.60256012484868 2.847685801911709
6.614973075480139 2.8551847757170403
6.627342861546288 2.862692868728731
6.639668985747402 2.870209882975716
6.651950951000526 2.8777356201893833
6.664188260437683 2.8852698818248563
6.676380417402926 2.892812469082214
6.688526925448164 2.900363182927624
6.700627288327764 2.9079218241143696
6.7126810099918925 2.915488193203756
6.724687594578532 2.923062090585873
6.736646546404175 2.9306433165001926
6.748557369953146 2.938231671055987
6.7604195698655 2.945826954252534
6.7722326509234865 2.953428965999097
6.78399611803652 2.961037506134647
6.795709476224633 2.968652374447312
6.807372230600352 2.976273370693516
6.818983886348988 2.9839002946167925
6.830543948707257 2.9915329459662345
6.842051922940221 2.999171124514558
6.853507314316496 3.0068146300757443
6.864909628081674 3.0144632625222414
6.876258369429921 3.02211682180167
6.8875530434737 3.029775107953021
6.898793155211566 3.0374379211223004
6.909978209493996 3.045105061577577
6.921107710987186 3.0527763297234127
6.932181164134773 3.060451526114614
6.943198073117424 3.0681304514692798
6.954157941810236 3.075812906681091
6.96506027373789 3.0834986928308004
6.9759045720275 3.091187611196872
6.986690339359093 3.098879463265226
6.997417077913675 3.1065740507380317
7.008084289318781 3.114271175541492
7.018691474591493 3.121970639832568
7.029238134078812 3.1296722460045845
7.039723767395356 3.137375796691646
7.050147873358263 3.1450810947718053
7.060509949919286 3.1527879433689163
7.070809494093947 3.1604961458530934
7.081046001887713 3.16820550583971
7.0912189682190885 3.175915827186853
7.101327886839561 3.1836269139911537
7.111372250250298 3.1913385705819066
7.121351549615515 3.199050601513387
7.131265274672437 3.206762811555275
7.141112913637741 3.2144750056810842
7.150893953110393 3.222186989054492
7.160607877970785 3.2298985670134575
7.170254171276072 3.2376095450520275
7.179832314151601 3.245319728799689
7.189341785678321 3.2530289239981593
7.198782062776083 3.260736936475475
7.208152620082696 3.268443572117235
7.217452929828644 3.276148636834865
7.226682461707321 3.2838519365307337
7.23584068274069 3.2915532770599727
7.244927057140219 3.2992524641888212
7.253941046162979 3.3069493035493216
7.262882107962756 3.3146436005901756
7.271749697436065 3.3223351605235663
7.280543266062901 3.330023788267734
7.28926226174211 3.33770928838509
7.297906128621205 3.345391465015638
7.30647430692051 3.35307012180546
7.3149662327514475 3.3607450618300083
7.323381337928828 3.368416087511942
7.3317190497769875 3.3760830005332187
7.33997879092959 3.3837456017411425
7.34815997912294 3.39140369104806
7.356262026982633 3.3990570673243674
7.364284341803361 3.4067055282844816
7.372226325321706 3.414348870365406
7.380087373481724 3.4219868885975067
7.3878668761931605 3.429619376467086
7.395564217082079 3.4372461257703213
7.403178773233735 3.444866926458118
7.4107099149275 3.4524815664713944
7.4181570053636285 3.4600898315662914
7.425519400381684 3.4676915051287747
7.432796448170422 3.475286367978062
7.439987488968934 3.482874198158284
7.447091854758847 3.49045477071775
7.454108868947384 3.4980278574751535
7.46103784604109 3.505593226772022
7.467878091310019 3.513150643210664
7.474628900442202 3.5206998673768464
7.481289559188183 3.5282406555463623
7.487859342995462 3.535772759374633
7.494337516632643 3.543295925568421
7.500723333803132 3.5508098955386784
7.50701603674819 3.5583144050335145
7.51321485583924 3.5658091837501997
7.519319009159205 3.573293954925051
7.525327702072833 3.5807684349000097
7.531240126785819 3.588232332664621
7.537055461892695 3.5956853493720775
7.542772871913357 3.603127177827899
7.548391506818219 3.6105575019497467
7.553910501541952 3.6179759961967854
7.559328975485825 3.6253823249669157
7.564646032008693 3.6327761419601083
7.569860757906714 3.6401570895059656
7.574972222881918 3.6475247978535386
7.579979478999832 3.654878884421316
7.584881560136363 3.6622189530051776
7.589677481414275 3.669544592942003
7.594366238629595 3.6768553782264584
7.598946807668429 3.684150866578401
7.603418143914696 3.691430598458149
7.607779181649428 3.6986940960267507
7.612028833442377 3.7059408620482097
7.616165989536776 3.713170378730461
7.620189517228249 3.7203821065017304
7.624098260239023 3.7275754827187186
7.627891038088703 3.7347499203028622
7.631566645463121 3.7419048063007323
7.635123851582913 3.749039500364426
7.638561399573714 3.756153333147578
7.6418780058400895 3.7632456046124156
7.645072359445609 3.7703155822430396
7.648143121501721 3.777362499159867
7.651088924568418 3.7843855521299297
7.653908372070061 3.791383899467487
7.656600037730049 3.798356658819095
7.659162465028503 3.80530290482708
7.66159416668754 3.812221666665011
7.663893624189282 3.819111925438561
7.666059287332199 3.8259726114448007
7.668089573832095 3.8328026012827388
7.669982868974621 3.839600714807592
7.671737525326971 3.8463657119210377
7.67335186251717 3.853096289189388
7.674824167090243 3.8597910762813807
7.676152692451484 3.8664486322170313
7.67733565890804 3.8730674414187463
7.678371253821192 3.879645909555704
7.679257631882827 3.8861823591723192
7.679992915531019 3.8926750250914655
7.680575195520941 3.8991220495830214
7.681002531668979 3.905521477288308
7.681272953789501 3.9118712498909196
7.681384462845589 3.9181692005246513
7.681335032336979 3.9244130479093426
7.68112260995055 3.93060039020577
7.680745119500967 3.936728698581194
7.680200463191526 3.942795310477666
7.679486524227854 3.948797422575996
7.678601169819907 3.954732083449203
7.677542254610707 3.960596185900423
7.676307624573431 3.966386458981701
7.674895121421864 3.97209945969177
7.67330258758278 3.9777315643530224
7.671527871782641 3.98327895967026
7.669568835304941 3.9887376334767324
7.667423358978693 3.9941033651762594
7.665089350962949 3.999371715894214
7.662564755396622 4.004538018354575
7.659847561987604 4.009597366505503
7.656935816619815 4.014544604921856
7.653827633061577 4.019374318019826
7.650521205863489 4.024080819126712
7.64701482453854 4.028658139457489
7.6433068891217895 4.033100017059879
7.639395927211097 4.037399885800681
7.635280612594155 4.041550864478641
7.630959785570423 4.04554574616305
7.626432475078979 4.049376987872807
7.62169792274498 4.053036700727724
7.616755608957737 4.056516640722856
7.611605281092435 4.0598082002972955
7.606246983984592 4.062902400891473
7.600681092761491 4.0657898867116575
7.594908348127152 4.068460919946695
7.588929894186955 4.0709053777105035
7.58274731888393 4.073112751014026
7.57636269710056 4.075072146102127
7.569778636457145 4.07677228852422
7.5629983258095805 4.07820153034168
7.556025586415198 4.0793478609100715
7.548864925694425 4.08019892170913
7.541521593467583 4.0807420257276625
7.534001640489537 4.08096418194313
7.526311979039532 4.080852125465406
7.5184604452485155 4.0803923539398985
7.510455862761395 4.079571170825097
7.502308107236326 4.078374736171927
7.494028171077407 4.07678912553497
7.485628227681089 4.074800397636128
7.477121694350636 4.0723946713771495
7.468523292898325 4.069558212755824
7.459849106812886 4.066277532178196
7.451116633722524 4.062539492573364
7.442344831734139 4.058331428604268
7.433554158081304 4.053641277125346
7.42476659837123 4.048457718862209
7.4160056845904005 4.042770331078217
7.407296499916037 4.036569750745984
7.398665668293529 4.029847847457482
7.3901413266872105 4.02259790498639
7.381753077901823 4.014814810061343
7.373531921914871 4.006495246524268
7.365510163765182 3.9976378926397196
7.357721296219754 3.988243618897843
7.350199855698231 3.978315683227129
7.342981250278718 3.967859920117051
7.3361015590453675 3.9568849197622287
7.329597302568852 3.9454021929976406
7.323505184933465 3.933426317519759
7.317861808432926 3.9209750607035225
7.312703362839012 3.9080694742520024
7.308065291985882 3.8947339559757994
7.303981941285224 3.8809962742121806
7.300486190664632 3.86688755077376
7.297609078270196 3.8524421988742916
7.295379421056839 3.8376978132155553
7.2938234390664345 3.822695010330657
7.292964390724099 3.8074772183482586
7.292822226828755 3.7920904165455704
7.293413271041459 3.7765828263602543
7.294749934557203 3.761004556888796
7.296840472265856 3.7454072092610167
7.299688787060046 3.729843445590633
7.303294288039633 3.7143665294026893
7.307651807215532 3.6990298454728863
7.312751577964608 3.6838864078298035
7.318579276979642 3.668988365224706
7.325116129850924 3.6543865136329847
7.332339078773219 3.640129825297769
7.340221009260938 3.6262650034568615
7.34873103124238 3.6128360712218703
7.357834808552602 3.5998840021311698
7.367494929707539 3.5874463987182255
7.3776713119614135 3.575557224075882
7.388321630053429 3.5642465899161464
7.399401760751517 3.553540603087129
7.410866234298771 3.5434612709782134
7.42266868414622 3.5340264647806516
7.43476228688542 3.525249938226976
7.447100185038088 3.517141398251773
7.459635886272535 3.509706623031134
7.472323633649453 3.5029476220887887
7.485118742603018 3.4968628326120577
7.497977901490193 3.491447345798226
7.510859433647882 3.4866931569398534
7.523723519947701 3.482589433036031
7.5365323818009164 3.479122791960793
7.549250425419583 3.4762775876005327
7.561844348869155 3.4740361958588637
7.574283214045234 3.4723792969895237
7.586538486171614 3.471286150326426
7.598584043752456 3.4707348581088313
7.61039616212706 3.4707026157256626
7.621953473882656 3.47116594630743
7.633236909393036 3.472100918161932
7.644229620683227 3.473483344069823
7.654916891688027 3.4752889619209526
7.665286037789599 3.4774935965778067
7.675326297300252 3.480073303197291
7.685028717313229 3.483004492527216
7.6943860360876775 3.486264038922142
7.703392563873219 3.489829371998634
7.712044063821937 3.4936785529774737
7.7203376343874845 3.4977903368454175
7.72827159437643 3.5021442215173835
7.735845371599378 3.5067204851970506
7.743059395870828 3.5115002131252253
7.74991499692797 3.5164653148759926
7.75641430768047 3.5215985333151227
7.7625601730648555 3.526883446277708
7.768356064658164 3.5323044619558734
7.77380600110444 3.5378468089159103
7.778914474323502 3.5434965215897303
7.7836863814024095 3.5492404220102323
7.788126962014734 3.555066098485778
7.792241741169647 3.560961881836633
7.796036477060295 3.5669168197470995
7.799517113757625 3.572920649721672
7.802689738480284 3.5789637710725035
7.80556054316243 3.585037216308943
7.808135790037807 3.5911326222480686
7.810421780959553 3.5972422011179996
7.812424830179982 3.6033587118831507
7.8141512403220155 3.6094754319824087
7.815607281283725 3.6155861296372054
7.81679917182871 3.6216850368563436
7.81773306362749 3.6277668232379634
7.818415027528219 3.633826570645936
7.818851041848548 3.6398597488179107
7.81904698249412 3.6458621919449405
7.819008614722725 3.651830076247844
7.818741586386367 3.6577598985629134
7.818251422496398 3.6636484559390055
7.817543520969215 3.669492826239265
7.816623149421776 3.6752903497335
7.815495442897392 3.6810386116613216
7.814165402412737 3.686735425741479
7.812637894226898 3.692378818599125
7.810917649742439 3.6979670150799873
7.8090092659570685 3.703498424418349
7.806917206392335 3.708971627224374
7.8046458024331375 3.7143853632554586
7.80219925501852 3.7197385199359045
7.799581636630392 3.725030121589181
7.796796893532453 3.730259319347374
7.79384884821676 3.7354253817029477
7.7907412020200475 3.740527685668718
7.78747753787617 3.745565708512862
7.7840613231749325 3.750539020036823
7.780495912701004 3.755447275365104
7.776784551629858 3.760290208217158
7.772930378560453 3.765067624632819
7.768936428566971 3.7697793971239784
7.764805636254229 3.774425459226502
7.760540838803437 3.779005800427639
7.756144778996846 3.7835204614454434
7.751620108211424 3.7879695298379494
7.746969389373273 3.7923531359210476
7.7421950998657065 3.79667144897517
7.73729963438513 3.800924673722032
7.732285307739906 3.805113047053738
7.727154357588256 3.809236834997629
7.721908947112104 3.8132963299012066
7.716551167624454 3.8172918478224553
7.711083041108499 3.821223726111761
7.705506522687263 3.825092321172484
7.699823503022971 3.828898006388066
7.694035810645836 3.8326411702043233
7.688145214212255 3.836322214356276
7.682153424692725 3.8399415522295905
7.676062097490086 3.8434996073473227
7.669872834488866 3.846996811973278
7.663587186036745 3.850433605823864
7.6572066528592835 3.8538104348808657
7.650732687909206 3.8571277502980488
7.644166698151616 3.8603860073950047
7.63751004628665 3.863585664732063
7.630764052411079 3.866727183260533
7.62392999562049 3.8698110255429112
7.617009115553648 3.872837655038073
7.61000261388072 3.8758075354467776
7.602911655737014 3.8787211301131674
7.595737371103911 3.8815789014782154
7.588480856138665 3.8843813105813565
7.581143174454729 3.8871288166068103
7.573725358354222 3.889821876471327
7.566228410014204 3.892460944450324
7.5586533026283 3.895046471839591
7.551000981505279 3.897578906649933
7.543272365126083 3.9000586933323054
7.5354683461608225 3.902486272531167
7.527589792447202 3.904862080863942
7.519637547931764 3.9071865507246115
7.5116124335753796 3.909460110109613
7.50351524822428 3.9116831824643477
7.495346769447973 3.9138561865487054
7.487107754345274 3.9159795363201515
7.478798940319691 3.9180536408329973
7.4704210458253355 3.9200789041525916
7.461974771084513 3.922055725283253
7.453460798778079 3.9239844981088483
7.444879794709637 3.9258656113449963
7.436232408444598 3.927699448501959
7.427519273925098 3.929486387857337
7.418741010061722 3.9312268024377626
7.409898221302945 3.9329210600088236
7.400991498183188 3.9345695230725304
7.392021417850327 3.936172548871668
7.38298854457348 3.93773048940043
7.373893430231846 3.9392436914207805
7.364736614785378 3.940712496484023
7.355518626727968 3.9421372409570927
7.346239983523904 3.943518256053135
7.336901192028205 3.9448558678659524
7.327502748891527 3.9461503974079397
7.318045140950228 3.947402160651156
7.308528845602193 3.9486114685712073
7.298954331168988 3.9497786271936355
7.289322057244896 3.950903937642538
7.279632475033333 3.9519876961911597
7.269886027671184 3.9530301943142163
7.260083150541503 3.954031718741732
7.250224271575062 3.9549925515141955
7.2403098115411915 3.955912970038833
7.230340184328319 3.956793247146842
7.220315797214634 3.9576336511514176
7.2102370511292575 3.9584344459064322
7.200104340904298 3.959195890865633
7.189918055518139 3.9599182411422333
7.179678578330326 3.9606017475687887
7.169386287308354 3.961246656757253
7.159041555246702 3.9618532111591236
7.1486447499783905 3.9624216491255835
7.138196234579371 3.9629522049675736
7.127696367566016 3.963445109015711
7.1171455030859905 3.963900587679999
7.106543991102734 3.964318863509264
7.095892177573838 3.9647001552502728
7.085190404623513 3.965044677906473
7.0744390107093995 3.9653526427963275
7.063638330783934 3.9656242576111906
7.052788696450464 3.965859726472697
7.041890436114332 3.966059249989642
7.030943875129093 3.9662230253143087
7.019949335938085 3.9663512461982338
7.008907138211482 3.966444103047382
6.997817598979044 3.9665017829767195
6.9866810327586855 3.966524469864159
6.975497751681052 3.966512344403876
6.9642680656102245 3.966465584158984
6.952992282260702 3.966384363613546
6.941670707310822 3.966268854223934
6.930303644512706 3.9661192244695207
6.918891395798899 3.965935639902703
6.90743426138579 3.96571826319825
6.895932539873954 3.9654672542019864
6.884386528345506 3.9651827699787976
6.872796522458595 3.9648649648599683
6.861162816539108 3.964513990489849
6.849485703669722 3.9641299958718643
6.837765475776368 3.9637131274138535
6.8260024237121995 3.963263528972761
6.814196837339171 3.962781341898675
6.802349005607292 3.962266705078219
6.790459216631632 3.961719754977313
6.778527757767179 3.9611406256832984
6.76655491568159 3.9605294489464415
6.754540976425933 3.9598863542208296
6.742486225503468 3.959211468704649
6.730390947936541 3.95850491737988
6.718255428331655 3.9577668230513905
6.706079950942768 3.9569973063854604
6.693864799732885 3.9561964859477294
6.681610258433992 3.955364478240593
6.669316610605383 3.954501397740037
6.656984139690449 3.9536073569319434
6.644613129071935 3.9526824663478557
6.6322038621257695 3.9517268346002306
6.619756622273459 3.9507405684171752
6.607271693033117 3.9497237726766854
6.594749358069166 3.9486765504403936
6.582189901240741 3.947599002986834
6.569593606648846 3.9464912298442423
6.556960758682289 3.9453533288228875
6.544291642062431 3.9441853960469633
6.531586541886792 3.9429875259860294
6.518845743671527 3.941759811486029
6.506069533392828 3.940502343799881
6.4932581975272505 3.939215212617666
6.480412023091024 3.937898506096406
6.467531297678341 3.9365523108894536
6.454616309498685 3.935176712175501
6.441667347413186 3.9337717936872156
6.4286847009700585 3.9323376377395083
6.415668660439118 3.93087432525745
6.40261951684542 3.9293819358038427
6.389537562002024 3.9278605476064508
6.376423088541914 3.9263102375849077
6.363276389949088 3.924731081377302
6.350097760588834 3.923123153366453
6.336887495737217 3.921486526705878
6.323645891609784 3.9198212733454776
6.3103732453895045 3.918127464056922
6.297069855253966 3.9164051684587666
6.283736020401838 3.914654455041296
6.27037204107861 3.9128753911911027
6.2569782186016285 3.9110680432154163
6.243554855384429 3.909232476366179
6.2301022549603955 3.907368754863883
6.216620722005741 3.905476941921178
6.2031105623618235 3.90355709976625
6.189572083056817 3.9016092896659798
6.176005592326729 3.8996335719488897
6.162411399635798 3.8976300060278923
6.148789815696248 3.8955986504228246
6.135141152487442 3.893539562782806
6.121465723274414 3.8914527999083997
6.107763842625803 3.8893384177735966
6.094035826431186 3.8871964715476257
6.0802819919178255 3.885027015616595
6.066502657666835 3.882830103604973
6.052698143628758 3.880605788396907
6.038868771138579 3.878354122157398
6.025014862930161 3.8760751563533207
6.0111367431501295 3.873768941774313
5.997234737371185 3.8714355285535182
5.983309172604864 3.869074966188209
5.969360377313747 3.866687303560273
5.955388681423125 3.8642725889565908
5.9413944163321055 3.8618308700892845
5.927377914924185 3.8593621941158656
5.913339511577287 3.856866607659266
5.899279542173245 3.8543441568277768
5.885198344106764 3.8517948872348766
5.8710962562938445 3.8492188440189747
5.856973619179666 3.8466160718630578
5.842830774745953 3.8439866150142525
5.828668066517803 3.841330517303303
5.814485839569987 3.8386478221639715
5.800284440532724 3.8359385726523603
5.786064217596924 3.8332028114661623
5.771825520518919 3.830440580963842
5.757568700624648 3.8276519231837525
5.743294110813336 3.8248368798631844
5.729002105560633 3.8219954924573605
5.714693040921238 3.8191278021583703
5.700367274530998 3.81623384991405
5.686025165608472 3.813313676446811
5.671667074955983 3.8103673222724215
5.657293364960134 3.807394827718738
5.6429043995918065 3.8043962329443937
5.6285005444056235 3.801371577957446
5.614082166538893 3.798320902633983
5.5996496347100235 3.795244246736692
5.585203319216405 3.79214164993339
5.570743591931766 3.7890131518155266
5.556270826303001 3.7858587919166453
5.541785397346461 3.7826786097308207
5.527287681643722 3.7794726447310643
5.512778057336815 3.776240936387702
5.498256904122922 3.7729835241867247
5.483724603248535 3.769700447648114
5.469181537503091 3.7663917463441443
5.454628091212056 3.7630574599176616
5.440064650229482 3.759697628100337
5.425491601930023 3.7563122907309037
5.410909335200404 3.7529014877733675
5.396318240430362 3.749465259335201
5.381718709503037 3.7460036456855192
5.367111135784823 3.7425166872732283
5.352495914114677 3.7390044247451644
5.337873440792882 3.7354668989642077
5.3232441135692685 3.7319041510273796
5.308608331630884 3.728316222283922
5.293966495589124 3.7247031543533535
5.2793190074663086 3.7210649891435126
5.264666270681718 3.7174017688685757
5.250008690037077 3.7137135360670586
5.235346671701487 3.7100003336197958
5.220680623195821 3.7062622047679006
5.20601095337655 3.7024991931307007
5.191338072419044 3.6987113427236538
5.1766623918003 3.6948986979762366
5.16198432428114 3.6910613037498132
5.147304283887843 3.6871992053554727
5.132622685893243 3.683312448571845
5.117939946797266 3.679401079662883
5.103256484306928 3.67546514539562
5.088572717315775 3.6715046930578916
5.073889065882784 3.667519770476026
5.059205951210719 3.663510426032501
5.044523795623928 3.659476708683561
5.0298430225456165 3.6554186679767993
5.015164056474559 3.6513363540686954
5.000487322961279 3.6472298177421134
4.9858132485836855 3.6430991104237527
4.971142260922178 3.638944284201551
4.956474788534197 3.634765391842041
4.941811260928267 3.6305624868076465
4.927152108537482 3.626335623273934
4.912497762692474 3.6220848561467966
4.8978486555938545 3.6178102410795847
4.883205220284127 3.6135118344901658
4.868567890619082 3.609189693577921
4.853937101238668 3.604843876340676
4.839313287537355 3.600474441591546
4.824696885633981 3.5960814489757196
4.810088332341093 3.5916649589871503
4.795488065133781 3.5872250329851703
4.780896522118021 3.5827617332110147
4.766314141998512 3.578275122804256
4.75174136404603 3.5737652658191457
4.73717862806429 3.569232227240849
4.7226263743563335 3.5646760730015896
4.708085043690439 3.5600968699966744
4.69355507726556 3.5554946861004177
4.679036916676298 3.550869590181944
4.66453100387742 3.5462216521208734
4.650037781147926 3.5415509428228846
4.635557691054664 3.5368575342351463
4.621091176415512 3.5321414993616167
4.606638680262127 3.527402912278208
4.592200645802263 3.5226418481478046
4.577777516381681 3.5178583832351387
4.563369735445642 3.5130525949215086
4.548977746500001 3.508224561719345
4.534601993071906 3.5033743632866146
4.520242918670111 3.498502080441053
4.5059009667449175 3.4936077951742317
4.491576580647736 3.4886915906654434
4.477270203590304 3.483753551295409
4.46298227860354 3.4787937626597927
4.448713248496071 3.4738123115825275
4.434463555812421 3.4688092861289435
4.420233642790881 3.4637847756186875
4.406023951321072 3.4587388706384417
4.391834922901212 3.4536716630544206
4.377666998595084 3.4485832460246533
4.363520618988741 3.4434737140110365
4.349396224146943 3.438343162791161
4.335294253569327 3.433191689469899
4.3212151461463515 3.428019392490748
4.307159340115004 3.422826371646933
4.293127273014295 3.4176127280922484
4.279119381640536 3.412378564351649
4.265136102002444 3.407123984331568
4.251177869276049 3.4018490933299734
4.237245117759448 3.3965539980461434
4.223338280827404 3.3912388065901635
4.209457790885797 3.3859036284921373
4.195604079325967 3.380548574711104
4.181777576478933 3.3751737576436582
4.167978711569524 3.3697792911322684
4.1542079126704206 3.3643652904732857
4.140465606656138 3.3589318724246393
4.12675221915695 3.3534791552132135
4.113068174512782 3.3480072585418985
4.0994138957270785 3.3425163035963137
4.0857898044206635 3.3370064130511947
4.072196320785614 3.331477711076441
4.058633863539156 3.3259303233428197
4.045102849877601 3.320364377027317
4.031603695430345 3.3147800008181365
4.01813681421393 3.3091773249193395
4.004702618586211 3.3035564810551166
3.99130151920061 3.297917602473697
3.9779339249605106 3.2922608239508775
3.964600242973779 3.2865862817931784
3.951300878507452 3.280894113840618
3.9380362349425857 3.2751844594690955
3.9248067137293052 3.2694574595923918
3.911612714342058 3.26371325666377
3.898454634235087 3.2579519946771804
3.8853328687981534 3.2521738191680654
3.8722478113125085 3.246378877213757
3.859199852907151 3.24056731743347
3.846189382515368 3.234739289987879
3.833216786831596 3.228894946578285
3.8202824502686012 3.2230344404453666
3.8073867549150093 3.217157926367505
3.794530080493198 3.2112655606586946
3.781712804317566 3.205357501166023
3.7689353012532028 3.199433907266729
3.7561979436749673 3.1934949398648302
3.743501101427004 3.1875407613873223
3.7308451417827033 3.181571535779945
3.718230429405127 3.175587428502516
3.7056573263079184 3.1695886065238326
3.6931261918167095 3.163575238316138
3.6806373825310454 3.1575474938491523
3.6681912522868387 3.151505544583667
3.6557881521193787 3.1454495634647066
3.6434284302268956 3.139379724914255
3.631112431934717 3.1332962048235418
3.6188404996600165 3.1271991805449004
3.6066129728771728 3.1210888308831897
3.5944301880837646 3.114965336086782
3.582292478767206 3.1088288778381252
3.5702001753720407 3.1026796392438674
3.558153605267912 3.096517804824561
3.5461530927182263 3.0903435605039404
3.534198958849514 3.0841570935977725
3.522291521621512 3.0779585928022932
3.510431095797982 3.0717482481822227
3.4986179929182706 3.065526251158367
3.4868525212696304 3.0592927944948136
3.475134985860318 3.0530480722857156
3.4634656883934705 3.046792279941676
3.451844927241791 3.040525614175736
3.4402729974230355 3.0342482729889677
3.428750190576331 3.027960455655679
3.417276794939323 3.02166236270824
3.40585309532617 3.015354195921526
3.3944793731063974 3.0090361582969964
3.3831559061846175 3.002708454046405
3.3718829689811276 2.9963712885751526
3.3606608324133966 2.990024868465289
3.349489763878447 2.9836694014581715
3.338370027236144 2.977305096436787
3.3273018827934027 2.970932163407742
3.316285587289313 2.9645508134829375
3.3053213938811994 2.958161258860928
3.29440955213162 2.951763712807976
3.2835503079963058 2.9453583896388165
3.272743903813059 2.938945504697132
3.2619905782916043 2.932525274335752
3.2512905665044074 2.9260979158965896
3.240644099878459 2.9196636476903217
3.230051406188036 2.9132226889758224
3.2195127095484413 2.906775259939364
3.209028230410721 2.9003215816735946
3.1985981855573735 2.893861876156305
3.18822278809904 2.8873963662289945
3.1779022474721943 2.8809252755752497
3.1676367694378156 2.874448828698948
3.157426556081065 2.8679672509022973
3.1472718058119487 2.8614807682637298
3.137172713366987 2.8549896076156513
3.127129469811869 2.848493996522078
3.117142262545109 2.8419941632561536
3.107211275302697 2.835490336777578
3.09733668816374 2.8289827467099533
3.087518677557097 2.822471623318065
3.0777574162690007 2.8159571974851065
3.068053073451668 2.8094397006898775
3.058405814632891 2.802919364983952
3.0488158017266076 2.7963964229688485
3.0392831930444464 2.789871107773209
3.029808143308242 2.783343653030004
3.0203908036635148 2.77681429285379
3.011031321693907 2.770283261818016
3.0017298414365747 2.763750794932421
2.9924865033985224 2.7572171276205206
2.983301444573879 2.750682495697206
2.9741747984621 2.7441471353464837
2.9651066950870972 2.7376112830993566
2.9560972610172787 2.7310751758118785
2.9471466193864924 2.7245390506433957
2.938254889915869 2.7180031450349937
2.929422188936546 2.711467696688176
2.920648629413268 2.704932943543778
2.911934320968845 2.6983991237611638
2.90327936990947 2.6918664756976907
2.8946838792508722 2.6853352378884967
2.886147948745293 2.6788056490266063
2.877671674909283 2.6722779479433894
2.869255151052296 2.6657523735893895
2.8608984673060656 2.6592291650155477
2.852601710654762 2.6527085613548356
2.844364964965898 2.6461908018043303
2.8361883110219788 2.639676125607749
2.8280718265528795 2.633164772038461
2.8200155862689282 2.626656980383015
2.812019661894682 2.6201529899251885
2.8040841222033768 2.6136530399305955
2.7962090330520355 2.607157369631872
2.7883944574172097 2.600666218214466
2.7806404554313433 2.594179824803052
2.7729470844197337 2.5876984284486078
2.7653143989380693 2.581222268116162
2.7577424508105266 2.5747515826732554
2.7502312891684024 2.5682866108791322
2.742780960489259 2.5618275913746915
2.73539150863656 2.5553747626732286
2.7280629748997747 2.5489283631519934
2.7207953980349227 2.5424886310445887
2.71358881430554 2.5360558044342456
2.7064432575240343 2.5296301212480037
2.6993587590934056 2.5232118192518187
2.6923353480493124 2.516801136046639
2.6853730511024363 2.5103983090654722
2.6784718926811375 2.5040035755714807
2.6716318949743583 2.4976171726571317
2.664853077974746 2.4912393372444415
2.6581354595219646 2.484870306086339
2.651479055346162 2.4785103157691886
2.644883879111557 2.472159602716504
2.6383499424601133 2.4658184031938863
2.6318772550552616 2.4594869533152286
2.6254658246256297 2.45316548905021
2.6191156570087495 2.4468542462331317
2.612826756194686 2.4405534605731214
2.606599124369564 2.4342633676657455
2.6004327619589294 2.4279842030060714
2.594327667670912 2.421716202003218
2.5882838385391422 2.41545959999643
2.5823012699653587 2.409214632272724
2.5763799557616722 2.4029815340861385
2.5705198881924245 2.396760540678638
2.5647210580155773 2.390551887302709
2.5589834545235903 2.3843558092456907
2.5533070655837156 2.378172541855886
2.5476918776776407 2.3720023205704956
2.542137875940427 2.365845380945419
2.536645044198663 2.359701958686971
2.5312133650077615 2.3535722896855527
2.5258428196883287 2.347456610051333
2.5205333883615175 2.341355156151976
2.5152850499832886 2.3352681646524642
2.51009778237749 2.329195872557076
2.504971562267656 2.3231385172535393
2.499906365307441 2.3170963365594375
2.494902166109578 2.3110695687708906
2.48995893827326 2.305058452713572
2.4850766544098297 2.2990632277961023
2.4802552861666674 2.293084134065868
2.475494804249144 2.287121412267305
2.470795178440524 2.2811753039027023
2.466156377619673 2.275246051295553
2.461578369776433 2.2693338976565123
2.4570611220245135 2.26343908715199
2.452604600611752 2.257561864975421
2.448208770927566 2.2517024774212486
2.4438735975074346 2.24586117196166
2.439599044034232 2.240038197326096
2.4353850733362106 2.2342338035835727
2.4312316473814537 2.2284482422278304
2.427138727268571 2.2226817662653384
2.423106273213436 2.2169346303061617
2.4191342445317257 2.2112070906577106
2.415222599617024 2.205499405421369
2.411371295914247 2.1998118345919995
2.407580289888114 2.194144640160323
2.403849536986401 2.1884980862181442
2.4001789915976848 2.182872439066406
2.396568607003273 2.1772679673260287
2.3930183353230134 2.171684942051491
2.3895281274546516 2.16612363684709
2.386097933006388 2.1605843279858075
2.3827277002222917 2.155067294530697
2.3794173759001858 2.149572818458683
2.3761669053016203 2.1441011847866585
2.3729762320535386 2.138652681699733
2.3698452980412044 2.133227600681479
2.3667740432919673 2.1278262366459804
2.363762405849413 2.1224488880714936
2.360810321637427 2.1170958571354688
2.3579177243136993 2.111767449850683
2.3550845451121636 2.106463976202179
2.352310712673867 2.1011857502846927
2.3495961528657356 2.0959330904402007
2.346940788586699 2.090706319395182
2.3443445395606166 2.0855057643971557
2.341807322115443 2.0803317573500033
2.3393290489480476 2.075184634947534
2.3369096288741096 2.070064738804704
2.334548966562484 2.0649724155858546
2.332246962253445 2.0599080171292465
2.3300035114602 2.054871900567142
2.3278185046530675 2.0498644284405887
2.3256918269257203 2.0448859688080057
2.323623357642892 2.0399368953465893
2.321612970068971 2.0350175874454814
2.3196605309768987 2.03012843028955
2.3177659002368323 2.0252698149325563
2.3159289303840382 2.0204421383583777
2.314149466165531 2.0156458035288667
2.312427344065 2.0108812194168135
2.3107623918056186 2.0061488010223933
2.3091544278303857 2.0014489693713395
2.3076032607597208 1.9967821514930049
2.3061086888260984 1.9921487803763205
2.3046704992856037 1.9875492949015703
2.3032884678063947 1.9829841397457562
2.3019623578341557 1.9784537652592151
2.300691919934774 1.9739586273110135
2.299476891114601 1.9694991871005303
2.2983169941188213 1.965075910932498
2.2972119367086457 1.9606892699526604
2.296161410918222 1.9563397398410787
2.295165092292391 1.9520278004600033
2.294222639106646 1.947753935453116
2.293333691570919 1.9435186317928528
2.292497871019102 1.9393223792724246
2.2917147790865187 1.935165669939075
2.290983996877896 1.9310489974650586
2.290305084128744 1.9269728564527797
2.2896775783634373 1.922937741670514
2.2891009940536984 1.918944147215145
2.28857482178162 1.9149925655983815
2.2880985274118286 1.911083486753001
2.2876715512778496 1.9072173969557658
2.287293307388281 1.903394777663818
2.2869631826588614 1.8996161042615658
2.2866805361770886 1.895881844715313
2.286444698506588 1.892192458133213
2.286254971038995 1.8885483932284939
2.2861106254016788 1.8849500866843487
2.286010902930209 1.8813979614193987
2.285955014215015 1.87789242475324
2.2859421387322354 1.87443386647225
2.285971424569262 1.8710226567966046
2.286041988255973 1.8676591442503025
2.286152914713075 1.8643436534369398
2.2863032573293562 1.8610764827250197
2.286492038179955 1.8578579018477095
2.2867182483979636 1.8546881494231837
2.286980848711819 1.8515674304030045
2.287278770160922 1.8484959134573928
2.2876109150018142 1.8454737283077132
2.2879761578169577 1.8425009630180518
2.288373346837728 1.8395776612593566
2.2888013054926146 1.8367038195612673
2.289258834190816 1.8338793845684238
2.289744712350385 1.8311042503197272
2.290257700678837 1.8283782555706811
2.2907965437126827 1.82570118118056
2.2913599726206004 1.8230727475876944
2.291946708273029 1.8204926123976042
2.292555464578752 1.8179603681100058
2.293184952086604 1.8154755400118558
2.2938338818477524 1.8130375842645006
2.2945009695311156 1.8106458862136685
2.2951849397813975 1.8082997589514207
2.2958845308059423 1.8059984421592188
2.296598499173226 1.8037411012609619
2.2973256248022955 1.801526826914129
2.2980647161189185 1.7993546348660312
2.29881461535065 1.7972234662005948
2.299574203929529 1.7951321879990363
2.300342407967739 1.7930795944352695
2.3011182037683735 1.7910644083238658
2.301900623330525 1.7890852831349073
2.3026887598052816 1.7871408054861369
2.3034817728570456 1.7852294981184433
2.3042788938827976 1.783349823355971
2.305079431040764 1.7815001870470697
2.3058827740392966 1.77967894297694
2.3066883986367985 1.7778843977372956
2.3074958708042583 1.7761148160327003
2.3083048505033417 1.7743684263975654
2.309115095035172 1.7726434272921892
2.3099264619177915 1.7709379935408105
2.3107389112539045 1.7692502830695072
2.3115525075547985 1.7675784438970361
2.312367420991253 1.7659206213274516
2.3131839280477764 1.7642749652896756
2.314002411562507 1.7626396377661953
2.314823360141543 1.7610128202508109
2.315647366943191 1.75939272117391
2.3164751278345546 1.7577775832331517
2.31730743892986 1.756165690567718
2.3181451935268944 1.7545553757154695
2.318989378464672 1.7529450262943675
2.319841069931944 1.7513330913524328
2.3207014287622307 1.7497180873341776
2.3215716952565852 1.7480986036158779
2.3224531835802504 1.746473307567112
2.323347275783581 1.7448409491016155
2.3242554155010935 1.7432003646865741
2.325179101385149 1.7415504807858821
2.3261198803325858 1.7398903167195157
2.327079340563594 1.7382189869278941
2.328059104612223 1.7365357026367985
2.329060822287202 1.7348397729249696
2.330086163660269 1.7331306052028344
2.33113681213697 1.731407705116767
2.3322144576620265 1.7296706758988394
2.3333207901078925 1.7279192171870466
2.3344574928911794 1.726153123345462
2.335626236857269 1.7243722813176412
2.3368286744687627 1.7225766680498173
2.3380664343285504 1.7207663475229844
2.339341116063261 1.7189414674348977
2.3406542855878514 1.7171022555742645
2.3420074707670846 1.7152490159300637
2.3434021574848045 1.713382124578975
2.344839786127245 1.711502025393428
2.3463217484822008 1.7096092256117865
2.347849385051776 1.7077042913107738
2.3494239827726413 1.7057878428184283
2.3510467731343208 1.7038605501037567
2.3527189306830154 1.7019231281768574
2.354441571895824 1.6999763325306882
2.356215754408 1.6980209546529084
2.358042476574037 1.696057817633387
2.3599226773419297 1.6940877718900829
2.361857236418851 1.6921116910331204
2.363846974705743 1.6901304678840445
2.365892654977897 1.688145010664471
2.367994982788447 1.686156239365689
2.370154607571839 1.6841650823082492
2.3723721239246887 1.682172472898184
2.374648073042006 1.680179346584308
2.3769829442874966 1.6781866380189994
2.3793771768775382 1.6761952784230185
2.3818311616594046 1.6742061931532504
2.3843452429654293 1.6722202994707749
2.3869197205259236 1.6702385045053738
2.389554851424882 1.668261703411456
2.3922508520837256 1.6662907777094318
2.3950079002595617 1.6643265938057747
2.3978261370456755 1.6623700016843654
2.400705668863153 1.6604218337612098
2.403646569433721 1.6584829038942537
2.4066488817250105 1.656554006539748
2.409712619860537 1.65463591604648
2.412837770987705 1.6527293860791175
2.4160242970981205 1.6508351491619369
2.419272136795405 1.6489539163343108
2.4225812070065222 1.6470863769094752
2.4259514046334316 1.6452331983283193
2.429382608142587 1.6433950261001828
2.4328746790904385 1.6415724838229417
2.4364274635836978 1.6397661732749773
2.4400407936736515 1.637976674571961
2.44371448868428 1.6362045463817385
2.447448356474356 1.634450326190963
2.451242194634066 1.6327145306174937
2.4550957916170284 1.630997655762939
2.459008927808839 1.6293001776001022
2.4629813765335253 1.6276225523904322
2.4670129049994856 1.6259652171269519
2.4711032751866457 1.6243285899984639
2.475252244676705 1.6227130708711748
2.479459567428443 1.621119041784194
2.483724994500139 1.6195468674556652
2.4880482747211987 1.6179968957965816
2.4924291553151403 1.6164694584296084
2.496867382476087 1.614964871210497
2.5013627019009235 1.6134834347499134
2.5059148592792573 1.6120254349337417
2.5105236007433143 1.610591143440126
2.515188673279837 1.609180818251723
2.5199098251060392 1.6077947041618104
2.5246868060116006 1.606433033273079
2.5295193676686423 1.6050960254880875
2.5344072639115547 1.603783888990498
2.539350250988486 1.602496820716357
2.5443480877862457 1.6012350068147947
2.5494005360302796 1.5999986230976329
2.5545073604613493 1.5987878354774907
2.559668328990424 1.5976028003940657
2.5648832128332724 1.5964436652283547
2.570151786626133 1.5953105687046483
2.5754738285238075 1.594203641280199
2.580849120281418 1.593123005522525
2.58627744732104 1.5920687764743626
2.5917585987843244 1.5910410620063216
2.5972923675721806 1.5900399631573485
2.6028785503725334 1.5890655744631264
2.6085169476770838 1.5881179842725817
2.6142073637879846 1.5871972750526855
2.619949606815249 1.5863035236817675
2.6257434886656905 1.585436801731572
2.6315888250241235 1.5845971757383084
2.637485435327511 1.5837847074629563
2.643433142732711 1.5829994541410999
2.649431774078412 1.5822414687225677
2.6554811598418233 1.581510800101171
2.661581134090645 1.5808074933348222
2.667731534430792 1.5801315898563355
2.673932201950336 1.5794831276751946
2.6801829811600766 1.5788621415705866
2.686483719931128 1.578268663275992
2.6928342694298886 1.5777027216556174
2.6992344840507174 1.5771643428729618
2.7056842213466292 1.5766535505517907
2.7121833419582906 1.5761703659298019
2.718731709541575 1.5757148080052499
2.725329190693921 1.575286893676796
2.731975654879714 1.5748866378768436
2.738670974354886 1.5745140536986095
2.745415024090931 1.5741691525171833
2.7522076816984917 1.5738519441048076
2.7590488273506835 1.5735624367406158
2.765938343706289 1.573300637315052
2.772876115832954 1.5730665514291922
2.7798620311304996 1.5728601834891756
2.7868959792544534 1.5726815367959548
2.793977852039901 1.5725306136305572
2.801107543425732 1.572407415335053
2.808284949379367 1.5723119423894079
2.8155099678220283 1.5722441944844037
2.822782498554611 1.5722041705907914
2.8301024431842214 1.5721918690248433
2.8374697050514115 1.5722072875104611
2.844884189158165 1.5722504232379921
2.8523458020966665 1.5723212729198977
2.859854451978878 1.5724198328434116
2.8674100483669633 1.5725460989203282
2.875012502204564 1.5727000667340403
2.882661725748961 1.5728817315839585
2.8903576325041285 1.57309108852742
2.89810013715469 1.57332813241921
2.9058891555007937 1.5735928579487954
2.9137246043938996 1.573885259675378
2.921606401673496 1.5742053320608662
2.929534466104737 1.5745530695008578
2.937508717317001 1.5749284663537257
2.945529075743377 1.5753315169678928
2.953595462561056 1.5757622157073778
2.9617077996326464 1.5762205569756915
2.9698660094483817 1.5767065352381597
2.9780700150692323 1.5772201450427408
2.986319740070902 1.5777613810394129
2.9946151084886985 1.5783302379981896
3.002956044763278 1.5789267108258322
3.011342473687238 1.5795507945813128
3.0197743203525578 1.5802024844900915
3.0282515100988694 1.5808817759572555
3.036773968462548 1.5815886645795756
3.0453416211266062 1.5823231461565288
3.0539543938713805 1.5830852167003335
3.062612212526002 1.5838748724450429
3.071315002920622 1.5846921098547369
3.0800626908394015 1.5855369256308567
3.088855201974227 1.5864093167187192
3.097692461879156 1.5873092803132465
3.1065743959255756 1.588236813863948
3.115500929258047 1.5891919150791882
3.124471986750843 1.5901745819297715
3.1334874929651493 1.5911848126518728
3.1425473721069235 1.5922226057493476
3.151651547985394 1.5932879599954435
3.1607999439721928 1.5943808744339425
3.1699924829610975 1.595501348379759
3.179229087328388 1.5966493814190168
3.188509678893783 1.597824973408625
3.197834178881963 1.5990281244753806
3.207202507884661 1.6002588350146119
3.2166145858233053 1.601517105688385
3.2260703319122075 1.6028029374232933
3.2355696646222842 1.6041163314078433
3.2451125016453037 1.6054572890894592
3.2546987598586403 1.6068258121711168
3.2643283552905307 1.608221902607626
3.2740012030858248 1.6096455626015738
3.283717217472214 1.6110967945989423
3.293476311726934 1.6125756012844166
3.3032783981439335 1.6140819855763908
3.3131233880014883 1.6156159506216887
3.323011191530272 1.6171774997900077
3.3329417178818543 1.6187666366680966
3.3429148750976347 1.6203833650536787
3.3529305700781955 1.6220276889491307
3.3629887085530665 1.6236996125549215
3.3730891950509005 1.6253991402628287
3.383231932870045 1.627126276648932
3.3934168240495084 1.6288810264663978
3.403643769340313 1.630663394638058
3.4139126681772285 1.6324733862487966
3.424223418650876 1.6343110065377422
3.4345759174802097 1.636176260890282
3.4449700599853488 1.638069154829896
3.455405740060781 1.6399896940098238
3.4658828501489096 1.6419378842045633
3.476401281213954 1.6439137313012144
3.4869609227161904 1.6459172412906637
3.497561662586536 1.6479484202586248
3.508203387201464 1.6500072743765306
3.518885981358256 1.6520938098922875
3.5296093282505754 1.6542080331208946
3.5403733094443726 1.6563499504349302
3.551177804854104 1.6585195682549123
3.5620226927192764 1.6607168930395342
3.572907849581301 1.6629419312757818
3.583833150260662 1.665194689468934
3.594798467834397 1.6674751741324487
3.6058036736138805 1.6697833917777418
3.6168486371229194 1.672119348903858
3.6279332260761445 1.674483051987038
3.63905730635771 1.676874507470185
3.6502207420002915 1.6792937217522355
3.6614233951643773 1.681740701177431
3.6726651261178644 1.6842154520245018
3.6839457932159454 1.6867179804957562
3.6952652528812915 1.6892482927060872
3.706623359584529 1.6918063946718893
3.7180199658250093 1.6943922922998969
3.729454922111869 1.6970059913759385
3.740928076945386 1.6996474975536162
3.75243927679862 1.7023168163429059
3.763988366099351 1.7050139530986865
3.775575187212303 1.7077389130091956
3.787199580421661 1.710491701084415
3.7988613839138776 1.7132723221443913
3.810560433760768 1.716080780807487
3.8222965639029014 1.7189170814785708
3.834069606133276 1.7217812283371454
3.845879390081291 1.7246732253254136
3.8577257431970082 1.7275930761362888
3.869608490735706 1.7305407842013485
3.8815274557427246 1.7335163526787336
3.8934824590386112 1.7365197844409945
3.90547331920455 1.7395510820628888
3.917499852568097 1.742610247809128
3.9295618731892037 1.7456972836220799
3.941659192846543 1.7488121911094234
3.953791621024132 1.7519549715317622
3.9659589648982503 1.755125625790198
3.978161029324667 1.7583241544138613
3.9903976168261615 1.7615505575474082
4.002668527580351 1.7648048349384806
4.0149735594078235 1.768086985925131
4.0273125077605725 1.7713970094232183
4.039685165710747 1.7747349039137725
4.052091323939696 1.7781006674303323
4.064530770727339 1.7814942975462553
4.077003291941838 1.7849157913620066
4.089508671029586 1.788365145492424
4.102046689005508 1.7918423560539647
4.114617124443685 1.7953474186519325
4.127219753468284 1.7988803283676909
4.139854349744824 1.8024410797458619
4.152520684471746 1.8060296667815143
4.165218526372318 1.8096460829073409
4.177947641686861 1.8132903209808306
4.190707794165301 1.8169623732714346
4.203498745060053 1.8206622314477292
4.216320253119226 1.8243898865645802
4.229172074580166 1.8281453290503071
4.24205396316334 1.831928548693853
4.254965670066533 1.83573953463196
4.267906943959409 1.8395782753363548
4.280877530978389 1.8434447586009435
4.29387717472188 1.8473389715290225
4.306905616245842 1.851260900520505
4.319962594059704 1.8552105312591647
4.333047844122618 1.8591878486999027
4.346161099840061 1.863192837056038
4.359302092060796 1.8672254797866235
4.372470549074166 1.8712857595837915
4.385666196607758 1.875373658360132
4.398888757825404 1.8794891572361037
4.412137953325548 1.8836322365274838
4.425413501139964 1.8878028757328562
4.438715116732836 1.8920010535211442
4.452042513000193 1.8962267477191876
4.465395400269707 1.9004799352993689
4.478773486300852 1.9047605923672897
4.4921764762854295 1.9090686941495025
4.505604072848449 1.9134042149813004
4.5190559760493905 1.9177671282945645
4.532531883383818 1.9221574066056766
4.546031489785371 1.926575021503498
4.559554487628117 1.9310199436374171
4.573100566729288 1.9354921427054683
4.586669414352366 1.9399915874425302
4.600260715210567 1.9445182456085974
4.613874151470674 1.9490720839771392
4.627509402757258 1.9536530683235394
4.641166146157266 1.9582611634136269
4.654844056224992 1.9628963329922975
4.66854280498741 1.967558539772231
4.682262061949894 1.9722477454227043
4.696001494102315 1.9769639105585088
4.7097607659255045 1.9817069947289723
4.7235395393981 1.9864769564070874
4.737337474003776 1.9912737529787548
4.751154226738835 1.9960973407321374
4.764989452120188 2.000947674847138
4.778842802193712 2.0058247093849957
4.792713926542973 2.010728397278008
4.806602472298338 2.015658690319385
4.82050808414646 2.0206155391532303
4.834430404340131 2.0255988932646667
4.8483690727085245 2.030608700970092
4.862323726667792 2.0356449094075852
4.876294001232058 2.040707464527455
4.890279529024764 2.0457963110829427
4.9042799402904045 2.0509113926210736
4.918294862906617 2.056052651473672
4.9323239223966535 2.061220028748533
4.9463667419422155 2.0664134643207586
4.960422942396656 2.071632896824267
4.97449214229855 2.0768782636434686
4.988573957885625 2.082149500905118
5.00266800310905 2.0874465434703504
5.0167738896481024 2.0927693249268926
5.030891226925171 2.0981177775814666
5.045019622121128 2.103491832452379
5.059158680191053 2.108891419262309
5.073308003880312 2.1143164664312866
5.087467193740972 2.119766901069875
5.101635848148584 2.1252426489725598
5.115813563319292 2.1307436346113393
5.129999933327289 2.136269781129532
5.144194550122616 2.1418210103357955
5.15839700354929 2.1473972426983625
5.172606881363765 2.1529983973395046
5.186823769253725 2.1586243920302115
5.201047250857201 2.164275143185108
5.2152769077820045 2.1699505658575964
5.229512319625486 2.1756505737352363
5.243753063994603 2.181375079135366
5.257998716526298 2.1871239930009576
5.272248850908184 2.1928972248967287
5.286503038899532 2.19869468300549
5.30076085035255 2.2045162741247544
5.315021853233959 2.2103619036635953
5.329285613646855 2.2162314756397654
5.343551695852856 2.2221248926770736
5.357819662294522 2.22804205600303
5.372089073618047 2.233982865446752
5.3863594886962245 2.2399472194371466
5.400630464651668 2.2459350150013595
5.414901556880288 2.251946147763505
5.429172319075023 2.2579805119436696
5.443442303249808 2.2640380003572
5.457711059763784 2.270118504414273
5.471978137345745 2.276221914119751
5.486243083118796 2.2823481180733305
5.500505442625243 2.288497003469975
5.514764759851687 2.294668456100648
5.5290205772543235 2.300862360353338
5.543272435784447 2.3070785992143823
5.557519874914129 2.313317054270095
5.5717624326621 2.3195776057086923
5.585999645619792 2.325860132322523
5.600231048977551 2.3321645115106113
5.614456176551018 2.3384906192814996
5.628674560807649 2.344838330256408
5.642885732893387 2.351207517672704
5.657089222659464 2.3575980533876817
5.671284558689335 2.3640098078826615
5.685471268325726 2.370442650267403
5.699648877697788 2.3768964482848394
5.7138169117483555 2.383371068316122
5.727974894261296 2.3898663753859952
5.742122347888933 2.3963822331684868
5.756258794179548 2.4029185039929213
5.77038375360494 2.4094750488502545
5.784496745588041 2.4160517273997364
5.798597288530563 2.4226483979758906
5.8126848998406855 2.429264917595827
5.826759095960763 2.4359011419668715
5.840819392395033 2.442556925494523
5.854865303737333 2.4492321212907417
5.868896343698804 2.4559265811825512
5.882912025135563 2.4626401557209765
5.896911860076346 2.4693726941902994
5.910895359750109 2.476124044617642
5.9248620346135565 2.482894053782871
5.938811394378618 2.4896825672288276
5.952742948039825 2.4964894292718807
5.966656203901606 2.503314483012796
5.98055066960546 2.5101575703479306
5.994425852157026 2.5170185319807445
6.008281257953005 2.523897207433627
6.022116392807941 2.530793435060044
6.035930761980841 2.5377070520569966
6.049723870201623 2.54463789447779
