6.166245106869926 2.320987533069679
6.18084286317782 2.3268500351061543
6.195425884895067 2.332721799055228
6.209993761146009 2.3386026188916644
6.224546081854519 2.34449228717622
6.239082437793853 2.350390595066693
6.253602420636828 2.3562973323292487
6.268105623006317 2.3622122873500344
6.28259163852607 2.368135247147068
6.2970600618718535 2.374065997382411
6.311510488822913 2.380004322374624
6.325942516313762 2.3859500051114972
6.340355742486294 2.3919028272630682
6.354749766742223 2.397862569194913
6.369124189795848 2.40382900998172
6.383478613727153 2.4098019274211455
6.397812642035235 2.415781098047943
6.412125879692072 2.4217662971483764
6.426417933196619 2.427757298774911
6.440688410629264 2.4337538757611816
6.454936921706601 2.439755799737242
6.469163077836575 2.445762841145092
6.483366492173974 2.451774769254484
6.497546779676261 2.4577913521790085
6.5117035571597945 2.463812356892461
6.5258364433563925 2.4698375492454847
6.539945058970282 2.4758666939825003
6.554029026735423 2.481899554758908
6.568087971473215 2.4879358941585807
6.5821215201506025 2.493975473711633
6.596129301938571 2.5000180539124766
6.610110948271056 2.5060633942381627
6.624066092904261 2.5121112531670065
6.637994371976411 2.518161388197502
6.651895424067926 2.524213555867527
6.665768890262049 2.530267511773842
6.679614414205922 2.5363230105918753
6.693431642172127 2.542379806095815
6.70722022312071 2.548437651178995
6.720979808761683 2.5544962978745813
6.734710053618041 2.5605554973765727
6.748410615089285 2.566615000061102
6.76208115351548 2.5726745555080575
6.7757213322418535 2.5787339125230218
6.789330817683963 2.5847928191595346
6.802909279393431 2.5908510227416808
6.816456390124285 2.596908269887019
6.829971825899902 2.602964306529848
6.843455266080587 2.609018877944823
6.85690639343181 2.6150717287709258
6.8703248941931045 2.6211226030357997
6.883710458147672 2.6271712441804578
6.8970627786926935 2.633217395084371
6.910381552910388 2.639260798090948
6.9236664816398354 2.6453011950334187
6.936917269549589 2.6513383272611315
6.950133625211106 2.657371935666275
6.963315261173025 2.663401760711043
6.976461894036319 2.6694275424552485
6.989573244530352 2.6754490205844093
7.0026490375898724 2.681465934438318
7.015689002432981 2.6874780230401147
7.028692872640092 2.6934850251258777
7.041660386233947 2.699486679174756
7.054591285760692 2.705482723439663
7.0674853183720785 2.711472895978551
7.080342235908814 2.7174569346862945
7.093161794985107 2.7234345773272013
7.105943757074457 2.7294055615681856
7.118687888596716 2.735369625012624
7.13139396100649 2.7413265052349294
7.144061750882911 2.7472759398158715
7.156691040020842 2.7532176663786796
7.1692816155235475 2.7591514226259624
7.181833269896909 2.7650769463774814
7.194345801145221 2.770993975608822
7.20681901286863 2.776902248491
7.2192527143622796 2.782801503431052
7.2316467207172215 2.788691479113654
7.244000852923148 2.794571914543823
7.256314937973032 2.8004425490907505
7.268588808969712 2.8063031225328263
7.28082230523453 2.8121533751039136
7.293015272418056 2.8179930475409334
7.305167562613013 2.823821881132833
7.317279034469447 2.8296396177709995
7.329349553312245 2.8354460000012005
7.341378991261074 2.841240771077129
7.353367227352834 2.8470236750156266
7.3653141476667034 2.852794456653691
7.377219645451883 2.858552861707343
7.38908362125812 2.86429863683246
7.400905983069119 2.870031529687675
7.412686646438938 2.875751288999458
7.424425534631471 2.881457664629483
7.436122578763134 2.887150407644414
7.447777717948853 2.8928292703882326
7.459390899451474 2.898494006557242
7.4709620788347175 2.9041443712778974
7.482491220119794 2.9097801211876018
7.493978295945804 2.9154010145186446
7.505423287734051 2.9210068111854324
7.516826185856408 2.9265972728752074
7.528186989807863 2.932172163142426
7.539505708383391 2.9377312475070068
7.550782359859289 2.9432742935566574
7.562016972179131 2.9488010710534884
7.573209583144482 2.9543113520451656
7.584360240610548 2.9598049109808375
7.595469002686886 2.965281524832091
7.606535937943377 2.9707409732192303
7.6175611256216 2.9761830385431463
7.628544655851787 2.9816075061230976
7.639486629875544 2.9870141643407235
7.650387160274499 2.9924028047906237
7.661246371205061 2.997773222437873
7.672064398639496 3.0031252157828487
7.682841390613484 3.0084585870337697
7.693577507480352 3.013773142287377
7.7042729221721995 3.0190686917181986
7.714927820468084 3.0243450497768767
7.725542401269482 3.029602035398052
7.736116876883236 3.03483947221834
7.74665147331216 3.0400571888049477
7.7571464305535445 3.045255018895529
7.767602002905738 3.0504328016498983
7.778018459283026 3.0555903819142527
7.788396083539003 3.060727610498608
7.798735174798645 3.0658443444681795
7.809036047799275 3.0709404474494715
7.819299033240639 3.0760157899519145
7.829524478144265 3.0810702497059
7.839712746222291 3.0861037120181263
7.84986421825597 3.091116070145239
7.859979292484001 3.096107225686765
7.870058385000841 3.10107708899843
7.880101930165194 3.1060255796270027
7.8901103810187525 3.110952626767857
7.900084209715373 3.115858169746539
7.910023907960742 3.12074215852567
7.91992998746265 3.1256045542386195
7.929802980391904 3.1304453297514314
7.939643439853934 3.1352644702546093
7.949451940371071 3.1400619738864153
7.959229078375473 3.1448378523894656
7.9689754727126285 3.1495921318024864
7.978691765155299 3.1543248531892036
7.988378620927742 3.1590360734064484
7.998036729239997 3.163725865913683
8.007666803831915 3.1683943216262627
8.017269583526598 3.1730415498149003
8.026845832792814 3.1776676790539
8.036396342315818 3.182272858220909
8.045921929576028 3.186857257551063
8.055423439434744 3.1914210697485466
8.064901744726143 3.1959645111588033
8.074357746854501 3.2004878230047393
8.083792376395566 3.2049912726904926
8.093206593700764 3.2094751551765155
8.10260138950279 3.213939794429908
8.111977785520914 3.2183855449541445
8.121336835064131 3.2228127934025834
8.130679623630048 3.227221960280313
8.140007269497104 3.2316135017391847
8.149320924307494 3.235987911471067
8.158621773637785 3.240345722704653
8.16791103755391 3.2446875103113575
8.177189971146833 3.2490138930261545
8.18645986504473 3.25332553578943
8.19572204589714 3.2576231522162407
8.204977876825929 3.261907507199596
8.21422875783749 3.2661794196547325
8.223476126189894 3.270439765411559
8.23272145670808 3.274689480262794
8.241966262039501 3.2789295631755526
8.251212092841751 3.283161079674443
8.260460537892971 3.2873851654044826
8.26971322411477 3.2916030298823933
8.278971816496483 3.2958159604450787
8.288238017908402 3.3000253264042843
8.297513568790459 3.304232583416627
8.306800246701512 3.308439278078323
8.316099865712973 3.312647052754061
8.325414275628932 3.3168576506494434
8.334745361013356 3.3210729211365124
8.34409504000304 3.325294825341657
8.353465262883079 3.329525442005086
8.362858010399558 3.3337669736207394
8.37227529178182 3.338021752865042
8.381719142444318 3.3422922493223934
8.39119162133538 3.3465810765145076
8.400694807897482 3.3508909992397733
8.410230798600558 3.3552249412276804
8.419801703006785 3.359585993111881
8.429409639321824 3.363977420723793
8.439056729383962 3.3684026737065453
8.448745093038783 3.3728653944466886
8.45847684184304 3.377369427318158
8.468254072037245 3.3819188282297126
8.478078856722119 3.3865178744630704
8.487953237169597 3.3911710747845385
8.497879213194445 3.3958831798076936
8.507858732507852 3.4006591925787055
8.517893678969603 3.405504379349119
8.52798585965069 3.4104242804930975
8.538136990613589 3.4154247215174665
8.548348681312936 3.420511824102862
8.558622417515112 3.425692017103228
8.568959542631461 3.4309720474184062
8.57936123735661 3.4363589906406036
8.58982849750082 3.4418602613600537
8.600362109903747 3.4474836229980497
8.610962626316569 3.4532371970166187
8.621630335140491 3.459129471333376
8.632365230912514 3.4651693077475367
8.643166981434273 3.4713659481583954
8.65403489244736 3.477729019331246
8.664967869769034 3.484268535937217
8.675964378816348 3.49099490156335
8.68702240146477 3.497918907357423
8.69813939021037 3.505051727938748
8.709312219632643 3.5124049141718916
8.72053713518934 3.5199903823653003
8.731809699415605 3.527820399421898
8.743124735648065 3.5359075634344856
8.754476269451166 3.5442647791862134
8.765857467988456 3.552905227986603
8.777260577656497 3.5618423312479766
8.788676860383982 3.5710897071872045
8.800096529093958 3.580661120025424
8.811508682932782 3.590570421055658
8.822901242985537 3.600831480957769
8.834260889323538 3.611458112764346
8.845573000364276 3.622463984922705
8.856821595666304 3.6338625239606803
8.86798928342871 3.645666806349633
8.879057214114585 3.657889439271284
8.890005041765942 3.670542430137507
8.900810894719823 3.6836370448879143
8.911451357565971 3.697183655300397
8.921901466298877 3.7111915757965557
8.932134718704063 3.7256688905083926
8.942123102071278 3.74062227169261
8.951837140337219 3.7560567909338656
8.96124596271759 3.771975724962808
8.970317395783232 3.7883803583229883
8.979018080758163 3.8052697855440245
8.9873136175603 3.8226407159048503
8.99516873676107 3.8404872842869855
9.002547500203498 3.858800872006169
9.009413530487723 3.877569941852852
9.015730268910128 3.8967798918466743
9.021461260734037 3.9164129323950228
9.026570465887907 3.9364479916188166
9.031022592348085 3.956860653548489
9.034783448591034 3.9776231336801615
9.037820310622642 3.9987042960022166
9.04010229824362 4.020069715044702
9.041600754427439 4.041681785767591
9.042289621010811 4.063499883192583
9.04214580336631 4.085480572613943
9.041149516381026 4.1075778700205365
9.039284603937794 4.129743551058932
9.036538824213256 4.15192750551001
9.032904093487115 4.174078132889416
9.0283766818048 4.196142773471947
9.02295735474384 4.218068167839073
9.016651456681245 4.239800937014543
9.00946893231017 4.261288074437108
9.001424284661827 4.282477440465674
8.992536469496107 4.303318249852819
8.982828727567236 4.323761542676167
8.972328357881507 4.343760629586457
8.961066436576342 4.3632715029034355
8.949077487401066 4.382253206037965
8.936399110916803 4.400668154898789
8.923071580413415 4.41848240630338
8.909137413137561 4.435665869893338
8.894640925724042 4.4521924615926745
8.879627782724837 4.468040198177921
8.864144546852156 4.483191233992871
8.848238239022075 4.49763184218456
8.831955915541482 4.511352344017951
8.815344268868584 4.524346990812013
8.798449257344483 4.536613803809185
8.781315768189769 4.54815437783509
8.763987316933322 4.558973654927922
8.746505785333623 4.569079674228963
8.728911198802855 4.57848330434725
8.711241543381195 4.587197964167166
8.693532621455315 4.595239337687133
8.675817944685768 4.60262508799094
8.65812866201065 4.609374574891137
8.640493520128347 4.615508580175382
8.62293885352652 4.621049043757764
8.605488600908924 4.626018813411107
8.588164344764538 4.630441410151757
8.570985370811313 4.634340810780719
8.553968744114208 4.637741248565035
8.537129398809801 4.640667032578522
8.520480238552203 4.643142385815507
8.50403224501419 4.645191301846366
8.487794592020729 4.6468374194984845
8.471774763148684 4.648103914817964
8.455978670887362 4.649013409392091
8.44041077571198 4.649587893984937
8.42507420367045 4.649848666353584
8.4099708613183 4.649816282064041
8.395101547054196 4.64951051710889
8.380466058107151 4.648950341137311
8.366063292605169 4.648153900137466
8.351891346313291 4.647138507456761
8.337947603767436 4.64592064210305
8.324228823649381 4.644515953335891
8.310731218349261 4.6429392706285455
8.297450527746198 4.641204618155796
8.28438208730663 4.639325233038019
8.271520890655214 4.6373135866463
8.258861646816296 4.635181408345742
8.2463988323565 4.63293971112323
8.23412673868223 4.630598818611354
8.222039514761493 4.628168393081159
8.210131205548207 4.625657464033012
8.198395786390618 4.623074457066612
8.186827193704357 4.620427222758405
8.175419352185926 4.617723065317219
8.164166198834906 4.614968770827133
8.153061704043429 4.612170634920635
8.142099890000207 4.609334489755186
8.131274846643901 4.606465730192816
8.120580745387576 4.603569339105463
8.110011850822358 4.600649911748838
8.099562530594842 4.597711679164873
8.08922726363921 4.594758530587612
8.079000646931814 4.591794034839934
8.068877400923057 4.588821460719066
8.058852373789087 4.585843796377631
8.048920544634017 4.582863767714234
8.039077025762271 4.579883855793449
8.02931706413004 4.576906313319799
8.019636042075089 4.573933180193969
8.010029477414886 4.570966298182309
8.000493022994517 4.568007324732692
7.991022465757897 4.565057745971211
7.981613725408552 4.562118888915033
7.9722628527194495 4.559191932937108
7.962966027545268 4.556277920518469
7.9537195565848124 4.553377767323524
7.944519870936132 4.550492271633221
7.935363523482232 4.547622123170174
7.926247186141022 4.544767911348939
7.917167647009193 4.541930132983583
7.908121807426382 4.539109199483526
7.8991066789826325 4.536305443567484
7.8901193804894625 4.533519125524047
7.881157134932198 4.530750439046195
7.872217266418982 4.5279995166657505
7.863297197139759 4.52526643481252
7.854394444346707 4.5225512185216115
7.845506617365959 4.51985384581117
7.836631414648922 4.517174251751605
7.8277666208702525 4.514512332246172
7.8189101040783475 4.511867947541696
7.81005981290318 4.509240925487105
7.801213773825401 4.506631064556395
7.792370088509835 4.504038136651715
7.783526931205735 4.501461889701212
7.774682546215623 4.498902050065487
7.765835245433917 4.4963583247655485
7.756983405956115 4.493830403544428
7.7481254677588876 4.491317960773791
7.739259931451051 4.4888206572161735
7.730385356095116 4.486338141652806
7.721500357098818 4.483870052386297
7.7126036041758335 4.481416018626889
7.703693819374669 4.4789756617703915
7.694769775174574 4.4765485965753795
7.6858302926471955 4.474134432246728
7.676874239682566 4.471732773432094
7.66790052927796 4.469343221137498
7.658908117888062 4.466965373567762
7.649896003834849 4.464598826897141
7.640863225775542 4.46224317597517
7.631808861227 4.459898014972352
7.622732025144845 4.457562937970034
7.613631868555665 4.455237539498514
7.6045075772406205 4.452921415027125
7.595358370468782 4.450614161409818
7.586183499778581 4.448315377289482
7.5769822478057245 4.446024663464053
7.567753927155986 4.443741623217224
7.558497879321328 4.441465862616392
7.549213473637789 4.43919699078028
7.539900106283676 4.436934620118516
7.530557199316547 4.434678366545275
7.521184199747631 4.432427849668964
7.51178057865223 4.430182692959757
7.502345830314816 4.427942523896714
7.492879471407473 4.425706974096026
7.483381040200454 4.42347567942189
7.4738500958036065 4.421248280081357
7.464286217437492 4.419024420704428
7.454689003733055 4.416803750410586
7.445058072058731 4.414585922862842
7.435393057873929 4.412370596310319
7.425693614107864 4.41015743362033
7.415959410562735 4.407946102300804
7.406190133340304 4.405736274513897
7.396385484290955 4.403527627081521
7.386545180484337 4.401319841483506
7.376668953700739 4.399112603849047
7.366756549942399 4.39690560494202
7.3568077289639175 4.394698540140751
7.3468222638210525 4.392491109412735
7.336799940437154 4.390283017284794
7.326740557186532 4.388073972809126
7.31664392449409 4.385863689525631
7.306509864450586 4.3836518854209325
7.296338210442882 4.381438282884409
7.286128806798605 4.3792226086615935
7.275881508444631 4.377004593805219
7.26559618057886 4.374783973624201
7.255272698354737 4.37256048763082
7.244910946578031 4.370333879486317
7.234510819415368 4.368103896945152
7.224072220114072 4.365870291798108
7.2135950607328585 4.363632819814429
7.2030792618829365 4.361391240683173
7.192524752479142 4.359145317953931
7.181931469500678 4.356894818977047
7.171299357761093 4.3546395148435
7.160628369687147 4.352379180324542
7.149918465106189 4.350113593811213
7.139169611041744 4.347842537253851
7.128381781516968 4.345565796101663
7.117554957365663 4.343283159242467
7.106689126050578 4.340994418942669
7.0957842814886805 4.338699370787556
7.08484042388316 4.33639781362196
7.073857559561882 4.334089549491348
7.062835700822041 4.3317743835834195
7.051774865780797 4.329452124170219
7.040675078231633 4.327122582550835
7.029536367506231 4.324785572994714
7.0183587683416535 4.32244091268562
7.007142320752629 4.320088421666285
6.995887069908729 4.317727922783759
6.984593066016274 4.315359241635497
6.973260364204764 4.312982206516193
6.961889024417683 4.310596648365395
6.950479111307496 4.308202400715893
6.939030694134676 4.305799299642922
6.927543846670624 4.303387183714167
6.916018647104327 4.300965893940587
6.904455177952597 4.298535273728069
6.892853525973787 4.2960951688299165
6.881213782084816 4.2936454273001745
6.8695360412814175 4.291185899447786
6.8578204025614475 4.2887164377916
6.846066968851175 4.286236897016218
6.834275846934416 4.283747133928671
6.822447147384417 4.281247007415947
6.810580984498384 4.278736378403347
6.798677476234544 4.276215109813672
6.78673674415167 4.27368306652724
6.774758913350949 4.271140115342725
6.762744112420117 4.268586124938807
6.750692473379784 4.266020965836644
6.738604131631851 4.26344451036313
6.726479225909944 4.260856632614969
6.714317898231806 4.258257208423524
6.702120293853536 4.255646115320453
6.689886561225653 4.25302323250412
6.677616851950872 4.250388440806762
6.665311320743553 4.24774162266243
6.652970125390747 4.245082662075654
6.640593426714796 4.2424114445908705
6.628181388537396 4.239727857262562
6.615734177645093 4.237031788626124
6.603251963756158 4.234323128669452
6.5907349194887574 4.231601768805208
6.578183220330412 4.228867601843809
6.565597044608654 4.22612052196707
6.55297657346286 4.223360424702553
6.540321990817209 4.220587206898545
6.527633483354707 4.217800766699722
6.514911240492257 4.215001003523447
6.502155454356714 4.212187818036703
6.489366319761896 4.209361112133657
6.476544034186505 4.2065207889138465
6.463688797752925 4.20366675266097
6.450800813206863 4.200798908822284
6.437880285897776 4.197917163988587
6.424927423760097 4.19502142587479
6.411942437295161 4.192111603301065
6.398925539553868 4.189187606174553
6.385876946119988 4.186249345471634
6.372796875094141 4.183296733220747
6.35968554707835 4.180329682485752
6.346543185161217 4.177348107349819
6.333370014903625 4.174351922899852
6.320166264324992 4.171341045211424
6.306932163890013 4.1683153913342235
6.293667946495889 4.165274879278001
6.280373847460002 4.162219427999017
6.26705010450803 4.159148957386969
6.253696957762459 4.156063388252404
6.240314649731484 4.1529626423146
6.226903425298267 4.14984664218992
6.21346353171054 4.1467153113806186
6.199995218570529 4.143568574264102
6.1864987378251675 4.140406356082637
6.172974343756598 4.1372285829334965
6.159422292972932 4.134035181759542
6.145842844399246 4.130826080340225
6.132236259268811 4.127601207283012
6.11860280111451 4.124360492015233
6.104942735760464 4.121103864776323
6.091256331313808 4.117831256610477
6.077543858156633 4.114542599359696
6.063805588938064 4.111237825657233
6.050041798566453 4.107916868921409
6.036252764201688 4.104579663349828
6.022438765247582 4.10122614391395
6.008600083344344 4.0978562463540475
5.994737002361117 4.094469907174519
5.9808498083885455 4.09106706363956
5.966938789731395 4.087647653769198
5.953004236901181 4.084211616335669
5.939046442608806 4.08075889086014
5.92506570175719 4.077289417609774
5.911062311433884 4.073803137595133
5.897036570903644 4.070299992567906
5.8829887816009725 4.066779925018967
5.868919247122586 4.063242878176753
5.854828273219836 4.059688796005967
5.840716167791027 4.0561176232065845
5.8265832408736635 4.052529305213174
5.812429804636583 4.048923788194524
5.798256173371974 4.045301019053573
5.78406266348728 4.041660945427626
5.769849593496958 4.038003515688879
5.755617284014098 4.0343286789452195
5.741366057741888 4.030636385041321
5.727096239464909 4.026926584560016
5.71280815604026 4.023199228823944
5.698502136388493 4.019454269897477
5.684178511484361 4.0156916605889155
5.669837614347355 4.011911354452946
5.655479780032036 4.008113305793366
5.641105345618142 4.004297469666071
5.626714650200461 4.000463801882283
5.612308034878476 3.996612259012052
5.597885842745752 3.992742798387986
5.583448418879074 3.988855378109241
5.568996110327323 3.98494995704574
5.554529266100068 3.9810264948426415
5.540048237155902 3.977084951925034
5.525553376390468 3.9731252895028644
5.511045038624202 3.9691474695760958
5.496523580589777 3.965151454940085
5.481989360919229 3.9611372091911843
5.467442740130776 3.95710469673256
5.452884080615306 3.9530538827802215
5.438313746622543 3.9489847333692674
5.423732104246876 3.944897215360329
5.40913952141284 3.9407912964462244
5.394536367860251 3.9366669451588123
5.379923015128989 3.932524130876038
5.365299836543421 3.928362823829175
5.350667207196445 3.9241829951102574
5.3360255039331825 3.9199846166796943
5.321375105334273 3.9157676613740713
5.306716391698798 3.911532102914127
5.292049745026811 3.907277915912906
5.277375549001482 3.9030050758840873
5.262694188970826 3.898713559250473
5.248006051929051 3.8944033433526495
5.23331152649748 3.890074406457804
5.218611002905074 3.8857267277687004
5.203904872968532 3.881360287432808
5.18919353007197 3.876975066551581
5.1744773691461825 3.8725710471898807
5.159756786647469 3.868148212385544
5.145032180536032 3.863706546159085
5.130303950253947 3.8592460335235343
5.115572496702678 3.8547666604944073
5.1008382222201725 3.8502684140997996
5.086101530557497 3.845751282390601
5.071362826855035 3.841215254450833
5.056622517618233 3.836660320408094
5.041881010692896 3.8320864714441214
5.027138715240034 3.827493699805452
5.0123960417102404 3.8228819988141853
4.997653401817634 3.818251362878851
4.982911208513325 3.8136017875053554
4.968169875958436 3.8089332693080284
4.953429819496648 3.804245806020747
4.938691455626298 3.799539396508139
4.923955201972007 3.794814040776863
4.909221477255852 3.790069739986954
4.894490701268067 3.7853064964632392
4.87976329483729 3.7805243137068105
4.865039679800341 3.775723196406551
4.850320278971543 3.770903150450716
4.835605516111578 3.766064182938557
4.8208958158958835 3.7612063021919857
4.806191603882595 3.756329517767275
4.791493306480017 3.7514338404667877
4.776801350913655 3.746519282350735
4.762116165192777 3.7415858567489466
4.747438178076531 3.7366335782726656
4.732767819039613 3.731662462826343
4.718105518237481 3.726672527619442
4.703451706471126 3.7216637911782366
4.688806815151405 3.7166362733576066
4.6741712762629275 3.711589995352814
4.659545522327513 3.7065249797112676
4.644929986367212 3.7014412503442555
4.630325101866901 3.696338832538655
4.615731302736454 3.691217752968599
4.601149023272493 3.6860780397071053
4.586578698119726 3.6809197222376566
4.572020762231873 3.6757428314657257
4.557475650832191 3.670547399730239
4.542943799373594 3.6653334608149786
4.528425643498385 3.660101049959905
4.513921618997598 3.6548502038724093
4.499432161769961 3.6495809607384704
4.484957707780481 3.6442933602337297
4.4704986930186665 3.6389874435344627
4.45605555345638 3.6336632533284488
4.441628725005346 3.6283208338257276
4.4272186434743075 3.6229602307692423
4.412825744525844 3.617581491445355
4.398450463632866 3.612184664694232
4.384093236034774 3.606769800920096
4.3697544966933135 3.6013369521013288
4.355434680248128 3.5958861718004282
4.341134220972003 3.590417515173803
4.3268535527258365 3.58493103898141
4.312593108913323 3.5794268015962136
4.298353322435377 3.5739048630134715
4.28413462564429 3.568365284859836
4.269937450297653 3.562808130402263
4.255762227512029 3.55723346455672
4.241609387716406 3.5516413538966947
4.227479360605436 3.5460318666614863
4.213372575092464 3.54040507276428
4.199289459262369 3.534761043799996
4.185230440324224 3.5290998530529043
4.171195944563781 3.5234215755039995
4.157186397295805 3.517726287838131
4.143202222816263 3.5120140684508763
4.1292438443543675 3.5062849974551593
4.115311684024522 3.500539156687592
4.101406162778137 3.4947766297145533
4.087527700355366 3.488997501837977
4.073676715236756 3.483201860100856
4.059853624594827 3.477389793292455
4.046058844245602 3.4715613919532147
4.032292788600095 3.4657167483793536
4.018555870615772 3.4598559566271527
4.004848501747994 3.453979112516919
3.9911710919014767 3.4480863136366193
3.977524049381746 3.4421776593451865
3.9639077808466388 3.436253250775474
3.9503226912578433 3.430313190836873
3.936769183832499 3.4243575842175686
3.923247659994869 3.4183865373864424
3.9097585193281073 3.4124001585946035
3.896302159526124 3.4063985578765505
3.882878976345574 3.4003818470509546
3.86948936355798 3.394350139721058
3.8561337129020017 3.3883035512746846
3.8428124140358766 3.382242198883851
3.8295258544900337 3.3761662015039806
3.816274419619911 3.370075679872708
3.803058492558978 3.3639707565082704
3.78987845417199 3.3578515557074877
3.77673468300848 3.3517182035433097
3.7636275552565137 3.345570827861944
3.750557444696716 3.3394095582795473
3.7375247226565858 3.333234526178482
3.724529757965115 3.3270458647031256
3.7115729169077314 3.320843708755238
3.6986545631815715 3.314628194988875
3.68577505785111 3.30839946180485
3.6729347593041517 3.30215764934473
3.660134023208206 3.2959028994843735
3.6473732024672585 3.289635355827001
3.6346526471789558 3.2833551636957887
3.6219727045922148 3.277062470125998
3.609333719065277 3.2707574238566166
3.5967360320242143 3.264440175321527
3.584179981921914 3.258110876640186
3.571665904197541 3.251769681607823
3.559194131236508 3.2454167456851413
3.5467649923309548 3.2390522259875394
3.5343788136407595 3.232676281273826
3.5220359181550895 3.2262890719344486
3.509736625654512 3.21989075997922
3.497481252673671 3.2134815090245468
3.4852701124645495 3.2070614842801572
3.4731035149603264 3.200630852535328
3.460981766739844 3.194189782144604
3.448905170992694 3.1877384430130187
3.436874027484941 3.1812770065808094
3.4248886325254904 3.174805645807623
3.412949278933112 3.168324535156221
3.4010562560041384 3.1618338505756762
3.3892098494808383 3.1553337694840677
3.3774103415204855 3.148824470750664
3.3656580106651286 3.1423061346776096
3.3539531318120734 3.1357789429811
3.3422959761850906 3.12924307877206
3.3306868113063506 3.1226987265363175
3.3191259009691088 3.116146072114274
3.3076135052111324 3.1095853026800824
3.2961498802888953 3.1030166067203195
3.284735278652537 3.096440174012171
3.2733699489215984 3.089856195601116
3.262054135861541 3.0832648637781244
3.25078808036106 3.076666372056365
3.239572019410193 3.070060915147425
3.228406186079232 3.06344868893705
3.2172908094984516 3.056829890460398
3.2062261148386475 3.0502047178768215
3.1952123232925005 3.043573370444174
3.1842496520567667 3.0369360484926404
3.1733383143152984 3.030292953398109
3.162478519222901 3.023644287555074
3.1516704718900286 3.0169902543490803
3.140914373368323 3.0103310581287115
3.1302104206369963 3.003666904177128
3.1195588065900646 2.996997998683158
3.1089597200244254 2.990324548711944
3.0984133456287966 2.9836467621751526
3.087919863973495 2.9769648478007467
3.077479451501082 2.970279015102333
3.0670922805178535 2.9635894743480837
3.0567585191861872 2.956896436529235
3.046478331517744 2.9502001133281754
3.0362518773675196 2.943500717086119
3.0260793124287493 2.9367984607703796
3.0159607882286634 2.9300935579412366
3.0058964521250857 2.9233862227184133
2.9958864473038833 2.9166766697471593
2.9859309127772504 2.9099651141639513
2.976029983382839 2.9032517715618096
2.966183789783722 2.8965368579552413
2.956392458469183 2.8898205897448146
2.9466561117563397 2.883103183681362
2.9369748677925838 2.8763848568298256
2.9273488405588424 2.8696658265327475
2.917778139873646 2.862946310373403
2.908262871398006 2.8562265261385913
2.8988031366410882 2.849506691781079
2.889399032966683 2.842787025381707
2.880050653600458 2.83606774511116
2.8707580876379923 2.8293490691914074
2.8615214200535815 2.8226312158568114
2.852340731709808 2.8159144033149164
2.843216099367866 2.8091988497069145
2.834147595698636 2.8024847730677895
2.8251352892945003 2.7957723912861527
2.8161792446818867 2.789061922063757
2.80727952233454 2.7823535828747055
2.7984361786875023 2.7756475909243465
2.7896492661518035 2.768944163107865
2.780918833129843 2.762243515968561
2.772244924031462 2.755545865655828
2.7636275792906924 2.74885142788282
2.75506683538317 2.742160417883813
2.7465627248442126 2.735473050371262
2.7381152762875454 2.728789539492547
2.7297245144246625 2.7221100987864104
2.7213904600848258 2.7154349411390846
2.7131131302356803 2.7087642787401003
2.704892538004484 2.702098323037782
2.696728692699941 2.695437284694421
2.6886215998346294 2.6887813735411186
2.6805712611480166 2.6821307985323073
2.6725776746300487 2.675485767699927
2.664640834545313 2.6688464881072638
2.6567607314577644 2.662213165802439
2.648937352256001 2.655586005771538
2.6411706801790897 2.6489652118913765
2.6334606948429387 2.642350986881893
2.6258073722671966 2.6357435322581537
2.618210684902688 2.6291430482819624
2.6106706016593724 2.6225497339130652
2.6031870879348245 2.615963786759936
2.5957601056432322 2.6093854030301262
2.5883896132449107 2.60281477748017
2.581075565776329 2.5962521033650288
2.5738179148806526 2.5896975723870534
2.566616608838794 2.5831513746444545
2.5594715926009814 2.5766136985792576
2.5523828078188444 2.570084730924729
2.5453501928780176 2.5635646566522463
2.5383736829312715 2.557053658917596
2.5314532099321725 2.550551919006677
2.524588702669286 2.5440596162805855
2.517780086800926 2.537576928120057
2.511027284890464 2.531104029869237
2.5043302164422103 2.524641094778763
2.4976887979378857 2.518188293948119
2.491102942873693 2.5117457962672423
2.4845725617980152 2.505313768357347
2.4780975623497565 2.498892374510941
2.4716778492973477 2.4924817766309944
2.465313324578451 2.4860821341692327
2.459003887340384 2.4796936040635225
2.452749433981296 2.4733163406743084
2.4465498581921383 2.466950495720069
2.4404050509994546 2.4605962182117547
2.4343149008090434 2.4542536543861644
2.428279293450531 2.447922947638232
2.4222981122229026 2.441604238452171
2.4163712379410525 2.4352976643314435
2.4104985489833948 2.4290033597275116
2.4046799213406107 2.4227214559673245
2.3989152286655884 2.416452081179506
2.3932043423246285 2.4101953602191895
2.3875471314499896 2.403951414591467
2.381943462993856 2.397720362373397
2.376393201783813 2.3915023181345383
2.3708962105799203 2.385297392855957
2.3654523501334843 2.3791056938476687
2.360061479247634 2.372927324664465
2.3547234548398075 2.3667623850200927
2.3494381320062745 2.3606109706997334
2.344205364088819 2.3544731734707427
2.339025002743712 2.348349080991621
2.3338968980131187 2.342238776719165
2.3288208983990986 2.3361423398137657
2.3237968509403433 2.3300598450428334
2.3188246012918365 2.323991362682296
2.3139039938076014 2.317936958416167
2.3090348716267366 2.311896693234138
2.304217076762933 2.3058706233271997
2.2994504501976816 2.299858799981253
2.2947348319774004 2.29386126946872
2.2900700613147063 2.2878780729381445
2.285455976694087 2.2819092463017863
2.2808924159822257 2.275954820121225
2.276379216543249 2.270014819490992
2.2719162153591927 2.264089263920261
2.2675032491559763 2.2581781672126393
2.263140154535205 2.2522815373441163
2.258826768112127 2.2463993763392276
2.254562926660089 2.2405316801455215
2.250348467261853 2.234678438506424
2.2461832274681437 2.228839634832609
2.242067045463825 2.223015246072016
2.2379997602421073 2.2172052425786544
2.233981211787213 2.2114095879803846
2.2300112412659363 2.20562823904586
2.2260896912285593 2.1998611455508645
2.2222164058195935 2.194108250144295
2.218391230998835 2.188369488214073
2.214614014773242 2.182644787753309
2.210884607440145 2.1769340692270642
2.2072028618423394 2.171237245440109
2.203568633635592 2.1655542214061105
2.1999817815691323 2.1598848942187274
2.1964421677796935 2.1542291529251427
2.192949658099696 2.1485868784026083
2.18950412238015 2.142957943238642
2.186105434828884 2.1373422116155636
2.1827534743646932 2.131739539200132
2.1794481249880135 2.1261497730390997
2.176189276168713 2.120572751461584
2.1729768232516045 2.115008303989224
2.16981066788025 2.109456251255164
2.166690718439634 2.103916404933009
2.163616890518256 2.098388567676962
2.160589107390154 2.0928725330744613
2.1576073005173657 2.0873680856127352
2.1546714100732656 2.081875000660778
2.1517813854871948 2.076393044468372
2.1489371860107243 2.070921974183892
2.14613878130584 2.065461537892721
2.143386152055256 2.060011474678255
2.140679290594978 2.054571514707571
2.1380182015691327 2.049141379343965
2.135402902606981 2.043720781288693
2.1328334250218814 2.038309424754373
2.1303098145318433 2.0329070056726284
2.127832132001155 2.0275132119386914
2.125400454202368 2.022127723695791
2.123014874597743 2.0167502136622897
2.1206755041390424 2.0113803475046375
2.118382472084303 2.0060177842593223
2.11613592682998 2.0006621768071007
2.1139360367565443 1.9953131724028783
2.1117829910853363 1.9899704132646887
2.109677000744117 1.9846335372252772
2.107618299238421 1.9793021784498375
2.10560714352542 1.9739759682234657
2.103643814886593 1.968654535811895
2.101728619795087 1.9633375093990255
2.099861890773157 1.9580245171046995
2.0980439872346324 1.9527151880860631
2.0962752963068096 1.9474091537256946
2.0945562336256947 1.942106048909481
2.0928872440979345 1.9368055133969762
2.09126880262225 1.9315071932866517
2.0897014147626147 1.9262107425780828
2.088185617364849 1.920915824832665
2.0867219791077405 1.9156221149339416
2.085311100979244 1.9103293009480262
2.0839536166677717 1.9050370860839292
2.082650192858073 1.899745190752831
2.081401529420714 1.894453354724495
2.080208359483748 1.889161339378066
2.079071449374779 1.883868930043461
2.077991598421317 1.878575938428436
2.0769696385971153 1.8732822051251692
2.0760064340020428 1.8679876021889128
2.0751028801630587 1.862692035779845
2.0742599031439615 1.8573954488577897
2.0734784584518837 1.8520978239179189
2.072759529728914 1.846799185753959
2.072104127217872 1.8414996042337668
2.071513285992051 1.8361991970704747
2.070988063939778 1.8308981325707265
2.070529539495885 1.825596632339867
2.070138809113639 1.82029497392233
2.0698169844724217 1.8149934933539307
2.0695651894183866 1.80969258760132
2.069384556637519 1.8043927168625675
2.0692762240629947 1.7990944067017094
2.0692413310213684 1.793798249989176
2.0692810141250546 1.788504908619364
2.06939640292162 1.7832151149762234
2.0695886153136893 1.7779296731176997
2.0698587527666623 1.7726494596501694
2.0702078953249257 1.7673754242647288
2.0706370964608154 1.762108589908322
2.0711473777841225 1.7568500525642854
2.0717397236434394 1.7516009806189385
2.0724150756540154 1.7463626137933765
2.0731743271899914 1.7411362616226373
2.0740183178818015 1.7359233014678994
2.0749478281621556 1.7307251760512985
2.0759635739062112 1.7255433905073227
2.0770662012132957 1.7203795089494884
2.078256281378751 1.7152351505560803
2.0795343061050775 1.71011198518409
2.0809006830015626 1.7050117285260342
2.082355731420834 1.6999361368299821
2.0838996786793893 1.6948870012088089
2.085532656706989 1.689866141570286
2.087254699166913 1.6848754002050303
2.0890657390854943 1.6799166350744825
2.0909656070250384 1.6749917128458087
2.0929540298293223 1.6701025017248878
2.0950306299653367 1.6652508641422066
2.0971949254789486 1.6604386493494834
2.0994463305757183 1.655667685987094
2.101784156831386 1.65093977468382
2.1042076150296194 1.6462566807510337
2.10671581761762 1.6416201270331572
2.109307781763233 1.637031786975059
2.111982432990431 1.6324932779650183
2.1147386093635765 1.6280061550089882
2.1175750661847896 1.6235719047882167
2.120490481163201 1.6191919401478554
2.1234834600099552 1.6148675950591287
2.1265525424085787 1.6106001200920077
2.1296962083068665 1.6063906784292712
2.1329128844737837 1.6022403424464164
2.136200951263066 1.5981500908752737
2.139558749524237 1.594120806562447
2.1429845876016542 1.5901532748270104
2.1464767483629075 1.586248182415335
2.1500334961993763 1.5824061170445967
2.153653083943998 1.5786275675205566
2.157333759654137 1.5749129244096574
2.1610737732109575 1.5712624812404496
2.164871382690609 1.5676764362048887
2.168724860466917 1.5641548943261847
2.17263249900993 1.5606978700566625
2.176592616349554 1.557305290266529
2.1806035611784966 1.5539769975825222
2.1846637175737906 1.550712754034166
2.188771509321131 1.5475122449646908
2.192925403831136 1.5443750831636363
2.1971239156412854 1.5413008131786312
2.2013656095017233 1.5382889157648254
2.2056491030472043 1.5353388124318759
2.2099730690612645 1.5324498700501898
2.214336237342087 1.5296214054802617
2.218737396182573 1.5268526901913284
2.2231753934797482 1.5241429548381675
2.227649137490878 1.5214913937676107
2.2321575972554943 1.518897169429176
2.2366998027039995 1.516359416667117
2.241274844474599 1.5138772468740622
2.245881873461076 1.5114497519892593
2.2505201001143367 1.5090760083272121
2.2551887935207895 1.5067550802251497
2.2598872802805237 1.5044860235002946
2.264614943207854 1.502267888710284
2.2693712198762706 1.5000997242122953
2.274155601029076 1.4979805790184757
2.278967628876127 1.4959095054471188
2.283806895296094 1.493885561570701
2.2886730399625645 1.4919078134633754
2.2935657484111664 1.489975337251813
2.2984847500636896 1.4880872209744096
2.303429816223949 1.486242566254828
2.3084007580589194 1.4844404897966386
2.3133974245774276 1.4826801247064603
2.3184197006174974 1.4809606216535127
2.323467504852278 1.4792811498738583
2.3285407878233353 1.4776408980278763
2.3336395300090276 1.476039074919658
2.338763739934653 1.474474910087074
2.343913452330087 1.4729476542712425
2.3490887263397267 1.471456579774025
2.354289643788718 1.4700009807120284
2.3595163075086636 1.4685801731753707
2.3647688397252984 1.467193495299226
2.370047380509963 1.4658403072558701
2.375352086296128 1.4645199911746274
2.380683128461682 1.463231950996792
2.3860406919772283 1.4619756122722365
2.391424974120216 1.4607504219040612
2.396836183254363 1.459555847847268
2.402274537673508 1.458391378767076
2.4077402645087465 1.4572565236621264
2.4132335986974818 1.4561508114574737
2.4187547820128197 1.4550737905718871
2.42430406215156 1.4540250284636682
2.4298816918789328 1.4530041111588394
2.435487928228093 1.4520106427652522
2.44112303175234 1.4510442449758525
2.4467872658279513 1.4501045565640562
2.4524808960054894 1.4491912328739116
2.4582041894074376 1.4483039453074624
2.463957414170004 1.4474423808114913
2.469740838926949 1.4466062413655834
2.4755547323333276 1.445795243473244
2.481399362627053 1.4450091176576056
2.48727499722625 1.44424760796307
2.4931819023604023 1.4435104714640659
2.499120342733367 1.4427974777819406
2.505090581216372 1.4421084086108675
2.511092878569198 1.4414430572535055
2.517127493187792 1.440801228167038
2.5231946808766472 1.440182736520104
2.5292946946443373 1.4395874077610278
2.535427784520675 1.4390150771976724
2.541594197394024 1.4384655895891563
2.5477941768673817 1.437938798749593
2.554027963131891 1.4374345671639595
2.560295792856538 1.4369527656161294
2.5665978990928298 1.4364932728290591
2.572934511193339 1.436055975117073
2.5793058547430348 1.4356407660501418
2.585712151502411 1.435247546130028
2.592153619361452 1.4348762224781262
2.5986304723035576 1.4345267085348128
2.605142920378584 1.4341989237700872
2.611691169684222 1.433892793405272
2.6182754223549756 1.4336082481455272
2.6248958765580532 1.4333452239229092
2.6315527264955314 1.4331036616497106
2.6382461624121927 1.4328835069817956
2.6449763706084752 1.432684710091644
2.651743533458014 1.432507225450821
2.6585478294292955 1.4323510116215705
2.665389433110967 1.4322160310572465
2.672268515240391 1.4321022499112857
2.6791852427350538 1.432009637854431
2.6861397787264707 1.4319381678999181
2.6931322825962587 1.4318878162363382
2.7001629100140687 1.4318585620678963
2.7072318129770965 1.4318503874617883
2.7143391398509147 1.4318632772024262
2.721485035411384 1.431897218652247
2.728669640887429 1.431952201618842
2.7358930940044712 1.4320282182281596
2.743155529028344 1.4321252628035297
2.750457076809517 1.4322433317502736
2.757797864827475 1.4323824234456672
2.76517801723512 1.4325425381340287
2.7725976549030626 1.432723677826716
2.7800568954636917 1.4329258462068226
2.7875558533549225 1.4331490485383618
2.795094639863523 1.4333932915797518
2.8026733631679415 1.4336585835014033
2.810292128380562 1.4339449338072279
2.8179510375893138 1.4342523532598936
2.8256501898985853 1.434580853809654
2.833389681469383 1.4349304485265888
2.8411696055587 1.4353011515360972
2.848990052558041 1.4356929779574954
2.8568511100310867 1.436105943845569
2.864752862750454 1.436540066134945
2.872695392733535 1.4369953625871463
2.8806787792773987 1.4374718517402036
2.888703098992731 1.4379695528606984
2.896768425836806 1.438488485898122
2.9048748311454777 1.439028671441436
2.9130223836641855 1.4395901306777288
2.9212111495779762 1.4401728853528601
2.9294411925405273 1.4407769577340008
2.9377125737021905 1.4414023705739671
2.946025351737045 1.4420491470772645
2.9543795828689707 1.4427173108677502
2.9627753208967516 1.443406885957836
2.971212617218208 1.4441178967191486
2.9796915208533776 1.444850367854574
2.9882120784667507 1.4456043243716155
2.996774334388569 1.4463797915569916
3.0053783306352075 1.4471767949524172
3.014024106928644 1.447995360331494
3.0227117007150417 1.4488355136776605
3.0314411471824467 1.44969728116314
3.040212479277628 1.4505806891288313
3.0490257277220665 1.451485764065094
3.0578809210271127 1.4524125325933768
3.0667780855083326 1.4533610214486405
3.075717245299052 1.4543312574625349
3.0846984223631226 1.455323267547282
3.0937216365069213 1.4563370786802299
3.1027869053906048 1.4573727178890332
3.1118942445386346 1.4584302122374286
3.121043667349588 1.4595095888115646
3.1302351851052745 1.4606108747068582
3.139468806979177 1.4617340970153416
3.1487445400442287 1.4628792828134698
3.158062389279948 1.4640464591503628
3.1674223575789497 1.4652356530364516
3.1768244457528407 1.4664468914325035
3.1862686525375308 1.4676802012390013
3.1957549745979583 1.468935609285854
3.2052834065322635 1.470213142322414
3.2148539408754147 1.4715128270077813
3.224466568102307 1.4728346899013744
3.2341212766303515 1.4741787574537475
3.2438180528215654 1.4755450559976362
3.253556880984184 1.4769336117392147
3.263337743373806 1.4783444507495453
3.273160620194089 1.4797775989562103
3.28302548959701 1.4812330821351025
3.2929323276827036 1.4827109259023694
3.3028811084988936 1.4842111557064908
3.3128718040399345 1.4857337968204796
3.3229043842454686 1.4872788743341943
3.3329788169987267 1.4888464131467496
3.3430950681244678 1.4904364379590163
3.3532531013865867 1.4920489732661981
3.3634528784853943 1.4936840433504783
3.3736943590545843 1.4953416722737218
3.3839775006579007 1.4970218838702312
3.3943022587855176 1.4987247017395409
3.4046685868501423 1.5004501492392468
3.4150764361828565 1.5021982494778614
3.425525756028703 1.503969025307688
3.436016493542033 1.505762499317707
3.4465485937816256 1.5075786938264693
3.457121999705585 1.5094176308749876
3.467736652166036 1.511279332219624
3.478392489903619 1.5131638193249666
3.4890894495417997 1.5150711133566888
3.499827465581005 1.5170012351743882
3.5106064703925925 1.5189542053244036
3.5214263942126633 1.5209300440325975
3.5322871651357324 1.5229287711971093
3.54318870910826 1.5249504063810717
3.554130949922062 1.5269949688052842
3.565113809207596 1.5290624773408463
3.576137206427147 1.5311529505017425
3.5872010588679117 1.533266406437379
3.5983052816349916 1.5354028629250691
3.6094497876443103 1.5375623373624623
3.6206344876154537 1.5397448467599204
3.6318592900644515 1.5419504077328325
3.6431241012965 1.5441790364938723
3.65442882539864 1.546430748845191
3.6657733642323986 1.5487055601705484
3.6771576174263947 1.551003485427379
3.6885814823689294 1.553324539138792
3.7000448542005553 1.5556687353855025
3.7115476258066438 1.5580360877976982
3.7230896878099498 1.560426609546832
3.7346709285631885 1.5628403133373496
3.746291234141623 1.5652772113983429
3.7579504883356796 1.5677373154751342
3.7696485726435918 1.5702206368207894
3.7813853662640793 1.5727271861875578
3.7931607460890753 1.575256973818241
3.804974586696503 1.5778100094374896
3.816826760343111 1.580386302243028
3.828717136957374 1.582985860896806
3.840645584132464 1.5856086935160802
3.852611967119302 1.588254807664423
3.864616148819693 1.5909242103426593
3.8766579897795532 1.593616907979734
3.888737348182234 1.596332906423508
3.9008540798419524 1.599072210931484
3.9130080381973285 1.6018348261614648
3.9251990743050422 1.6046207561621404
3.9374270368336126 1.6074300043636092
3.9496917720573026 1.6102625735678318
3.961993123850163 1.6131184659390185
3.9743309336802155 1.6159976829939517
3.9867050406037783 1.618900225592245
3.9991152812599506 1.6218260939265368
4.011561489865251 1.6247752875126258
4.0240434982084174 1.627747805179543
4.036561135645384 1.630743645059565
4.049114229094422 1.6337628045781696
4.061702603031473 1.6368052804439344
4.074326079485655 1.63987106863838
4.08698447803497 1.6429601644057594
4.099677615802204 1.6460725622427963
4.112405307451026 1.6492082558883696
4.1251673651823015 1.6523672383131522
4.137963598730604 1.6555495017092012
4.150793815360961 1.6587550374795004
4.1636578198658105 1.6619838362274622
4.176555414562187 1.6652358877463853
4.189486399289137 1.6685111810088717
4.202450571405382 1.671809704156208
4.215447725787208 1.6751314444877066
4.228477654826615 1.6784763884500145
4.241540148429704 1.6818445216263906
4.254634994015338 1.6852358287259508
4.267761976514043 1.688650293572885
4.280920878367189 1.6920878990956498
4.294111479526435 1.6955486273161349
4.307333557453446 1.6990324593388098
4.3205868871198945 1.70253937533985
4.333871241007735 1.7060693545562466
4.347186389109776 1.7096223752749011
4.360532098930537 1.713198414821707
4.373908135487397 1.7167974495506235
4.387314261312057 1.7204194548327387
4.400750236452286 1.724064405045331
4.41421581847399 1.7277322735609262
4.4277107624635885 1.731423032736354
4.441234821030699 1.735136653901809
4.454787744311149 1.7388731073499155
4.468369279970313 1.7426323623248021
4.481979173206761 1.746414387011184
4.495617166756255 1.7502191485234604
4.50928300089607 1.7540466128948293
4.5229764134496495 1.7578967450664182
4.536697139791613 1.7617695088764387
4.550444912853095 1.7656648670493633
4.564219463127436 1.769582781185133
4.578020518676231 1.7735232117483921
4.591847805135721 1.7774861180577568
4.60570104572355 1.7814714582751199
4.619579961245872 1.7854791893949966
4.633484270104839 1.7895092672339077
4.6474136883064325 1.7935616464198127
4.661367929468683 1.797636280381588
4.6753467048302495 1.8017331213385566
4.689349723259381 1.8058521202900728
4.703376691263249 1.8099932270051635
4.717427312997663 1.8141563900122295
4.731501290277169 1.8183415565888117
4.745598322585529 1.8225486727514217
4.759718107086594 1.8267776832454443
4.773860338635561 1.8310285315351118
4.788024709790622 1.835301159793555
4.802210910825009 1.8395955088929323
4.816418629739438 1.8439115183946435
4.83064755227494 1.848249126539628
4.844897361926106 1.8526082702387514
4.8591677399547235 1.8569888850632863
4.8734583654038195 1.861390905235487
4.887768915112113 1.8658142636192634
4.902099063728865 1.8702588917109586
4.916448483729151 1.8747247196302284
4.930816845429529 1.8792116761110333
4.945203817004129 1.8837196884927399
4.959609064501146 1.8882486827113383
4.974032251859763 1.892798583290778
4.9884730409274685 1.8973693133344265
5.002931091477807 1.9019607945166501
5.017406061228538 1.9065729470745283
5.031897605860217 1.9112056897996939
5.046405379035192 1.915858940030312
5.060929032417026 1.9205326136431973
5.075468215690333 1.92522662504607
5.09002257658104 1.9299408871699588
5.104591760877069 1.9346753114617519
5.119175412449443 1.9394298078768983
5.1337731732738074 1.9442042848722643
5.148384683452388 1.9489986493991471
5.1630095812363574 1.9538128068964506
5.177647503048633 1.9586466612840228
5.192298083507099 1.9635001149561635
5.2069609554482446 1.9683730687752998
5.221635749951233 1.9732654220658377
5.236322096362387 1.9781770726081875
5.251019622320105 1.9831079166329715
5.265727953780191 1.9880578488154124
5.28044671504161 1.9930267622699092
5.295175528772671 1.998014548544801
5.309914016037617 2.0030210976173235
5.324661796323647 2.00804629788876
5.3394184875683575 2.0130900361797877
5.354183706187593 2.018152197726028
5.368957067103727 2.023232666173802
5.383738183774347 2.028331323576084
5.398526668221368 2.0334480503886727
5.4133221310605535 2.038582725466571
5.428124181531449 2.043735226060579
5.442932427527736 2.048905427814106
5.457746475627986 2.0540932047602025
5.472565931126841 2.0592984293188143
5.487390398066582 2.0645209722942597
5.50221947926912 2.069760702872938
5.517052776368389 2.0750174886212642
5.531889889843142 2.080291195483839
5.546730419050145 2.0855816877818514
5.561573962257783 2.09088882821172
5.576420116680054 2.0962124778439746
5.591268478510965 2.101552496122372
5.606118642959329 2.106908740863269
5.620970204283939 2.112281068255228
5.635822755829156 2.117669332858877
5.650675890060867 2.1230733876070205
5.665529198602847 2.1284930838049982
5.680382272273493 2.1339282711313006
5.695234701122949 2.1393787976384373
5.710086074470613 2.1448445097540665
5.724935980943023 2.15032525228238
5.739784008512117 2.15582086840575
5.7546297445338706 2.1613311996866402
5.76947277578731 2.166856086069777
5.784312688513895 2.1723953658845896
5.7991490684572655 2.177948875847914
5.813981500903363 2.1835164510669665
5.828809570720909 2.1890979250425864
5.843632862402252 2.1946931296727503
5.858450960104569 2.2003018952563553
5.873263447691428 2.205924050497277
5.888069908774706 2.2115594225087034
5.902869926756863 2.2172078368177375
5.917663084873559 2.2228691173702826
5.932448966236628 2.2285430865362
5.947227153877404 2.234229565114745
5.961997230790374 2.2399283723402816
5.976758779977193 2.2456393258882756
5.991511384491038 2.251362241881567
6.006254627481287 2.2570969348969228
6.020988092238553 2.2628432179718687
6.035711362240045 2.268600902611804
6.050424021195266 2.2743697987973963
6.06512565309204 2.2801497149922576
6.079815842242882 2.2859404581509035
6.094494173331676 2.291741833726992
6.109160231460709 2.2975536456818477
6.123813602198009 2.3033756964932657
6.138453871625022 2.3092077871645995
6.153080626384609 2.3150497172341304
