6.9450453860796095 3.5581980741803623
6.942624348394146 3.5639646749434055
6.939645946758429 3.569525812016129
6.936111088422448 3.5748797914223087
6.932020850138298 3.580024982287952
6.92737647783218 3.584959817338079
6.922179386224892 3.589682793374129
6.916431158400881 3.5941924717318474
6.910133545326028 3.598487478719522
6.903288465314281 3.602566506036416
6.895898003443322 3.6064283111712956
6.887964410919429 3.6100717177809063
6.879490104391741 3.6134956160482994
6.870477665216117 3.616698963020896
6.860929838668836 3.619680782928176
6.850849533110356 3.62244016747891
6.8402398190994 3.624976276137833
6.829103928457636 3.6272883363816804
6.817445253285227 3.6293756439345035
6.805267344927572 3.6312375629822022
6.792573912893526 3.6328735263661978
6.779368823725452 3.6342830357561953
6.765656099821429 3.6354656618019803
6.751439918209998 3.636421044264203
6.736724609277793 3.63714889212411
6.721514655450465 3.637648983672193
6.705814689827291 3.6379211665757216
6.689629494769889 3.6379653579251467
6.6729640004454644 3.6377815442593553
6.655823283325029 3.6373697815697708
6.638212564637065 3.6367301952832967
6.6201372087770824 3.635862980224112
6.6016027216735775 3.634768400554325
6.582614749110868 3.6334467896935063
6.563179075009338 3.6318985502171266
6.5433016196635965 3.630124153733928
6.522988437939098 3.62812414074227
6.502245717427775 3.6258991204654825
6.481079776563234 3.6234497706662974
6.459497062696103 3.62077683744039
6.437504150130101 3.617881134989115
6.4151077381194455 3.6147635453714897
6.392314648828194 3.611425018235513
6.369131825252145 3.6078665705288913
6.34556632910394 3.604089286189267
6.321625338661987 3.600094315814042
6.297316146583898 3.5958828763098922
6.272646157685068 3.5914562505220884
6.247622886683098 3.5868157868437267
6.222253955908742 3.581962898804997
6.196547092984068 3.5768990646426064
6.1705101284685515 3.5716258268494956
6.144150993473809 3.5661447917049793
6.117477717247706 3.560457628785459
6.090498424728572 3.554566070455852
6.063221334070262 3.5484719113418985
6.03565475413883 3.5421770077835
6.007807081981565 3.5356832772692615
5.9796868002691745 3.528992697852402
5.951302474711875 3.5221073075482265
5.922662751450196 3.5150292037133215
5.8937763544212824 3.5077605424066816
5.864652082701498 3.5003035377329548
5.835298807826142 3.492660461168002
5.805725471087092 3.484833640866985
5.775941080809203 3.476825460955187
5.7459547096062815 3.4686383608017874
5.71577549161748 3.4602748342768024
5.685412619724951 3.4517374289914304
5.654875342753605 3.443028745522026
5.624172962653827 3.434151436617936
5.5933148316680175 3.4251082063934497
5.5623103494818045 3.415901809504097
5.531168960360808 3.4065350503075544
5.499900150273828 3.3970107820094113
5.468513444003326 3.387331905794055
5.43701840224408 3.377501369940942
5.40542461869091 3.3675221689265236
5.373741717116342 3.3573973425120998
5.341979348439115 3.3471299748178778
5.310147187784417 3.336723193383519
5.278254931536749 3.3261801682154615
5.24631229438631 3.315504110821304
5.2143290063698124 3.30469827323155
5.182314809906614 3.2937659470090077
5.150279456831087 3.2827104622461487
5.118232705422112 3.271535186550728
5.08618431743061 3.2602435240199803
5.054144055106025 3.2488389142036973
5.022121678222641 3.2373248310565077
4.990126941106665 3.225704781879678
4.958169589664962 3.2139823062527526
4.92625935841636 3.2021609749553663
4.894405967526416 3.1902443888795475
4.86261911984657 3.1782361779328543
4.830908497958547 3.1661399999326663
4.799283761224965 3.1539595394919817
4.767754542846987 3.141698506897044
4.736330446929962 3.1293606369771587
4.705021045557919 3.116949687967022
4.673835875877815 3.10446944036193
4.642784437194434 3.091923695766202
4.6118761880768 3.0793162757351755
4.5811205434770095 3.066651020611123
4.550526871862344 3.0539317883534456
4.520104492361545 3.0411624533635035
4.489862671926117 3.028346905304434
4.459810622507524 3.015489047916323
4.429957498251138 3.002592797827087
4.400312392707803 2.9896620833594327
4.3708843360638445 2.9767008433342497
4.341682292390393 2.963713025870807
4.312715156912839 2.950702587184121
4.283991753301258 2.9376734903798503
4.2555208309826416 2.9246297042470966
4.2273110624757315 2.9115752020494745
4.1993710407492895 2.898513960314815
4.171709276604593 2.8854499576238775
4.144334196082967 2.872387173398436
4.117254137899128 2.859329586689107
4.090477350901127 2.8462811749632935
4.064011991557677 2.833245912893611
4.037866121473609 2.820227771147161
4.012047704934234 2.8072307151760283
3.9865646064793356 2.794258704009368
3.961424588507564 2.7813156890474433
3.9366353089119315 2.7684056128579946
3.9122043187471416 2.7555324079752905
3.8881390599294656 2.742699995702245
3.8644468629698663 2.729912284915946
3.8411349447410483 2.717173170876977
3.8182104062791318 2.7044865340428803
3.795680230620608 2.691856238886134
3.7735512806752354 2.679286132716995
3.7518302971355375 2.6667800445115724
3.730523896423515 2.6543417837454824
3.7096385686752247 2.641975139233446
3.6891806757638195 2.629683877975181
3.669156449361661 2.6174717440079336
3.649571989042089 2.605342457266013
3.630433260421437 2.593299712447659
3.6117460933418437 2.5813471778896044
3.5935161800954267 2.569488494449662
3.57574907369036 2.5577272743976853
3.5584501861593676 2.546067100315236
3.5416247869111688 2.5345115240042944
3.5252780011253675 2.5230640654053453
3.5094148081912673 2.5117282115251727
3.4940400401911074 2.500507415374681
3.4791583804281583 2.489405094917076
3.4647743620001465 2.4784246320267203
3.450892366418426 2.4675693714589797
3.4375166222733293 2.4568426198313804
3.4246512039460955 2.4462476446163812
3.412300030367778 2.4357876731460677
3.400466863825498 2.425465891629078
3.3891553088164135 2.4152854441800518
3.378368810949758 2.4052494318619018
3.368110655897274 2.395360911741202
3.3583839683923618 2.385622895956972
3.3491917112782605 2.376038350803155
3.340536684605535 2.3666101958250527
3.332421524779153 2.3573413029300028
3.32484870375541 2.348234495512572
3.3178205282889497 2.339292547594519
3.3113391392301033 2.330518182979802
3.305406510872764 2.321914074424882
3.3000244503530007 2.313482842824575
3.2951945970985848 2.3052270564137007
3.290918422329605 2.2971492299847767
3.287197228610321 2.2892518241219837
3.2840321494523863 2.281537244451652
3.281424148969574 2.274007840909482
3.2793740215840956 2.2666659070247315
3.277882391784613 2.259513679221585
3.2769497139360126 2.2525533361379164
3.2765762721410017 2.2457869979616545
3.276762180153569 2.239216725784956
3.277507381344333 2.232844520976373
3.278811648717792 2.2266723245712194
3.2806745849814694 2.2207020166803115
3.2830956226669326 2.2149354159172683
3.286074024302649 2.2093742788445447
3.2896088826386287 2.2040202994383646
3.2936991209227795 2.198875108572721
3.298343493228897 2.1939402735225944
3.3035405848361847 2.189217297486545
3.3092888126601947 2.184707619128826
3.315586425735048 2.1804126121411516
3.322431505746794 2.176333584824257
3.329821967617753 2.1724717796893773
3.3377555601416447 2.168828373079767
3.346229866669333 2.165404474812373
3.355242305844956 2.1622011278397766
3.364790132392237 2.1592193079324966
3.374870437950716 2.1564599233817625
3.385480151961671 2.1539238147228392
3.3966160426034353 2.1516117544789917
3.4082747177758437 2.1495244469261685
3.420452626133498 2.1476625278784693
3.433146058167543 2.146026564494474
3.4463511473356174 2.144617055104476
3.460063871239639 2.143434429058691
3.474280052851069 2.1424790465964683
3.4889953617832736 2.1417511987365607
3.5042053156106014 2.1412511071884777
3.519905281233775 2.1409789242849486
3.5360904762911756 2.1409347329355235
3.5527559706156 2.1411185466013145
3.5698966877360343 2.141530309290899
3.5875074064239976 2.1421698955773727
3.605582762283979 2.143037110636557
3.624117249387484 2.144131690306344
3.6431052219501927 2.1454533011671626
3.6625408960517216 2.1470015406435423
3.6824183513974633 2.1487759371267403
3.7027315331219604 2.1507759501183985
3.7234742536332828 2.153000970395185
3.7446401944978223 2.15545032019437
3.766222908364953 2.158123253420277
3.7882158209309553 2.161018955871552
3.81061223294161 2.1641365454891766
3.833405322232861 2.1674750726251535
3.856588145808908 2.171033520331775
3.8801536419571128 2.1748108046713988
3.9040946323990644 2.1788057750466234
3.928403824477153 2.1830172145507727
3.953073813375983 2.1874438403385765
3.9780970843779517 2.1920843040169378
4.003466015152307 2.1969371920556675
4.02917287807698 2.2020010262180576
4.055209842592497 2.207274264011168
4.081568977587239 2.212755299155684
4.108242253813341 2.218442462075204
4.135221546332474 2.2243340204048105
4.162498636990783 2.2304281795187637
4.190065216922215 2.2367230830771616
4.217912889079479 2.2432168135914003
4.2460331707918675 2.249907393008259
4.274417496349167 2.2567927833124344
4.303057219610845 2.2638708871473394
4.331943616639758 2.2711395484539785
4.361067888359542 2.278596553127705
4.3904211632348975 2.2862396296926577
4.419994499973947 2.2940664499936743
4.449778890251835 2.3020746299054715
4.479765261454756 2.310261730058871
4.509944479443557 2.318625256583856
4.540307351336085 2.3271626618692274
4.570844628307431 2.3358713453386315
4.601547008407207 2.344748654242721
4.632405139393017 2.3537918844672068
4.663409621579229 2.3629982813565595
4.694551010700224 2.3723650405531016
4.725819820787203 2.3818893088512443
4.757206527057706 2.3915681850666006
4.788701568816951 2.401398720919713
4.82029535237012 2.4113779219341307
4.851978253944687 2.4215027483485545
4.883740622621914 2.431770116042776
4.915572783276612 2.4421768974771343
4.94746503952428 2.4527199226451915
4.979407676674718 2.4633959800393486
5.011390964691215 2.4742018176291025
5.043405161154413 2.4851341438516443
5.07544051422994 2.4961896286145033
5.107487265638915 2.5073649043099233
5.139535653630416 2.5186565668406704
5.1715759159550005 2.5300611766569534
5.203598292838384 2.5415752598041426
5.23559302995436 2.553195308980972
5.267550381396062 2.564917784607897
5.299460612644665 2.576739115905283
5.331314003534607 2.5886557019811014
5.363100851214454 2.6006639129277946
5.394811473102476 2.612760090927982
5.426436209836059 2.6249405513686663
5.4579654282140355 2.6372015839636034
5.48938952413106 2.649539453883489
5.520698925503104 2.661950402893625
5.551884095183207 2.6744306504987168
5.582935533866588 2.6869763950944443
5.6138437829842225 2.6995838151254707
5.644599427584012 2.712249070249523
5.675193099198678 2.7249683025072002
5.705615478699476 2.737737637497142
5.735857299134905 2.7505531855562113
5.765909348553498 2.7634110429443224
5.7957624728098835 2.776307293033558
5.82540757835322 2.7892380075012118
5.854835634997178 2.802199247526395
5.884037678670628 2.815187064989837
5.9130048141481835 2.828197503676523
5.9417282177597635 2.841226600480794
5.970199140078381 2.854270386613547
5.998408908585291 2.867324888811169
6.026348930311735 2.8803861305458285
6.054010694456431 2.893450133236766
6.081385774978057 2.9065129174622077
6.1084658331618975 2.9195705041715367
6.135242620159899 2.93261891589735
6.16170797950335 2.945654177967033
6.187853849587418 2.958672319713483
6.213672266126794 2.9716693756846153
6.239155364581693 2.984641386851276
6.264295382553465 2.9975844018132003
6.289084662149098 3.0104944780026495
6.313515652313889 3.0233676828853535
6.337580911131566 3.036200095158399
6.361273108091166 3.048987805944698
6.384585026319985 3.0617269199836676
6.407509564781901 3.074413556817764
6.430039740440427 3.0870438519745105
6.4521686903858 3.0996139581436495
6.473889673925498 3.112120046349072
6.495196074637523 3.1245583071151626
6.516081402385813 3.136924951627199
6.536539295297219 3.1492162128854644
6.5565635216993785 3.1614283468527113
6.576147982018951 3.1735576335946325
6.595286710639605 3.1856003784129867
6.613973877719199 3.1975529129710414
6.632203790965617 3.2094115964109844
6.649970897370684 3.221172816462961
6.667269784901678 3.2328329905454103
6.684095184149878 3.244388566856353
6.70044196993568 3.255836025455302
6.716305162869781 3.2671718793354745
6.731679930869942 3.2783926754859665
6.746561590632892 3.2894949959435715
6.760945609060904 3.300475458833928
6.774827604642626 3.311330719401669
6.788203348787724 3.322057471029268
6.801068767114959 3.3326524462442677
6.813419940693278 3.3431124177145812
6.825253107235559 3.3534341992315713
6.836564662244644 3.363614646680598
6.8473511601113 3.373650658998748
6.857609315163786 3.3835391791194485
6.867336002668699 3.3932771949036784
6.876528259782801 3.402861740057496
6.885183286455527 3.412289895035599
6.893298446281912 3.4215587879306484
6.900871267305655 3.4306655953480796
6.907899442772116 3.439607543266133
6.914380831830964 3.4483819078808504
6.9203134601883045 3.4569860164357706
6.925695520708069 3.4654172480360783
6.930525373962486 3.4736730344469526
6.934801548731467 3.4817508608758776
6.938522742450752 3.4896482667386706
6.941687821608689 3.4973628464090027
6.944295822091501 3.504892249951173
6.946345949476981 3.5122341838359237
6.947837579276465 3.5193864116390707
6.948770257125067 3.52634675472274
6.9491436989200785 3.533113092899002
6.948957790907512 3.539683365075701
6.94821258971675 3.546055569884284
6.946908322343291 3.5522277662894384
6.945045386079615 3.5581980741803467
