5.116758986048359 2.884833975029355
5.091235199818786 2.941311687554715
4.94749463856767 2.8621322070832367
4.9418304353113625 2.850991331116811
5.073359352338535 2.8351993892178777
5.034142595607022 2.85629411974783
5.088494707129337 2.830816591083346
5.149574064398342 2.885762924278995
5.175189455557557 2.885310754163293
5.154905640757561 2.915803059711601
5.124514333451482 2.8870451677696205
5.177735566397255 2.869875732693668
5.261029178214953 2.995560311115837
5.057873753146578 2.925759992874885
4.886965140052367 2.8870727990020266
4.769361174807287 2.854273348693493
4.680566236352964 2.718983555169254
4.909696571336885 2.627758995167003
5.262628441001077 2.718064568888447
5.56549213033771 2.8021195561575154
5.960001113693738 3.0147150572854216
6.216805471101719 3.206429465815185
6.331963630483881 3.2935368681404085
6.2963806587111115 3.3477892846000046
6.171488993249864 3.3204549701743677
6.072352710831368 3.270144993807664
6.0129792552536285 3.224560398166958
5.979539439092806 3.1954639465766648
5.923978386486025 3.2075970668271845
5.8626458573296985 3.232320363771476
5.5857018657464605 3.2143090674143067
5.464386908005564 3.1118128819953754
5.365141371127416 3.060874367689223
5.23129053424787 3.0518580028608406
4.9907815192048135 2.9620961926190503
4.756307687615724 2.775123025632672
4.783240444661598 2.770610148550468
4.800623272371411 2.81591029050352
4.753081749682296 2.747328718301171
4.734419271737632 2.7514922741854257
4.872993983363096 2.7366058020172668
4.983942913652966 2.741745277760251
5.125398501950995 2.7630161528448944
5.310398352631954 2.888708026489719
5.2593768227670825 2.939465856510121
5.282684236718061 2.964717522816989
5.409162233580262 2.9155551218545663
5.578355525910901 3.0703099645386422
5.5439474360511465 3.054244804361274
5.5512066059998775 3.071704606846623
5.427649245675018 3.066028250698057
5.476698605362835 2.9591688519774286
5.57960079495872 2.992797775138953
5.694372489947248 3.0195147672868514
5.749916299215519 3.0455265543441117
5.8702004690368375 3.1459980280726842
5.814096464735255 3.1919239045127874
5.625919183631964 3.1573668808730253
5.461757396102701 3.1473386679030697
5.288115502686048 3.0082102753992457
5.1411652492037545 2.960430463311061
5.0659827630204 2.943830201905045
5.060551505176618 2.8839242385437633
5.057609472884316 2.8324510573119364
5.131545814803267 2.818916185987269
5.241487033239238 2.839350056816696
5.508232009515488 2.867062605389324
5.687216082349009 3.0328309442862458
5.748306346733621 3.0581390529183254
5.657106188346547 3.1126569390564045
5.6496121735363305 3.0959085417925305
5.527976487391948 3.0979073178961833
5.450943467218384 3.0363621394902793
5.346696661212685 3.001127588564121
5.384612910332633 2.975570317557109
5.351028612570488 3.044211611503786
5.272747161020082 2.919750020367562
5.263673756672134 2.9702707727631195
5.325562110115011 2.8973764767339043
5.460704857032198 2.9632087854630966
5.4710939974417325 3.050480573461387
5.400260942637206 3.095574692695562
5.238710464141712 3.0372715400066226
5.0611578108043265 2.9623897555360954
4.928959211147648 2.836064062663906
4.964877011309141 2.8529594659548456
4.944751337433667 2.797496260896715
5.0397393915298 2.7781558426264352
5.178078349079197 2.7657239897640107
5.475248280589422 2.868041047424022
5.627336384261309 3.0763161236254337
5.482631947937398 3.1141495278183826
5.417314510743365 3.062300409702825
5.304125870975347 3.0180177379439406
5.164071081194233 2.9999264362654534
4.927547525727673 2.9588261666150633
4.792666087568808 2.855622423237074
4.682555330179647 2.752146200613432
4.8080617329422415 2.769659526369731
4.886537751454656 2.8068650184602584
4.789880648112344 2.807864519813663
4.685525631233753 2.771302381163254
4.7259782545230635 2.6995745685854318
4.783718117880274 2.6821413952248623
4.914480336842047 2.7073277547421295
5.00722946032456 2.81323137280474
5.171536894520389 2.83538475803198
5.269332463026235 2.8876073918103944
5.1994016070030264 2.9364736557678155
5.16843283335053 2.904538195962689
5.1188853988608995 2.9262287175455737
5.085802793528058 2.9068291211688235
4.991762099709888 2.8723218879443446
5.008134359702941 2.876530965167155
5.05150528836821 2.8654455424951486
5.196028075127241 2.875613169979605
5.162751082570714 2.9023619280470583
5.034956953393628 2.8634817185116597
5.028000996110837 2.870577146367402
5.081761416692336 2.881497161409556
5.1171325238664 2.872580017818411
5.091211451870012 2.8517442982717665
5.224196435896935 2.8582582225236344
5.324649138639929 2.8671922427101335
5.39771970572099 3.0149319730126876
5.194945951916504 3.006677099345263
5.0601576083821875 2.9409313247071744
4.801269463927334 2.8621129376257066
4.736786334341292 2.8010754668422
4.691069060118055 2.7878776324147094
4.487578552092989 2.7102145475525363
4.446998448408332 2.605915887468864
4.48936712724097 2.636190127926224
4.555512439014246 2.655931109514768
4.674584716246448 2.58547500643321
4.8734766094545705 2.6282119531322645
5.033682798871711 2.6723826360977125
5.442386558522243 2.6857689841147776
5.948995924259087 2.8858637824785447
6.376646113927914 3.0938090861815435
6.791795029261113 3.2896871233709444
7.097387214823504 3.4001187540842523
7.416038364885616 3.573129451901403
7.612798382647605 3.627690835150798
7.759560898257322 3.7450869762310304
7.75265322110381 3.7814126983607435
7.754703862317728 3.769555351666333
7.600757260703858 3.808512015086077
7.50873939130938 3.753592715923837
7.318680344142483 3.755819188813552
6.996373493159575 3.7395321973182645
6.785201097666356 3.5381957203265446
6.610855768523473 3.475962974637687
6.390693265628522 3.4758858322494985
6.259911048074249 3.4290168818299844
6.006475181487874 3.3662767349642824
5.626425472321705 3.2860201002109144
5.265535033212029 3.1836908289658856
4.798985354918012 3.0177684425020033
4.46058003110324 2.830970833902644
4.1942010092988085 2.6745556674922812
4.12679186520862 2.5623906575155306
4.129877680353002 2.4819718626033995
4.387043328112779 2.4397664106943813
4.8572891103474385 2.451864866891104
5.403831027010764 2.679132052808352
5.948673448968676 2.9188824446524038
6.47109034037584 3.101101564828775
6.951461438374731 3.3268028391537854
7.216478331628995 3.5365516585826593
7.258090169098941 3.6056891425030626
7.2822155548289755 3.646522171287995
7.079614623989909 3.687087174591749
6.904192405813568 3.5800893539569554
6.696910439458592 3.5615957317376696
6.449581413727419 3.4604447061070447
6.267179531164043 3.395753183369339
6.03810023833079 3.376587590012987
5.71611649545821 3.238948511615211
5.444571929586548 3.121301286685117
5.188646723757401 3.0174108479885926
5.0390518592142985 2.9342727131944066
4.994609650088301 2.827019520389007
4.987778002752446 2.8132449924485443
5.100196660482058 2.737521434938493
5.427527077212827 2.902698899526333
5.621726707924902 2.998051322864061
5.614894075625604 3.0735893644576318
5.519554145912831 3.0935745354983144
5.419641519498215 3.062112793780068
5.193919647523535 3.0549355595747794
4.904855219540896 3.0019309392121194
4.6713863368171245 2.8780042469646006
4.457310682451922 2.7039686630477577
4.536598573741641 2.620448941364599
4.624823509108148 2.6290478482574957
4.826103525724472 2.7200979913745615
4.91322728337301 2.769702792133041
5.01388989606935 2.832655325916589
4.984366560250227 2.850346199244682
5.012687004373595 2.8927109434163105
4.985425291495675 2.8490037654761604
4.984730380147565 2.8425117923866763
4.948430400275069 2.8938457657109273
4.89089125486059 2.847442605167002
4.909041200987379 2.809080736551922
5.012690068697062 2.7802394485115385
5.1345589685249085 2.804249123972636
5.409209225626198 2.918996111246464
5.694009372147934 2.9289627068214963
5.979150268211831 3.114085248984303
6.198396893882681 3.1635202502633186
6.162458819149435 3.2755996419162674
6.08307278485063 3.372548731058379
5.773143208967528 3.2604745210224726
5.535704560204149 3.1214187673794673
5.452521308290354 3.1020272603526218
5.223165947654611 3.0556676291057916
5.059116476610872 2.993198902214475
4.861105728998536 2.907683701040826
4.734405134990785 2.8663805778268903
4.559174836344845 2.7736341712433985
4.59185140890783 2.591716885037702
4.853484976642884 2.6306305409812087
5.154803834189428 2.7002112157197784
5.3835089513283965 2.8296705984288084
5.570061885898364 2.905856671476591
5.825693714669955 3.0066846198897683
6.007144750319964 3.1587342742456483
6.022841253467214 3.1464789059537743
6.147143806489342 3.2164735568969585
6.060448859369367 3.2653398170589436
6.044910661803592 3.290474358261175
5.823440051039753 3.2642256492504758
5.628768034914411 3.2511161985043286
5.449003006027839 3.1172429448230567
5.250538101079624 3.1242518095914718
4.978796577743642 3.077314999763301
4.524034459376697 2.9096715210791095
3.9827777196330705 2.7250161989671704
3.7349815484651656 2.4826331409286095
3.7800164706184103 2.3127134055935707
4.039189982942175 2.2565577641546595
4.342411574647993 2.3759305003319646
4.758200293963462 2.459778254747313
5.200045270786923 2.651956483605642
5.601070072419998 2.807125475211029
5.814588420030892 3.0422483548631254
5.9014950931740895 3.1964519510334304
5.793393432475093 3.2297503526631517
5.51185172009489 3.1907626644952454
5.142880516644513 3.0265395722620534
4.968577256501492 2.9302574773136896
4.706747944035402 2.8824054368942598
4.499748246556468 2.820549685760069
4.257175755398366 2.710029081600708
4.178460580450123 2.557108699404706
4.137095981091538 2.5175591789869864
4.143765538574925 2.460797106827504
4.2018617057220755 2.5104664105163437
4.409662180639134 2.47633288050795
4.795780998762521 2.482407990700519
5.286633739065042 2.6482166662939264
5.649105903061195 2.9030555114091277
5.9394823955979685 3.10329539197499
5.941629978410167 3.138831937132853
5.975318333868435 3.189873521883365
6.083052179435753 3.213915340374142
6.045485326727125 3.2773953816200967
5.807207647953011 3.2603598570915
5.611830855192604 3.211647575817604
5.457776392795609 3.077865165920896
5.303066152386724 3.055160704235882
5.231712024424636 2.8976096552928765
5.329212256862927 2.926091560511476
5.313284253622553 2.9720921419507187
5.434129900331586 2.977619053177543
5.487073430356202 2.9627136342911067
5.5505339965228 3.0238307609306365
5.582951878139265 3.0287947728390057
5.719961227357067 3.0520664330782243
5.808521423903606 3.0563573364251293
5.853563425977114 3.0915807337449306
5.967609067117661 3.138427478081652
5.938825110338829 3.191256517550582
5.94437972579943 3.1994221451907863
5.942915498484996 3.1716088130174747
5.915734072956569 3.1786579040967804
5.908686774011892 3.2398701293930463
5.925678356596631 3.203919664252713
5.797441589768294 3.2491338986188554
5.451623946299581 3.211353458610381
5.073004055669949 3.0997603782867884
4.852819850650082 2.9305782451877067
4.761096618915636 2.7219863158998714
5.064268997481645 2.70220288847798
5.377878801745458 2.748379884975285
5.699330368109229 2.944903162512354
5.8812719587326665 3.072615222519032
5.984515882945468 3.1059797865732794
6.018389175789256 3.180668234848375
5.974536696282847 3.2546081905699693
5.761811943170002 3.181269332015092
5.514636761178211 3.2188998146537506
5.179213646232314 3.1199451079368483
4.839907648410576 2.9618516645776873
4.593959790385324 2.7698403138172525
4.55987966985205 2.6551547477000392
4.665563655297668 2.609066579159864
4.84801336096092 2.62232759975959
5.209892819519715 2.7652758843289615
5.444422993867558 2.87929587753954
5.521770937577281 2.9447661802676097
5.560537355035835 2.9715346651945125
5.635223832774362 3.0657551589476495
5.62736864347891 3.0992972588941154
5.42403300360959 3.13561995208078
5.186476250607254 3.1017976041796023
5.008398174699743 2.9475588451259043
4.853516158075544 2.865042312279968
4.703810778018007 2.7953755079874925
4.571834924664278 2.746120213679062
4.587369624971076 2.6899930208260336
4.625434674319156 2.6888638241847436
4.727771109603284 2.7178726613006354
4.719023218882013 2.7304038181292145
4.790326803961094 2.668375368535404
4.990440969317934 2.737764045723488
5.141536530972205 2.7889000676852174
5.289469331369567 2.9151583723171246
5.370626005586277 2.910769001778959
5.637423352732261 2.892185094078364
5.905639228075544 2.9684456899532186
6.13788803045249 3.0960868841571316
6.403215548175173 3.237860212366797
6.447736402798686 3.3481231439182384
6.465611282689848 3.341365421762603
6.469875720765506 3.4003367131381568
6.346369275189247 3.330899560653544
6.169612151657024 3.3635219962495198
5.813574230197944 3.2795450780008037
5.621814501509487 3.2210747740072354
5.339077177909858 3.147006458320266
5.043608329470308 3.046427527399747
4.7504771143489455 2.9003960582351382
4.485515981619923 2.7397488014903044
4.404614078090704 2.6508270511164915
4.414326746563069 2.5873489052600815
4.603628103029212 2.493289257615378
4.825311388858746 2.604034732552541
5.044970220879638 2.7500367578430813
5.046261497036526 2.864516345202506
5.083120573269302 2.8651867128140562
5.135284301944886 2.8377266537583163
5.1738346885110635 2.8248990618308216
5.496865995772199 2.8838746611034494
5.720346835861106 3.024167177388886
5.711556987697877 3.1841890036566345
5.578746882790228 3.187573289918295
5.36601019284458 3.0743840157451605
5.183623733196208 2.9815021555927665
5.011512218716242 2.9593668983580477
4.905260865147623 2.8729840999966143
4.903749087630718 2.832139931009953
4.979955825109404 2.775150536014191
5.123296835225823 2.801244850608912
5.411034038572898 2.8406613275289483
5.623752594031015 3.0100461423995126
5.671773892387671 3.111935667507439
5.669175938441523 3.1084592802024673
5.642111146115169 3.1318115155355333
5.665417073659967 3.1031819733247366
5.563870579381507 3.121284581260286
5.397161496727194 3.095609338513413
5.115545473829276 3.133301398545891
4.720212449054369 2.954984926105207
4.454278039569379 2.8428131053092347
4.166544336259479 2.6707636623238358
4.074961873217953 2.541119281171721
4.162272100546562 2.3555858931134996
4.49867867032917 2.3831237207243756
5.118772793413321 2.5455783058496557
5.97395012323355 2.68856048806077
6.93293663599942 3.1065751195973648
7.594388271121891 3.3982494108067636
8.21698067894186 3.6523612028890025
8.68434510316277 3.890422007398274
9.129788289709845 3.9632607222706002
9.739360074170797 4.051706984244342
10.630704537832695 4.213208474478841
11.889445045184077 4.394271884136143
13.582515173432924 4.527044066859137
16.171593555115194 4.777807982747469
20.20982428193836 4.985254377436217
26.313935366145095 5.275112568878809
34.982942402747774 5.524328983701875
45.649022752147964 5.724648492982386
56.70819234861059 5.907566174254377
65.95764896290137 6.015455542160031
72.65459467244634 5.995004911915888
76.78240618390916 6.0951739285733035
79.14297191705359 6.089023707126135
80.55588861823648 6.032732526904616
81.37907227976476 6.010392497160885
81.85066493749481 6.009705820544863
81.95902799590618 6.085102269878565
81.9494505770464 6.088220722746851
81.99704215001101 6.068217193251206
82.0252001559097 6.09022413340271
82.05346197335076 6.083585297168362
82.05152182528143 6.0445127114181565
82.06540901396829 6.047999495866103
82.07593678506043 6.065082429922355
82.11781926567704 6.053603303846565
82.17961681308238 6.020191760533341
82.16458352960646 6.038515195852419
82.17176715990487 6.071208386138248
82.11811554359288 6.070797505377422
82.10872727746573 6.102209092918592
82.03748961740021 6.0749412000953
81.95981757768756 6.095281886088963
81.96667797966704 6.087189791820995
82.00612530882212 6.036477566584657
82.01846220571828 6.066693184158222
82.1607818394252 5.981765093926391
82.14271604968378 6.075016166688872
82.07450841000927 6.066411456903377
82.06979499687566 6.091342116697346
82.07476883770421 6.1040075780177965
82.01381110910773 6.080119015070756
82.01264352698361 6.0461798377717635
82.09986570969915 6.053789774442174
82.09560062879888 6.072762345037107
82.00790653491684 6.08814949702507
81.98584299506095 6.1042851291273585
81.91249927965549 6.073813627296625
82.04958738334768 6.014448809188514
82.01690618912257 6.080812321768902
81.98898023862631 6.103872809612537
81.95171050991547 6.098704167658742
81.97375452434896 6.073150584970932
81.99599893582524 6.047526351243402
82.08799259463024 6.042368160706531
82.04278583268535 6.1147388520772505
81.98920699398607 6.081640064228874
82.06099174339174 6.065419852885039
81.9966777596063 6.089324718064813
81.99669127333713 6.046246430800942
81.92411345837868 6.097875002364751
82.03362974894372 6.054560805533506
82.00982375170699 6.058765817349273
82.0161014371295 6.108295410312886
81.99931179610499 6.105155692116106
82.08776972014483 6.0993743750918386
81.99862697307093 6.077796840098887
81.87141694516225 6.094660142939183
81.9107309220347 6.093943854725127
82.02037181528844 6.071174947749157
81.9422683759165 6.066151507735016
81.8866910832347 6.11324884824939
81.92400705616932 6.056309201681309
82.13858924567512 6.025199439988325
82.16152234241254 6.049400852835045
82.10219324021743 6.069505295143463
82.10220620901474 6.059151343497731
82.16583875210809 6.028580555292795
82.11028190049304 6.097005563700433
81.90466168932363 6.142760807315326
81.88074973509812 6.092245853898078
81.97160623478247 6.043450741154474
82.16398010045332 6.015679489953054
82.06765395292587 6.094509028415768
81.90554029069489 6.104251620084745
81.94620617009537 6.142750990752121
81.95897908768066 6.0644815995128205
82.09781786737032 6.029731692290943
82.0630784500145 6.05568102195456
82.05911931252098 6.075618454656102
82.08443227982217 6.065164911847107
82.01536008590872 6.079340934664305
82.03085203023188 6.08196160268722
82.07689010904491 6.086255990568886
82.06761764719059 6.053397818061255
82.13139211245107 6.041029635456811
82.1256482479575 6.038907016566028
82.20031693944448 6.053433147183385
82.10019497264231 6.102207049708309
81.9962531026973 6.073446961880183
82.00488970914778 6.083071469129547
81.98939104102357 6.08465519667583
81.98342511551816 6.076180378962477
81.96062215678612 6.06228344896085
82.10279214275903 6.0512316449156085
82.12772789342415 6.071118686374162
82.09966556949108 6.032757791052857
82.11054113510093 6.103384900061479
82.07979502155439 6.113550053320674
82.04429049531076 6.074329346733346
82.08214155669799 6.046068319410573
82.1741361716062 6.036886305253306
82.05779325929502 6.086575574696827
82.06447053349989 6.081890778229873
82.09399079923456 6.05971115468237
82.06911385694593 6.086865981599974
82.11232066581111 6.035806435050014
82.20124801703406 6.061912442619957
82.13665588175473 6.072897782376075
82.09794903680042 6.073567008729126
82.02539265651932 6.095369897285169
82.05510819350214 6.0994175671933455
82.01050967283228 6.090776497264751
81.9159863717384 6.092951317634664
81.99746227647128 6.028307684503246
82.08717210509742 6.042177257156071
82.19222286728447 6.019995979216864
82.0687764778916 6.093498361366847
81.97006527661583 6.091765683736446
82.0283182761132 6.061912821172199
82.01375942051266 6.07477349398969
82.01118739084052 6.0500755168617
82.0695123889063 6.075112540223589
82.01809550683402 6.077877493071815
82.00054050060747 6.061401624652884
82.04124249653246 6.055789292524351
82.0668314893944 6.020904201051507
82.11288276589733 6.091653546170098
82.11988975161388 6.07422308678097
82.00318155556656 6.113970337369772
81.94735500864428 6.099161481196419
81.98671315399346 6.010328262629359
82.05426654297378 6.077638267386764
82.01043319424835 6.137640122802731
81.98815458007577 6.076632523908466
81.98538302250354 6.1103663162494755
81.95092189749718 6.071965767509506
82.07690480522618 6.05585854546271
82.22625804365404 6.043412522616364
82.12592181860018 6.043971328753177
82.16304649422884 6.03023569515883
82.13523184400647 6.1200540404073935
82.00401364843896 6.093045632651749
82.0421359151102 6.107175285798023
82.01866988568464 6.065210145019456
81.97169084108545 6.078299996481168
81.99522302502227 6.065216832719885
82.03422821909238 6.053048477479945
82.08058288643927 6.0431115239575295
82.08771377978458 6.030793092291216
82.0637010392298 6.064273206910248
82.17074049599547 6.078244525804282
82.10665177689096 6.089798175322081
82.03775481569784 6.0762781911405614
82.03662146008242 6.05265656201143
82.01538782952267 6.0653360002255186
82.0112037859318 6.096415659877537
82.04995408766744 6.072630266117129
82.0268409186073 6.096900772355427
81.91278364956098 6.099264363676319
81.98354324516883 6.06109264921263
82.06833954211427 6.0569886325154965
82.08969472524902 6.051259456763291
82.0928613343663 6.04322728180651
82.07048101649781 6.051106034387869
82.00524198671047 6.092705918057457
82.08697724857166 6.027894698234773
82.13285728948652 6.077141132127206
82.08142255843033 6.04139219848837
82.16054668830536 6.015607919363315
82.25657414441734 6.055778537567259
82.24747603046062 6.022671452772196
82.17955543027365 6.068535878535186
82.17908838947635 6.04227630653938
82.09334286567086 5.990302829698882
82.09748850153426 6.0451822134067585
82.11317476250237 6.0563381490024115
82.04267866939819 6.073003636620745
81.99699489525644 6.1132134401974705
82.01349260624171 6.084608861559461
82.01172816681313 6.09667162184572
82.00888156974776 6.088970783637675
81.98198293258957 6.087902964357775
82.04254748308706 6.091363737119663
81.92706189249901 6.0787067893931175
81.98161144955836 6.095394710355232
82.05686590732039 6.085488405069292
82.10863564213524 6.038372135362947
82.14138877188874 6.00962144618106
82.09808285449162 6.069309973821377
82.10852314321424 6.066903180624309
82.07882026575261 6.04508074376826
82.0495150845866 6.046870644648668
82.14850073531623 5.991088446826438
82.18110400538302 6.05046576475847
82.1851329990855 6.077952677339809
82.11128186497908 6.08492186472422
82.1004498497885 6.0658397737039715
82.15990560500632 6.052759617831212
82.13328605913475 6.092874446792166
82.06619834862865 6.041614965170735
82.11299187253584 6.02408927175333
82.19223968810768 6.037673665033334
82.16936331896683 6.068446334602535
82.09224681664739 6.111278888250643
82.06905271760549 6.04742165618893
82.11087034337592 6.0455745750398
82.00439160503862 6.071438945571115
82.04606833612077 6.065051693633746
82.01037852739672 6.124025885255044
81.96936264175817 6.0548766826709475
82.06302658849943 6.051071627546993
82.13043303358931 6.0503265881699155
82.11780656860716 6.069888334782265
82.16121319196121 6.046811603857824
82.18296226049377 6.0567112159530545
82.06130036966805 6.075733576756649
81.96561403251162 6.039172565418971
81.95752218896111 6.057117419498567
81.8800248480516 6.098280872642219
81.89189331668175 6.1172204479573
81.97058113266512 6.097943711827646
82.00059850130614 6.0691684248111555
82.00597246882934 6.089676148388198
82.04631593344857 6.087414743342653
82.07139700575907 6.03349410850358
82.11538940593579 6.080585385558139
82.07097563636944 6.148133789151556
81.94234983774716 6.140560185237523
81.90459320044668 6.142326843289209
81.93056016967142 6.089116830662165
81.952187978568 6.059355529477632
82.10571023167493 6.0244390489749255
82.15566776797749 6.078123453832811
82.12074870993985 6.093655230839084
82.14540723932579 6.057762422588768
82.04139646455343 6.062352831827929
82.04436381337572 6.099974479242583
82.05174369043382 6.068850668533275
82.10960545224151 6.040722844928573
82.15833154233312 6.032134126109145
82.16334402244799 6.01090642888527
82.21462941622862 6.036659707199685
82.13756429997736 6.078061999335001
82.06399848729912 6.103567534943302
81.96701759202585 6.0770093412997825
82.02901566330738 6.075582754723303
81.96709310663383 6.1026917021468225
81.93373405436762 6.080797483936691
82.0286932358913 6.072479710025203
82.02535886561881 6.114249662902096
82.07487711755367 6.061413754075864
82.06706720541567 6.062218799445147
82.01590313461158 6.0853143820039195
82.06618347326474 6.0100863258835835
82.18393900600852 6.064851426660255
82.208506765413 6.045064455438175
82.08131400634805 6.160496921546648
81.93268916818842 6.105729895757177
81.94062884658703 6.049584267451244
82.02209718323763 6.070078770175628
82.01743228641035 6.045092141301765
82.0151472763262 6.102091273823827
82.03670980526944 6.094034788097184
81.99277925936448 6.114052612411728
81.95379013259794 6.054677193778222
82.1060705333115 6.052432806561935
82.07884798825924 6.091076473459035
82.14111327642301 6.048311389688046
81.9917130474138 6.127307845398731
81.94929364268245 6.070027537418547
81.88382863172187 6.128138879832792
81.94865862597595 6.0373667298061715
82.05759985066615 6.059325530743186
82.01888865891314 6.084686227128245
81.99098538617064 6.076762919787298
82.00537738466734 6.066969740546522
82.06158360287161 6.066434762633179
81.97996552329815 6.08213994447706
81.9970264288751 6.0565094721308
82.05766838346864 5.994455158050412
82.10026428087342 6.018065076977862
82.26433739039761 6.020616976359292
82.21890139353553 6.0719958611727884
82.17266400225753 6.013538939995113
82.07382449318683 6.109431407527678
82.05162939164599 6.076737030309849
81.9336307501109 6.075124831262276
81.93692886750101 6.10635879348063
82.00444471912418 6.068915208858374
81.94695703219476 6.148892206250954
82.04262392534001 6.08651470919331
81.97747667569978 6.146633038086028
81.93758287209498 6.0626930920539515
81.9110434105297 6.049051636762405
81.98723250111159 6.060160736473817
82.07605372013029 6.070342412041597
82.1101288964661 6.078062309906675
82.02637674047267 6.1327381298742
81.9211383100707 6.089585903124442
81.90533950752912 6.06778829611141
81.8663906259073 6.062818399992352
81.88579837109211 6.114105608505775
81.92259135684314 6.084091389174319
81.95030945164449 6.051851429131058
81.99934449615776 6.091314867396641
81.94639888685981 6.058033437485254
82.0074628301814 6.034322570173811
82.18431507401482 6.07189520438481
82.17369527125491 6.037455311971772
82.11082473603143 6.047216468552308
82.11088746217193 6.084271912116774
82.05249807237604 6.094876575086283
82.08942288808363 6.070294872369088
82.1345659981561 6.078463599253501
82.14287708347254 6.0323298234688565
82.19172822060735 6.0425671547498006
82.1301373840843 6.042655195089204
82.08828938500078 6.040320695445222
82.06092729185887 6.13287856057613
81.92307776121602 6.090694155510471
82.03337678110482 6.08395265036607
82.03160841804818 6.017685847801822
82.01047987552579 6.10690569127387
81.99253102733445 6.103642040440509
82.00138685225932 6.082094615937453
82.03146918594835 6.023295731885874
82.06565176084563 6.0930601211930995
81.98076468121656 6.078213872318383
82.06355728129536 5.993652915709968
82.1048211209792 6.093253688250161
82.05104840797361 6.054176067580491
82.07585044083199 6.055894042334609
82.08336289903144 6.060328997148941
81.99479987737327 6.078576979261989
82.08532516807121 6.0245827582622935
82.16482299339629 6.022120371093777
82.10733135998328 6.084200263987412
81.99737118839604 6.121072657718795
82.0332851654691 6.094462870157096
81.97670387232677 6.070570489255573
82.06359820213747 6.097323223512977
82.02855682566798 6.0798025138599385
82.01337112137531 6.050306243827988
81.99958012320643 6.0598384327987125
82.03961724526945 6.0569669389102945
82.12606349249523 6.042204830447022
82.09364939397419 6.049577139125256
82.1154554283779 6.071054341113432
82.02870099353571 6.084274806598374
82.06606248554355 6.100654979495281
81.945953769403 6.079922981175059
81.9347891112195 6.1138633712756025
81.95054497039035 6.09888418387252
81.98846256803226 6.096366487237946
81.9449568012985 6.113955984949992
81.95157830025067 6.1044130518916395
81.90213960764899 6.117344436297737
81.86635901705884 6.087610531800869
81.94326802703695 6.107265422357925
81.90728855991571 6.111021231506174
81.9625400528315 6.0748724537405225
82.02576786071076 6.0397095668436895
82.03236936761411 6.062418232249235
82.11850268124641 6.050220700420114
82.0653345317939 6.109064162891726
82.07436917284133 6.071691560663947
82.05982044411311 6.107787234021491
81.99495441338851 6.055608785656651
82.06778430084024 6.105007190064725
82.00143888486842 6.069071633491997
82.08060771929333 6.0519061233161855
82.21191452764529 6.080198462570563
82.19419040470157 6.0500376139161185
82.13258203757837 6.019307341605408
82.12740276314355 6.024103181463086
82.13769659226516 6.067824333161628
82.11938890883832 6.096474651889518
82.00145792657331 6.097235982175854
82.04341424110109 6.0358822214157435
82.03536273921863 6.06994953229478
82.04842579075245 6.105722459377285
81.95258189688474 6.124941379227526
82.00554713526756 6.080698166136359
82.03059738803611 6.083141493063645
81.9200571570977 6.070281860655832
82.00055826961388 6.098125248773077
81.96456018482326 6.065306774664305
82.09851603729405 6.081768945869042
82.13028814581112 6.026814848577451
82.12907068288472 6.059057810991925
82.09511036104163 6.0643503990320236
81.96365376208817 6.095691117231004
82.0127215985739 6.065293231541798
82.04245630946787 6.052270466657789
82.0267995306831 6.055072758238931
81.9495513698627 6.07465368754617
81.96117014411803 6.034124053138963
82.05290816316294 6.056742074511861
82.04342330769921 6.097244077736138
81.9946447348135 6.11498235707844
82.05653366810878 6.038251999921153
82.08745187770252 6.114794369612932
81.94535547592895 6.115114193569774
81.9633470423068 6.068061208210203
82.13806324539553 5.983771722939898
82.24611511612856 6.06738704948256
82.16380485060047 5.992428857113199
82.16193592549226 6.0935885349246846
82.1569491662381 6.0905216736822085
82.14835167561554 6.060837539082009
82.09093400341676 6.0703357215211975
82.04008723488677 6.109086553314551
82.004334706314 6.089353840821371
82.07340957230755 6.075944897525788
82.05048532054252 6.067296878335561
81.95012369119178 6.11159338421056
81.96843160270916 6.085016936712144
82.07053283793661 6.044168766781128
82.1537461283832 6.00037754470953
82.1503125404614 6.045717634307158
82.10675536118822 6.076509087976699
82.0935729010571 6.067071361235215
82.1849944089373 6.07503252552729
82.05778086314936 6.121466929129152
81.96898557023526 6.122751772348669
81.88546291094679 6.063390897102859
81.90735162730347 6.057256078972988
81.95904282048319 6.0853464450995265
81.95561711387808 6.09346200515281
81.94348841279972 6.111309856520331
81.9375746210984 6.041214387058113
82.01950915050226 6.065384285696566
81.97972342274187 6.061578436863718
82.1065286548817 6.037827467092455
82.13807438146078 6.041704361440264
82.08753472908708 6.125157142018705
82.04314396633329 6.113041746634163
82.00395343308806 6.082066282833248
82.06034203223969 6.093607679028358
81.98381641850919 6.071156412648733
82.0206123569368 6.076301991548232
81.95311230174501 6.110102587764939
81.95208274062072 6.0634035601937875
82.07320972910712 6.030107887090915
82.08797985909915 6.075783493496392
82.11159744176352 6.091647272041739
82.08894830886297 6.030680942034642
82.13499098611884 6.041727165349932
82.1619720279816 6.062622802257672
82.12989220853262 6.0547946341801495
82.03128750308699 6.080392574259162
81.97924427150272 6.090631053433828
82.02903226445578 6.105388111102149
81.94899654191308 6.080552977712312
82.08250657118806 6.075015891551985
82.05700956927085 6.110580047435028
81.97754329046865 6.1070485751944155
81.98652147286961 6.0698797632799195
82.11089097423962 6.049430614578189
82.06143153224352 6.062245559410154
82.04955171991547 6.034264792273795
82.11238132557163 6.04258518119637
82.07607839303022 6.029803686355051
82.13189017011646 6.054677223965604
82.19613619918998 6.029803222412888
82.16049167388563 6.087113825746299
82.05663021082471 6.1142817199043265
82.00555679165502 6.115656851065974
82.02928805175287 6.054068563210523
82.03329601313965 6.056890150977563
82.04589232036128 6.073277234133554
82.11271317792927 6.068954527919252
82.16054059584067 6.051932205790309
82.15087195055322 6.068653154806466
82.1108132363186 6.073186208105829
82.2005785974072 6.018120009457503
82.17276446705088 6.086221330883991
82.13749637908363 6.01489570916669
82.21124250982406 6.040990965348785
82.11537456328206 6.051834072005635
82.08947566507709 6.066169040016506
82.04563613420635 6.105412086471973
82.01625490528092 6.054669559740603
82.04543652626586 6.048052313900979
82.0415909118935 6.078548194542688
81.96235835721724 6.113501377371424
81.98456411412265 6.128439893391099
81.96460401808739 6.048905290476955
82.09180706387971 6.053048154648054
82.13185745678398 6.057850684904215
82.14699313485274 6.072678270562959
82.01107177437139 6.104154915496397
81.90911217148816 6.0969661651320655
81.97065708477159 6.0624538168947275
82.08565166138202 6.070809919609413
82.05644819409585 6.059007875115325
82.01766987134945 6.11946446615157
81.94517102152487 6.125819506723547
81.86672193331769 6.086965751255676
81.91788033803068 6.064652886891172
82.00062533222994 6.073197083787263
82.05147629032689 6.039065705872546
82.08409819073411 6.042606285429153
82.15072148016802 6.051480615844533
82.13394246994804 6.006907039213299
82.09754658933302 6.091199380219645
82.10294836306227 6.061208340048874
82.11459708206614 6.072547294167617
82.0625988913057 6.16007365661458
82.03034524592843 6.053777318516255
82.01234939577645 6.046475431162772
82.07262825827901 6.065336005371748
82.05073074670888 6.022132203295202
82.19185285378079 6.052604686512965
82.12184444882013 6.0656599038946855
82.14455408420038 6.033023921453378
82.11027395843199 6.030686359849101
82.07540823309982 6.049861885290321
82.10155912296061 6.0585536831026765
82.13109300711784 6.051670541266628
82.12804681287419 6.102327342514668
82.02747168016033 6.077812881493755
82.12661164879755 6.0131477817779775
82.19001313500216 6.031481488385305
82.05470910408123 6.040798831268783
82.11968359150328 6.097146599457216
82.11194348331028 6.033165594041275
82.12485072250124 6.078656960648013
82.11322822538318 6.054787069477397
82.17078519639476 6.073717462147627
82.19820141225149 6.0683205182906645
82.1455620354856 6.094666934799857
82.1485060941881 6.044837326332176
82.11599422370237 6.077740887300007
82.00811138302916 6.111029519285705
82.00785559264598 6.091004476997747
82.02799298529237 6.089375316484671
81.96013637209037 6.1026501186564035
82.00683656659189 6.076590728871546
82.06552248841062 6.100579881776213
81.98800852303934 6.1166696789910935
81.99409004874424 6.113092391560267
81.98239169952865 6.086806004942361
82.12735944267325 6.049702787383219
82.04017821625868 6.083905434505144
82.05414367499941 6.040966504844653
82.1128144611606 6.070263953596719
82.18380890166243 6.051378677360436
82.14368380768232 6.00823253098746
82.18033901570787 6.0897168834396975
82.05671623891256 6.073516560778724
82.07758117087337 6.077717809871986
82.08858558623176 6.073027184843145
82.02109805227987 6.061576625656981
82.04478941066276 6.0594125191901265
82.13715914310721 6.073693511233042
82.09681040495671 6.055282803739789
82.12797460454192 6.062263312725624
82.15886294169731 6.049957767992478
82.12434841856272 6.016129371165471
82.04846404196893 6.1235421978745235
81.99063010371468 6.087789245748556
81.9952993182356 6.050983682029675
82.06057532564441 6.055425666280799
82.04954501350967 6.082666330114869
81.94412178166192 6.08976163299628
81.96869789291382 6.044819994735756
82.0838525332681 6.0227286178702935
82.18330582631023 6.022323022219577
82.13854460344804 6.078380376882468
82.03625149349813 6.067735207758944
82.12744960307474 6.0765254761175385
82.09336755752669 6.078413914024456
82.07772198243556 6.10817582777823
82.01710168008573 6.0729067156212615
82.0175999760702 6.0776991096369235
82.01361109678967 6.083942265325893
81.9852540086668 6.07524900541131
81.97963988467568 6.078972470407766
81.99031698841085 6.045372159072396
82.08762171563549 6.017285992670505
82.08277512200515 6.062666824340094
82.1426324685793 6.026444185398345
82.0919281130985 6.036290005499323
82.14161351814631 6.0702204533583854
82.02770546856567 6.0434952394989585
82.05847571264327 6.033239601080261
81.99759061745449 6.097295174075148
81.98067802802375 6.137797988743692
81.88787303792324 6.101725732119721
81.90377226619376 6.074392431829348
81.98649394392022 6.090545814107133
82.04913970145849 6.087534721865932
82.04955934479204 6.046441650709578
82.02993568821354 6.089488118117344
82.03649610499549 6.021840020145102
82.06073609111002 6.080513426208825
82.05054755906667 6.057777479731018
82.08300166193415 6.0527880583296065
82.17045229850886 6.056737967074174
82.0613459815284 6.0422388843069355
