8.75028674393016 4.106441757728763
8.750306511592713 4.106451457237688
8.750326965534164 4.106461690075695
8.75034816844312 4.106472493831767
8.750370186534829 4.106483908449391
8.750393089797022 4.106495976382356
8.750416952251248 4.106508742760611
8.750441852230725 4.106522255566842
8.750467872675804 4.106536565824474
8.750495101448198 4.106551727797832
8.75052363166523 4.10656779920528
8.750553562055394 4.10658484144616
8.750584997336656 4.106602919842462
8.750618048618982 4.106622103896171
8.750652833832676 4.10664246756332
8.75068947818425 4.106664089545854
8.750728114641607 4.10668705360246
8.750768884450476 4.106711448879617
8.750811937684166 4.106737370264178
8.750857433828793 4.106764918758915
8.750905542406349 4.106794201882516
8.750956443638064 4.10682533409565
8.751010329150736 4.1068584372548145
8.751067402728829 4.106893641095775
8.751127881115362 4.106931083748573
8.751191994864792 4.106970912286146
8.7512599892513 4.107013283308797
8.751332125236148 4.107058363566872
8.751408680497958 4.107106330624156
8.751489950530091 4.107157373564691
8.751576249809526 4.107211693745874
8.751667913041958 4.1072695056009
8.751765296488136 4.1073310374938306
8.751868779376819 4.1073965326307516
8.751978765410051 4.1074662500307735
8.75209568436688 4.107540465560831
8.75221999381202 4.107619473038541
8.752352180916416 4.1077035854076565
8.752492764397143 4.107793135990954
8.75264229658454 4.1078884798257524
8.75280136562506 4.107989995087588
8.752970597828874 4.108098084607969
8.753150660171853 4.108213177492539
8.753342262962278 4.108335730846431
8.753546162683262 4.108466231614033
8.753763165022676 4.108605198540945
8.753994128103162 4.108753184266412
8.75423996592571 4.108910777555113
8.754501652041156 4.10907860567785
8.754780223465053 4.10925733695132
8.755076784852347 4.109447683447905
8.755392512949546 4.109650403887227
8.755728661343241 4.10986630672203
8.756086565525218 4.110096253431907
8.756467648295867 4.110341162039367
8.756873425529097 4.110602010863829
8.7573055123237 4.110879842530289
8.757765629567896 4.111175768250659
8.758255610945744 4.11149097239718
8.758777410416238 4.111826717388761
8.759333110198185 4.112184348912722
8.75992492929642 4.112565301506204
8.760555232607633 4.11297110452336
8.761226540646955 4.113403388516576
8.761941539939608 4.113863892062219
8.762703094125367 4.114354469063874
8.763514255827282 4.114877096568762
8.764378279340164 4.115433883135982
8.765298634198764 4.116027077798456
8.766279019690359 4.116659079664037
8.767323380381727 4.1173324482051346
8.768435922736236 4.1180499142904985
8.769621132903021 4.118814392017575
8.770883795767139 4.119628991409022
8.77222901535711 4.12049703204275
8.773662236714548 4.121422057691244
8.775189269339682 4.122407852052933
8.77681631233662 4.123458455666237
8.778549981393262 4.1245781841055615
8.780397337742954 4.125771647568209
8.782365919268551 4.127043771971895
8.784463773924418 4.128399821694578
8.786699495668572 4.129845424101707
8.789082263115526 4.1313865960209935
8.791621881140948 4.133029772341632
8.794328825692011 4.134781836933775
8.79721429208288 4.136650156105292
8.800290247083188 4.138642614836777
8.803569485139295 4.140767656062764
8.807065689103895 4.143034323297619
8.81079349588969 4.145452306939164
8.81476856750814 4.148031994622316
8.819007668005252 4.150784526039597
8.823528746864005 4.153721852696203
8.828351029508225 4.156856803125255
8.833495115616607 4.160203154155159
8.838983086039606 4.163775708896996
8.844838619207497 4.167590382207044
8.851087118026943 4.171664294479964
8.857755848388084 4.176015874743945
8.864874090546888 4.180664974162971
8.872473304811411 4.185632991206426
8.880587313149213 4.1909430099264515
8.889252498550595 4.196619952993191
8.898508024233749 4.202690751382983
8.908396075069218 4.209184532901223
8.918962123939496 4.2161328320581175
8.930255226143847 4.223569824211664
8.942328345418924 4.231532587359912
8.955238715685018 4.240061395518445
8.969048243261494 4.249200048277139
8.983823955041327 4.258996241914812
8.999638498997218 4.269501988388851
9.016570704438003 4.280774089643598
9.034706210679296 4.2928746760391325
9.05413817427907 4.30587181934469
9.074968066770998 4.3198402327366185
9.097306576972585 4.334862072675337
9.121274634535563 4.351027860519492
9.147004574548825 4.368437545409283
9.174641466833984 4.3872017344967755
9.20434463826261 4.4074431222551125
9.236289422192932 4.4292981576693755
9.270669176257805 4.452918997005117
9.307697618605724 4.478475801103634
9.347611543788487 4.506159450482691
9.390673993442686 4.536184769891656
9.437177974578544 4.5687943776879
9.487450840807323 4.604263306254721
9.54185948074647 4.642904580137977
9.600816495235824 4.685075992080369
9.664787593763156 4.731188388526764
9.734300504641503 4.781715872368416
9.809955778636652 4.837208461646488
9.892439979916679 4.898307923188066
9.982541912909221 4.965767751228645
10.081172745713863 5.0404786153266485
10.189391184999566 5.123501108667294
10.308435271209847 5.21610836385176
10.43976295356535 5.3198421897776935
10.58510446082446 5.436588016120589
10.746530747527109 5.568676434669304
10.926544196420682 5.719023046705907
11.128200678838125 5.891324614477837
11.35527667122984 6.090339878100135
11.612502553935638 6.3223009981321105
11.905895588510154 6.59553250499907
12.243247389708326 6.921411115448405
12.634858931666413 7.315907663684352
13.09468788028853 7.802169540503194
13.642215248252178 8.415066979139684
14.305639180022455 9.209699113602529
15.127692946998634 10.278568184261836
16.17713103864102 11.789837641096444
17.573977375157735 14.084633554652163
19.554135123987738 17.97636524658848
22.678563523455416 25.997153647920015
28.87312010182593 51.77721087091791
58.33783694050569 696.8955951990961
