8.75028674393016 4.106241757728763
8.750266976325042 4.106232058738785
8.750246522569467 4.106221826552172
8.750225319997908 4.106211023604282
8.750203302422241 4.106199609979698
8.750180399886487 4.106187543256964
8.750156538406133 4.106174778343331
8.75013163969103 4.106161267298874
8.75010562085079 4.106146959149273
8.750078394081529 4.106131799686543
8.750049866332734 4.10611573125692
8.750019938952976 4.106098692535064
8.749988507313041 4.1060806182837135
8.749955460405056 4.106061439097827
8.749920680416006 4.1060410811322265
8.749884042274006 4.106019465811664
8.749845413165529 4.105996509522178
8.749804652021718 4.105972123282542
8.749761608971767 4.105946212394499
8.74971612476124 4.105918676070439
8.749668030133057 4.105889407037045
8.749617145168703 4.1058582911133765
8.74956327858713 4.105825206761726
8.749506226998585 4.105790024609518
8.749445774110447 4.105752606940377
8.749381689881995 4.105712807152393
8.749313729624808 4.1056704691814705
8.74924163304528 4.1056254268875305
8.74916512322553 4.105577503401193
8.749083905538756 4.1055265104283984
8.748997666494782 4.105472247510294
8.748906072511375 4.105414501235523
8.748808768606498 4.10535304440189
8.748705377006505 4.105287635124175
8.748595495664835 4.105218015884678
8.74847869668552 4.105143912522862
8.748354524645423 4.105065033160231
8.748222494808736 4.104981067056354
8.748082091226884 4.1048916833916875
8.747932764716552 4.104796529972581
8.747773930708084 4.104695231853578
8.747604966956047 4.1045873898718295
8.747425211103236 4.104472579088114
8.747233958088856 4.104350347128637
8.747030457391066 4.104220212421441
8.746813910093461 4.104081662320881
8.746583465764443 4.103934151113244
8.746338219137757 4.103777097896192
8.746077206581784 4.10360988432426
8.745799402344435 4.103431852212247
8.745503714559687 4.103242300987808
8.745188981001037 4.103040484984126
8.744853964566229 4.102825610563
8.744497348476747 4.102596833058177
8.744117731174601 4.1023532535281815
8.74371362089794 4.102093915307357
8.743283429915992 4.101817800343207
8.74282546840273 4.101523825307536
8.742337937927562 4.101210837468243
8.741818924540127 4.1008776103079825
8.741266391425059 4.100522838875236
8.740678171101358 4.100145134852662
8.740051957139604 4.09974302132691
8.739385295368978 4.099314927243374
8.738675574544605 4.098859181528686
8.73792001644433 4.098374006863046
8.737115665362554 4.097857513083791
8.736259376967292 4.097307690200971
8.735347806485109 4.09672240100502
8.734377396177065 4.096099373246035
8.7333443620673 4.095436191363602
8.732244679884415 4.094730287745632
8.731074070174307 4.093978933494225
8.729827982541734 4.093179228676278
8.728501578976529 4.092328092036346
8.727089716219123 4.091422250149189
8.725586927118924 4.090458225989553
8.72398740093811 4.089432326897016
8.722284962552605 4.088340631914286
8.720473050501454 4.087178978478129
8.718544693835563 4.085942948443223
8.71649248771679 4.084627853420739
8.714308567718877 4.083228719415356
8.71198458278261 4.081740270746799
8.709511666779102 4.080156913244955
8.706880408637193 4.078472716711186
8.704080820993832 4.076681396642762
8.701102307329982 4.074776295222417
8.697933627559324 4.072750361581052
8.694562862042764 4.070596131348623
8.690977374008858 4.068305705516407
8.687163770368743 4.065870728643298
8.683107860924252 4.0632823664495845
8.678794615979857 4.060531282854078
8.674208122383009 4.057607616524569
8.669331538033715 4.05450095702755
8.664147044922933 4.051200320681197
8.658635800780932 4.047694126235842
8.65277788944142 4.043970170528802
8.646552270055258 4.040015604285662
8.6399367253193 4.035816908268057
8.632907808921676 4.03135986999881
8.625440792444858 4.026629561329158
8.617509612012668 4.021610317149775
8.609086815017049 4.01628571558746
8.600143507315423 4.010638560072767
8.590649301349998 4.004650863710365
8.580572265706584 3.998303836433561
8.569878876702637 3.9915778754767723
8.558533972672352 3.984452559754676
8.546500711700581 3.976906648793626
8.533740533647157 3.9689180869191962
8.520213127398309 3.9604640134624964
8.505876404381915 3.9515207798061525
8.490686479487485 3.9420639741473122
8.474597660638963 3.932068454908095
8.457562448377423 3.921508393771744
8.439531546919621 3.9103573293631704
8.42045388826528 3.8985882326230765
8.400276671028069 3.886173584942597
8.378945415759736 3.873085470127207
8.35640403861998 3.859295681241028
8.332594945312394 3.844775843341841
8.30745914725456 3.8294975530491664
8.280936401972827 3.8134325357884946
8.252965379703932 3.796552821420158
8.223483858140144 3.7788309387873587
8.192428947165729 3.7602401295009535
8.159737345293497 3.7407545810156346
8.125345629314415 3.720349678740922
8.08919057841431 3.699002276569749
8.051209533683679 3.6766909847977036
8.011340793544498 3.6533964739492504
7.969524045137983 3.629101792527713
7.925700831157279 3.6037926961699926
7.879815050969333 3.577457985124263
7.831813494153124 3.550089846391319
7.781646403793035 3.521684196292964
7.729268066015538 3.4922410186717983
7.674637421357737 3.4617646934066495
7.61771869262485 3.430264309469567
7.5584820229518375 3.3977539563782555
7.4969041168574675 3.36425298763726
7.432968876196359 3.329786249636955
7.366668022108205 3.294384269514602
7.298001693367905 3.2580833956965134
7.226979010991359 3.2209258852501508
7.153618598584364 3.1829599327892226
7.077949047769682 3.14423963649541
7.000009318119371 3.104824897840625
6.91984906137975 3.064781252797634
6.83752886042127 3.0241796336887745
6.7531203742824335 2.9830960623072915
6.66670638190254 2.941611276509823
6.5783807186379075 2.899810294071163
6.488248101403997 2.857781919157931
6.396423840243553 2.815618198258154
6.303033436239822 2.773413833741493
6.208212067916206 2.7312655643659567
6.112103970524441 2.689271522944138
6.014861714853156 2.6475305819972177
5.916645394316763 2.606141698531871
5.817621731042205 2.56520326906048
5.717963113394313 2.524812505649477
5.617846578813687 2.4850648431387885
5.517452756939144 2.446053386754827
5.416964788717439 2.4078684081790684
5.316567237548041 2.370596896781779
5.21644500846639 2.334322171239725
5.116782290946136 2.2991235551847784
5.017761540123306 2.265076118934243
4.919562510149129 2.232250487787798
4.822361352008843 2.2007127158892557
4.726329786553718 2.1705242232857134
4.631634361739868 2.1417417926055022
4.538435801208762 2.1144176207435628
4.446888449438481 2.0885994201031406
4.357139816796254 2.0643305633014655
4.2693302259809585 2.0416502648017314
4.183592559601811 2.0205937926745396
4.1000521070313685 2.0011927036037367
4.018826507223864 1.9834750943149024
3.94002578292203 1.9674658627977082
3.86375246059705 1.9531869729928577
3.7901017695794 1.9406577169974302
3.7191619131389246 1.9298949692874259
3.651014403750126 1.9209134279435638
3.585734454418618 1.9137258383790245
3.523391417728405 1.908343195592197
3.464049264176285 1.9047749214933245
3.4077670913669205 1.9030290143745194
3.354599655727541 1.9031121681045884
3.3045979185428775 1.9050298591333703
3.257809598288442 1.908786399887605
3.21427972143559 1.914384957636973
3.1740511640998377 1.9218275384121315
3.1371651770932174 1.9311149360749527
3.1036618871148445 1.942246647184178
3.0735807669688833 1.955220752876748
3.04696106783853 1.97003376960474
3.0238422067769366 1.9866804712369992
3.004264102715596 2.005153685757251
2.988267454458085 2.025444070566967
2.975893954348804 2.047539871226838
2.9671864316146666 2.0714266693346506
2.9621889198097064 2.0970871261220867
2.960946643389043 2.1245007292330924
2.963505919242067 2.1536435509888454
2.9699139700668105 2.184488027207903
2.980218647805909 2.217002766287013
2.994468067019167 2.2511523987053335
3.012710150055889 2.286897477337036
3.0349920882123573 2.324194438890232
3.0613597256950094 2.362995636385449
3.091856876111511 2.4032494518069076
3.1265245843054603 2.444900496883574
3.165400349532354 2.4878899083850006
3.208517329114146 2.5321557423762164
3.255903544654128 2.577633469622472
3.307581115475395 2.6242565718545783
3.3635655459936764 2.671957236013252
3.423865095087642 2.7206671410241223
3.488480256050603 2.7703183292676283
3.5574033753004795 2.82084415285988
3.6306184366470564 2.87218028330637
3.7081010355876165 2.9242657721682237
3.789818564913811 2.9770441502014084
3.875730629022764 3.030464553068966
3.965789699954998 3.084482863221714
4.059942023602475 3.139062859891903
4.158128780047698 3.1941773723109854
4.260287497930779 3.2498094351863656
4.366353719413545 3.305953450080827
4.476262910016017 3.362616361564944
4.589952606606612 3.4198188628121673
4.707364797360552 3.4775966516742747
4.828448529751801 3.5360017652672595
4.9531627467752015 3.5951040288497453
5.081479357759746 3.654992663523651
5.213386558498342 3.7157781073915994
5.348892426198818 3.7775941167859566
5.4880288282598935 3.8406002287585266
5.630855700540136 3.904984684165971
5.777465771270697 3.97096793372957
5.927989832008761 4.038806879189869
6.082602688389227 4.108800040581672
6.241529962821324 4.181293892130069
6.40505597139482 4.25669067808063
6.57353296191716 4.33545811268087
6.7473920845951545 4.41814149522397
6.927156579103587 4.505378945669177
7.113457812745012 4.597920709720576
7.307055010281404 4.696653825648204
7.508859800730802 4.802633936225797
7.719967105877679 4.9171267418180395
7.9416944642561065 5.041662641576583
8.175632708150786 5.178109687007808
8.423712124919989 5.328772385866967
8.688290056952589 5.496527667910298
8.97226869125421 5.685015365598798
9.279256182283802 5.898910495439896
9.613791335365073 6.144321448722122
9.981663846712713 6.429387669641838
10.390382322822877 6.765204041352067
10.84987844784955 7.167301261824371
11.373603259673162 7.658115951768781
11.98030483838903 8.271319585123672
12.697057195208801 9.059872853842656
13.564748349408708 10.11217346712872
14.648838405240717 11.587696104200212
16.06277648282137 13.80648480182265
18.027062251203407 17.519274735289912
21.055954594715246 24.99681059201958
26.841646322274535 47.66180154453004
50.274167944121224 430.2072935696429
