26.791261525188524 8.57760521837934
26.79128544861044 8.57761887231667
26.791311679209738 8.57763423418736
26.791340533069036 8.577651522120032
26.791372365781 8.57767098196358
26.791407577495928 8.577692890814795
26.791446618610912 8.577717560994905
26.79148999618234 8.577745344532243
26.791538281153727 8.577776638215491
26.79159211650284 8.577811889290219
26.7916522264251 8.57785160188068
26.7917194266853 8.577896344229325
26.79179463628652 8.577946756858301
26.791878890624012 8.578003561770506
26.791973356313374 8.578067572822873
26.792079347906427 8.578139707421482
26.79219834673551 8.578220999707312
26.79233202215771 8.578312615423073
26.79248225550519 8.578415868676018
26.79265116708716 8.578532240839296
26.79284114663312 8.57866340186556
26.79305488761708 8.578811234321911
26.793295425959023 8.578977860495131
26.793566183663437 8.579165672961317
26.793871018027108 8.579377369065138
26.794214277129655 8.579615989811833
26.79460086241255 8.579884963740568
26.795036299256683 8.580188156422206
26.79552681658641 8.580529926308794
26.79607943666188 8.580915187757887
26.79670207637269 8.581349482163661
26.797403661517734 8.581839058250516
26.798194255750936 8.582390962725892
26.799085206093718 8.583013142649747
26.800089307166573 8.58371456106163
26.80122098657807 8.584505327616096
26.802496514235486 8.585396846217524
26.803934238712678 8.586401981920975
26.805554854235012 8.587535249682682
26.807381702326268 8.588813027908726
26.80944111271799 8.590253800171958
26.811762788759435 8.591878428955134
26.81438024329925 8.593710465844607
26.817331291854945 8.595776503258321
26.820658610861827 8.598106573562037
26.824410369923285 8.600734602330421
26.82864094829654 8.603698923571423
26.833411747376793 8.607042865986289
26.838792112729507 8.610815420824375
26.844860381315932 8.615072003662656
26.85170507202421 8.619875324558121
26.859426240534365 8.625296383567726
26.86813702300709 8.631415611706606
26.877965397213778 8.638324181150606
26.889056194670417 8.646125513048998
26.901573403292108 8.65493701691076
26.91570280729138 8.664892102438099
26.931655019813128 8.676142513262473
26.94966897453119 8.68886104276021
26.97001595564331 8.703244705605258
26.993004262064428 8.719518455775509
27.018984622013807 8.737939563462797
27.048356499780958 8.758802791220235
27.08157546878194 8.782446545717264
27.11916186614761 8.80926022840418
27.161710996808456 8.839693070001834
27.209905223154813 8.874264815312351
27.264528365077524 8.913578733840373
27.326482951778832 8.958337578735064
27.396811021354356 9.009363316917698
27.476719371212237 9.067621729306012
27.56761044264336 9.134253364891647
27.671120406462755 9.210612875822576
27.78916654816986 9.298319538552336
27.92400679736228 9.399322896544087
28.078315309135622 9.515989129727997
28.255279543307648 9.65121626660879
28.45872655161249 9.808590204990638
28.69328958046164 9.992599540495133
28.964631303297644 10.20893688623591
29.27974816526072 10.464930333983531
29.647393482524798 10.770175837859219
30.07867878177903 11.1374889997352
30.587950378770874 11.584381920016224
31.19410519950587 12.135437449948187
31.922635128231125 12.826288944722263
32.80893640979847 13.710633289667276
33.903941299254036 14.87336724024844
35.284316539453464 16.4571471172595
37.072467342952216 18.72165722386165
39.48019621462879 22.194693800616353
42.91955172958022 28.138475688972274
48.35868446197796 40.50213271466464
59.07653678938562 80.79436105951243
109.30677541579632 1165.821581860555
