48.94799835838767 10.525446096714392
48.947659033880086 10.527061311462148
48.9466931808069 10.528665975355404
48.94510109337634 10.530259599597992
48.942883256553635 10.53184169875653
48.94004034591338 10.533411790908291
48.93657322743369 10.534969397787993
48.93248295723244 10.536514044933494
48.92777078124556 10.538045261830307
48.9224381348475 10.539562582054936
48.916486642414014 10.541065543416938
48.909918116827356 10.542553688099725
48.90273455892404 10.544026562800008
48.894938156885395 10.545483718865889
48.88653128557101 10.546924712433512
48.87751650579533 10.548349104562279
48.86789656354759 10.549756461368546
48.8576743891554 10.5511463541578
48.8468530963921 10.552518359555231
48.8354359815283 10.553872059634704
48.82342652232778 10.555207042046064
48.810828376988155 10.556522900140731
48.797645383026534 10.557819233095588
48.783881556110586 10.559095646035056
48.769541088835325 10.560351750151389
48.754628349445994 10.561587162823104
48.73914788050749 10.562801507731537
48.72310439752059 10.563994414975461
48.706502787485654 10.565165521183777
48.689348107413906 10.566314469626187
48.67164558278708 10.567440910321867
48.65340060596567 10.568544500146068
48.63461873454636 10.569624902934638
48.615305689669114 10.570681789586423
48.595467354274504 10.57171483816351
48.575109771311666 10.572723733989296
48.55423914189759 10.573708169744338
48.53286182342815 10.574667845559967
48.51098432764166 10.575602469109636
48.48861331863526 10.576511755697956
48.465755610835004 10.577395428347424
48.44241816692012 10.578253217882793
48.4186080957021 10.579084863013057
48.39433264995929 10.579890110411055
48.36959922422762 10.58066871479063
48.34441535254817 10.581420438981343
48.31878870617221 10.582145054000726
48.292727091224485 10.582842339124023
48.26623844632537 10.583512081951431
48.2393308401727 10.584154078472796
48.212012469083966 10.58476813312976
48.184291654499646 10.585354058875325
48.1561768404484 10.585911677230833
48.12767659097494 10.586440818340332
48.09879958753135 10.586941321022312
48.06955462633261 10.58741303281881
48.0399506156772 10.587855810041843
48.00999657323356 10.588269517817178
47.979701623293174 10.58865403012542
47.949074993991275 10.589009229840395
47.91812601449583 10.589335008764829
47.88686411216582 10.589631267663304
47.85529880967952 10.589897916292493
47.82343972213384 10.590134873428637
47.79129655411549 10.5903420668923
47.75887909674482 10.590519433570343
47.72619722469338 10.59066691943516
47.69326089317598 10.590784479561126
47.66008013491829 10.59087207813829
47.62666505710068 10.590929688483273
47.59302583827956 10.59095729304741
47.55917272528686 10.590954883422082
47.52511603010873 10.590922460341282
47.490866126744436 10.590860033681398
47.45643344804634 10.590767622458193
47.42182848254192 10.590645254821021
47.3870617712389 10.590492968044252
47.352143904414326 10.590310808515909
47.3170855183887 10.590098831723553
47.281897292286025 10.589857102237367
47.246589944780844 10.589585693690495
47.21117423083324 10.589284688756607
47.17566093841275 10.588954179124725
47.14006088521228 10.588594265471281
47.104384915352895 10.588205057429464
47.06864389608062 10.587786673555811
47.03284871445616 10.587339241294107
46.99701027403858 10.586862896936548
46.96113949156402 10.586357785582244
46.9252472936203 10.585824061093003
46.88934461331862 10.585261886046478
46.85344238696319 10.584671431686633
46.81755155071995 10.584052877871585
46.7816830372853 10.583406413018817
46.7458477725559 10.582732234047791
46.71005667230053 10.582030546319947
46.67432063883505 10.581301563576165
46.63865055770143 10.580545507871653
46.60305729435193 10.579762609508302
46.567551690839366 10.578953106964535
46.53214456251451 10.578117246822671
46.496846694731666 10.577255283693807
46.46166883956327 10.576367480140261
46.42662171252481 10.575454106595597
46.39171598931068 10.57451544128224
46.356962302542314 10.573551770126745
46.32237123852936 10.572563386672675
46.28795333404501 10.571550591991208
46.25371907311638 10.570513694589414
46.219678883830994 10.569453010316286
46.185843135160255 10.56836886226653
46.15222213380099 10.567261580682144
46.118826121035895 10.566131502851823
46.08566526961398 10.564978973008225
46.052749680651836 10.5638043422231
46.0200893805567 10.562607968300371
45.98769431797238 10.561390215667119
45.955574360748756 10.560151455262593
45.92373929293595 10.558892064425216
45.89219881180401 10.557612426777633
45.86096252488903 10.55631293210987
45.8300399470666 10.554993976260592
45.79944049765347 10.553655960996524
45.76917349753837 10.552299293890082
45.73924816634272 10.550924388195204
45.7096736196123 10.549531662721487
45.68045886604055 10.548121541706601
45.65161280472441 10.546694454687067
45.6231442224536 10.545250836367416
45.59506179103404 10.543791126487774
45.56737406464641 10.542315769689909
45.54008947724037 10.540825215381792
45.51321633996556 10.539319917600709
45.48676283863991 10.537800334874944
45.4607370312562 10.536266930084116
45.43514684552746 10.53472017031818
45.41000007647218 10.53316052673514
45.3853043840398 10.531588474417545
45.36106729077747 10.530004492227757
45.3372961795386 10.528409062662098
45.313998291233936 10.526802671703866
45.29118072262595 10.52518580867531
45.268850424167084 10.523558966088572
45.24701419788256 10.521922639495662
45.22567869529844 10.520277327337512
45.20485041541549 10.518623530792143
45.18453570272954 10.516961753622006
45.16474074529886 10.515292502020522
45.145471572859236 10.513616284457902
45.12673405498727 10.511933611526251
45.10853389931241 10.510244995784046
45.09087664977839 10.5085509516
45.07376768495446 10.506851994996381
45.057212216397055 10.50514864349183
45.041215287062265 10.503441415943715
45.02578176976973 10.501730832390086
45.01091636571834 10.500017413891264
44.99662360305415 10.498301682371121
44.98290783549114 10.4965841604581
44.96977324098498 10.494865371326014
44.95722382046038 10.493145838534684
44.94526339659241 10.491426085870451
44.93389561264205 10.48970663718664
44.923123931346396 10.487988016243976
44.91295163386394 10.486270746551048
44.90338181877502 10.484555351204836
44.894417401138014 10.482842352731385
44.88606111160139 10.48113227292662
44.87831549557188 10.479425632697419
44.87118291243917 10.477722951902926
44.86466553485716 10.476024749196206
44.85876534808221 10.474331541866254
44.85348414936836 10.472643845680427
44.84882354741991 10.470962174727328
44.844784961901354 10.469287041260225
44.84136962300496 10.467618955540996
44.83857857107604 10.465958425684711
44.83641265629606 10.464305957504852
44.83487253842364 10.462662054359232
44.8339586865936 10.461027216996674
44.833671379174056 10.459401943404478
44.83401070368164 10.457786728656723
44.83497655675482 10.456182064763468
44.836568644185384 10.45458844052088
44.838786481008086 10.45300634136234
44.84162939164835 10.451436249210579
44.84509651012804 10.449878642330876
44.84918678032928 10.448333995185378
44.853898956316165 10.446802778288562
44.85923160271422 10.445285458063935
44.86518309514771 10.443782496701933
44.871751620734365 10.442294352019147
44.87893517863768 10.440821477318863
44.886731580676326 10.439364321252981
44.89513845199071 10.43792332768536
44.904153231766394 10.436498935556592
44.91377317401413 10.435091578750324
44.92399534840632 10.43370168596107
44.93481664116962 10.43232968056364
44.94623375603342 10.430975980484167
44.958243215233935 10.429640998072808
44.970841360573566 10.428325139978138
44.98402435453518 10.427028807023284
44.99778818145113 10.425752394083815
45.01212864872639 10.424496289967482
45.02704138811572 10.423260877295766
45.042521857054226 10.422046532387334
45.05856534004112 10.42085362514341
45.07516695007606 10.419682518935094
45.09232163014781 10.418533570492682
45.11002415477463 10.417407129797004
45.12826913159604 10.416303539972803
45.147051003015356 10.415223137184233
45.16636404789259 10.414166250532448
45.1862023832872 10.413133201955361
45.20655996625004 10.412124306129575
45.22743059566412 10.411139870374534
45.24880791413355 10.410180194558903
45.27068540992004 10.409245571009235
45.29305641892644 10.408336284420914
45.315914126726696 10.407452611771445
45.33925157064158 10.406594822236078
45.3630616418596 10.405763177105813
45.38733708760241 10.404957929707814
45.41207051333408 10.40417932532824
45.43725438501353 10.403427601137526
45.462881031389486 10.402702986118145
45.488942646337215 10.402005700994847
45.51543129123633 10.40133595816744
45.542338897389 10.400693961646075
45.56965726847773 10.400079906989111
45.59737808306205 10.399493981243545
45.62549289711329 10.398936362888037
45.65399314658675 10.39840722177854
45.68287015003034 10.397906719096557
45.71211511122908 10.397435007300059
45.741719121884486 10.396992230077027
45.77167316432813 10.396578522301692
45.80196811426851 10.396194009993451
45.83259474357041 10.395838810278475
45.86354372306585 10.395513031354042
45.89480562539587 10.395216772455566
45.92637092788217 10.394950123826376
45.958230015427844 10.394713166690233
45.99037318344619 10.39450597322657
46.022790640816865 10.394328606548527
46.055472512868306 10.39418112068371
46.0884088443857 10.394063560557743
46.12158960264339 10.39397596198058
46.155004680461 10.393918351635596
46.18864389928212 10.39389074707146
46.22249701227482 10.393893156696787
46.25655370745295 10.393925579777587
46.290803610817235 10.393988006437471
46.32523628951534 10.394080417660676
46.35984125501976 10.394202785297848
46.39460796632278 10.394355072074617
46.429525833147345 10.394537231602959
46.46458421917297 10.394749208395316
46.499772445275646 10.394990937881502
46.53507979278083 10.395262346428375
46.570495506728435 10.395563351362261
46.606008799148924 10.395893860994144
46.64160885234939 10.396253774647587
46.677284822208776 10.396642982689405
46.71302584148105 10.397061366563056
46.74882102310551 10.397508798824763
46.784659463523084 10.39798514318232
46.820530245997645 10.398490254536625
46.85642244394136 10.399023979025865
46.892325124243044 10.39958615407239
46.928227350598476 10.400176608432236
46.96411818684172 10.400795162247285
46.99998670027637 10.40144162710005
47.035821965005766 10.402115806071079
47.07161306526113 10.402817493798922
47.107349098726615 10.403546476542703
47.14301917986023 10.404302532247215
47.17861244320974 10.405085430610567
47.2141180467223 10.405894933154332
47.24952517504715 10.406730793296196
47.28482304283 10.40759275642506
47.32000089799838 10.408480559978607
47.355048025036844 10.40939393352327
47.389953748250974 10.410332598836627
47.42470743501935 10.411296269992123
47.45929849903231 10.412284653446193
47.49371640351666 10.41329744812766
47.527950664445285 10.414334345529454
47.56199085373067 10.41539502980258
47.5958266024014 10.416479177852336
47.629447603760674 10.417586459436723
47.66284361652576 10.418716537267043
47.696004467947674 10.419869067110643
47.72892005690983 10.421043697895765
47.76158035700496 10.422240071818496
47.79397541958928 10.423457824451749
47.82609537681291 10.424696584856273
47.857930444625715 10.42595597569365
47.88947092575766 10.427235613341233
47.92070721267263 10.428535108008996
47.95162979049506 10.429854063858276
47.98222923990819 10.431192079122342
48.012496240023296 10.432548746228786
48.042421571218945 10.433923651923664
48.07199611794936 10.43531637739738
48.10121087152112 10.436726498412266
48.130056932837256 10.438153585431799
48.158525515108074 10.43959720375145
48.18660794652763 10.441056913631094
48.21429567291526 10.44253227042896
48.2415802603213 10.444022824737074
48.26845339759612 10.445528122518157
48.29490689892177 10.447047705243921
48.32093270630548 10.44858111003475
48.346522892034216 10.450127869800689
48.3716696610895 10.451687513383726
48.39636535352188 10.453259565701321
48.42060244678421 10.454843547891109
48.44437355802308 10.456438977456768
48.46767144632775 10.458045368415
48.49048901493573 10.459662231443556
48.5128193133946 10.461289074030294
48.53465553967912 10.462925400623204
48.555991042263244 10.464570712781356
48.57681932214619 10.466224509326723
48.597134034832145 10.46788628649686
48.61692899226283 10.469555538098344
48.63619816470245 10.471231755660964
48.65493568257442 10.472914428592615
48.67313583824928 10.47460304433482
48.690793087783305 10.476297088518866
48.70790205260723 10.477996045122485
48.72445752116464 10.479699396627035
48.740454450499435 10.48140662417515
48.75588796779196 10.48311720772878
48.77075337184336 10.484830626227602
48.78504613450755 10.486546357747745
48.79876190207056 10.488263879660765
48.81189649657673 10.489982668792852
48.82444591710132 10.491702201584184
48.83640634096929 10.493421954248415
48.84777412491966 10.495141402932227
48.858545806215304 10.49686002387489
48.86871810369777 10.498577293567818
48.87828791878669 10.50029268891403
48.88725233642369 10.50200568738748
48.89560862596032 10.503715767192245
48.90335424198983 10.505422407421447
48.91048682512255 10.50712508821594
48.917004202704554 10.50882329092266
48.922904389479505 10.510516498252612
48.92818558819335 10.51220419443844
48.93284619014181 10.513885865391538
48.93688477566037 10.515560998858641
48.94030011455676 10.51722908457787
48.94309116648568 10.518889614434155
48.94525708126566 10.520542082614014
48.94679719913808 10.522185985759634
48.947711050968124 10.523820823122191
48.94799835838767 10.525446096714388
