6.782900600428466 3.496372734394202
6.780665481632131 3.5017306709407268
6.777922333125288 3.5069021008774257
6.774671990497547 3.5118854489366425
6.770915443834758 3.5166791971422846
6.766653837417427 3.52128188527221
6.761888469372149 3.5256921113030266
6.756620791276196 3.5299085318371635
6.750852407715345 3.5339298625120805
6.744585075795107 3.537754878391498
6.7378207046054985 3.5413824143385253
6.730561354639512 3.544811365370573
6.722809237165469 3.5480406869959387
6.714566713553451 3.551069395531973
6.705836294555994 3.5538965684047157
6.696620639543301 3.556521344429923
6.686922555693162 3.558942924075389
6.676744997135863 3.5611605697044975
6.666091064054337 3.563173605800906
6.654964001739804 3.5649814191743188
6.643367199603237 3.56658345914727
6.631304190142908 3.567979237722864
6.6187786478683535 3.5691683297334262
6.605794388181089 3.5701503729700104
6.592355366212399 3.570925068292734
6.578465675618557 3.5714921797218975
6.5641295473338745 3.5718515345098645
6.549351348281903 3.5720030231936866
6.534135580045232 3.5719465996284425
6.518486877494267 3.571682281001298
6.5024100073753965 3.5712101478262657
6.485909866858998 3.5705303439196854
6.468991482047715 3.569643076356412
6.451660006445451 3.568548615406741
6.43392071938757 3.5672472944540794
6.415779024432753 3.5657395098933957
6.397240447717026 3.5640257210104735
6.378310636270445 3.5621064498420085
6.358995356296952 3.5599822810165906
6.33930049141794 3.5576538615766213
6.319232040880038 3.5551219007812183
6.298796117727688 3.5523871698901677
6.27799894694105 3.54945050192899
6.256846863539812 3.546312791435195
6.235346310653481 3.542974994185795
6.213503837558751 3.539438126906165
6.191326097684515 3.5357032669603425
6.168819846585182 3.5317715520228457
6.145991939882858 3.5276441797321327
6.122849331179064 3.5233224073257863
6.0993990699366 3.518807551257547
6.075648299332207 3.5141009867963096
6.05160425408069 3.5092041476072025
6.027274258231152 3.5041185253148797
6.002665722936021 3.4988456690491567
5.977786144193534 3.4933871849731313
5.95264310056439 3.487744735793931
5.927244250863245 3.4819200402562345
5.901597331825762 3.475914872618729
5.875710155751928 3.4697310621136497
5.849590608126348 3.4633704923895796
5.823246645216256 3.456835100937674
5.796686291647953 3.450126878501478
5.7699176379624335 3.4432478684705305
5.742948838150923 3.4362001662579247
5.715788107171096 3.4289859186620273
5.688443718444721 3.421607323212543
5.660924001337496 3.414066627501122
5.633237338621841 3.4063661284967277
5.605392163923425 3.3985081718459527
5.577396959152205 3.3904951511585146
5.549260251918749 3.382329507278139
5.520990612936647 3.374013727539054
5.492596653411787 3.365550345008325
5.464087022419298 3.3569419377142573
5.43547040426896 3.3481911278611043
5.406755515859878 3.339300581030318
5.377951104025227 3.3302730053685883
5.349065942867887 3.321111150762913
5.320108831087763 3.3118178080029588
5.291088589301619 3.3023958079309566
5.262014057356226 3.292848020579401
5.232894091635668 3.2831773542968112
5.203737562363593 3.2733867548618183
5.174553350901265 3.2634792045858547
5.145350347042207 3.2534577214047102
5.1161374463042915 3.2433253579592423
5.086923547220074 3.2330852006655113
5.057717548626219 3.2227403687746268
5.028528346952822 3.212294013422596
4.999364833513474 3.2017493166704547
4.970235891796882 3.191109490534983
4.941150394760873 3.1803777760102916
4.9121172021296005 3.1695574420805857
4.883145157694791 3.1586517847243982
4.854243086621837 3.147664125910606
4.825419792761569 3.1365978125865244
4.796684055968515 3.1254562156583923
4.76804462942647 3.1142427289645656
4.739510236982196 3.1029607682417186
4.711089570488049 3.0916137700843787
4.682791287154362 3.0802051908981047
4.654624006912369 3.0687385058466354
4.6265963097884955 3.0572172077933164
4.598716733290795 3.045644806237145
4.570993769808344 3.034024826243739
4.543435864024378 3.02236080737157
4.516051410343957 3.010656302593778
4.488848750336953 2.998914877215903
4.461836170197122 2.9871401077898563
4.435021898218051 2.9753355810244697
4.40841410228674 2.9635048926929497
4.382020887395585 2.951651646537568
4.35585029317352 2.9397794531719286
4.329910291437065 2.927891928981139
4.304208783762034 2.9159926950202255
4.2787535990766425 2.904085375911122
4.253552491276734 2.892173598738579
4.228613136863875 2.880260991945314
4.2039431326070105 2.868351184226757
4.179549993228422 2.8564478034257124
4.155441149114666 2.844554475427282
4.1316239440532065 2.8326748230543877
4.108105632995428 2.8208124649642228
4.084893379846705 2.808971014545975
4.06199425528421 2.797154078820153
4.039415234603114 2.7853652573398513
4.017163195591841 2.773608141094294
3.9952449164370387 2.761886311414983
3.9736670736588615 2.750203338884791
3.95243624007725 2.738562782250326
3.9315588828097807 2.726968187337903
3.9110413613017214 2.715423085973452
3.89088992538888 2.7039309949066888
3.871110713393848 2.6924954147398785
3.8517097502562034 2.681119828861519
3.8326929456972607 2.669807702385266
3.8140660924199077 2.6585624810944277
3.795834864344095 2.6473875903923445
3.7780048148785044 2.6362864342589774
3.760581375228927 2.6252623942140243
3.743569852743865 2.6143188282868746
3.7269754292978603 2.603459069993723
3.7108031597130497 2.592686427322146
3.695057970219412 2.5820041817234585
3.6797446569541954 2.571415587113151
3.6648678845009623 2.5609238688797165
3.6504321844687175 2.550532222902163
3.6364419541115325 2.5402438145765225
3.6229014549891003 2.530061777851637
3.609814811668624 2.519989214274528
3.5971860104684303 2.5100291920456366
3.585018898243705 2.500184745084219
3.573317181214696 2.490458872104184
3.562084423837767 2.4808545357006584
3.5513240477196306 2.47137466144755
3.5410393305750896 2.4620221370063904
3.5312334052286163 2.4527998112467233
3.521909258660064 2.4437104933783145
3.5130697310948014 2.434756952095437
3.504717515138557 2.4259419147334995
3.4968551549572195 2.417268066438277
3.489485045501865 2.408738049347985
3.4826094317792293 2.4003544617884613
3.476230408167858 2.39211985748169
3.4703499177801382 2.3840367447679136
3.4649697518704077 2.3761075858415674
3.4600915492893205 2.3683347960012724
3.45571679598464 2.36072074291411
3.4518468245486025 2.35326774589441
3.448482813811995 2.345978075197263
3.445625788485077 2.33885395132698
3.443276618845439 2.3318975443607055
3.441436020472911 2.3251109732873894
3.4401045540315867 2.3184963053623227
3.4392826250990427 2.312055555477434
3.438970484042794 2.305790685547531
3.43916822594403 2.2997036039126835
3.439875790568653 2.2937961647569245
3.441092962385623 2.288070167543447
3.442819370632613 2.2825273564664714
3.445054489428948 2.2771694199199466
3.4477976379357904 2.271997989983248
3.4510479805635312 2.267014641924031
3.454804527226319 2.2622208937183887
3.4590661336436503 2.2576182055884635
3.463831501688927 2.2532079795576463
3.4690991797848802 2.2489915590235094
3.4748675633457315 2.244970228348593
3.481134895265969 2.241145212469175
3.487899266455577 2.237517676522147
3.495158616421563 2.2340887254901
3.502910733895605 2.230859403864734
3.5111532575076234 2.2278306953286995
3.5198836765050787 2.225003522455957
3.529099331517772 2.2223787464307496
3.5387974153679114 2.219957166785283
3.5489749739252083 2.217739521156174
3.5596289070067346 2.2157264850597658
3.5707559693212665 2.213918671686353
3.582352771457833 2.2123166317134015
3.5944157809181623 2.2109208531378073
3.6069413231927157 2.209731761127245
3.619925582879979 2.2087497178906603
3.63336460484867 2.2079750225679367
3.64725429544251 2.207407911138773
3.661590423727192 2.2070485563508058
3.6763686227791634 2.2068970676669837
3.691584391015833 2.2069534912322273
3.7072330935667974 2.2072178098593724
3.7233099636856677 2.207689943034404
3.739810104202065 2.2083697469409844
3.7567284890133483 2.2092570145042574
3.774059964615611 2.210351475453928
3.791799251673492 2.2116527964065895
3.8099409466283083 2.2131605809672728
3.828479523344034 2.214874369850195
3.847409334790615 2.2167936410186595
3.866724614764107 2.2189178098440774
3.8864194796431186 2.2212462292840462
3.90648793018102 2.223778190079449
3.926923853333369 2.2265129209704995
3.9477210241200065 2.2294495889316766
3.968873107521244 2.232587299425471
3.990373660407573 2.2359250966748716
4.012216133502304 2.2394619639545006
4.034393873376539 2.2431968239003233
4.056900124475872 2.2471285388378197
4.0797280311781945 2.251255911128532
4.102870639881988 2.2555776835348786
4.126320901124451 2.260092539603118
4.150071671728844 2.264799104064355
4.17411571698036 2.2696959432534616
4.198445712829897 2.2747815655457844
4.2230542481250275 2.280054421811507
4.247933826867515 2.285512905887532
4.2730768704966575 2.291155355066732
4.298475720197802 2.296980050604428
4.324122639235284 2.302985218241933
4.350009815309118 2.3091690287470126
4.376129362934696 2.3155295984710818
4.402473325844788 2.3220649899229873
4.42903367941309 2.3287732123591827
4.455802333098609 2.33565222239013
4.48277113291012 2.3426999246027354
4.509931863889946 2.3499141721986323
4.53727625261632 2.357292767648117
4.564795969723544 2.3648334633595374
4.592482632439199 2.3725339623639314
4.620327807137613 2.3803919190147056
4.6483230119088335 2.388404939702143
4.676459719142288 2.396570583582519
4.704729358124391 2.4048863633216033
4.73312331764925 2.413349745852332
4.761632948641738 2.4219581531463996
4.790249566792076 2.4307089629995526
4.818964455201158 2.4395995098303382
4.847768867035808 2.4486270854920678
4.876654028193148 2.4577889400977426
4.905611139973271 2.467082282857697
4.934631381759415 2.4765042829296986
4.963705913704806 2.4860520702812536
4.992825879425364 2.495722736563843
5.021982408697439 2.5055133359988355
5.051166620159767 2.515420886274799
5.080369624018824 2.525442369455943
5.10958252475674 2.5355747329014107
5.138796423840956 2.5458148901951416
5.168002422434811 2.5561597220860257
5.197191624108208 2.566606077438056
5.226355137547555 2.577150774190197
5.255484079264146 2.5877906003256683
5.2845695763001554 2.5985223148503596
5.313602768931428 2.6093426487800655
5.342574813366237 2.6202483061362525
5.371476884439191 2.631235964950044
5.400300178299458 2.642302278274126
5.429035915092513 2.6534438752022576
5.457675341634558 2.6646573618960843
5.486209734078832 2.6759393226189307
5.514630400572978 2.6872863207762707
5.542928683906665 2.6986948999625437
5.5710959641486575 2.710161585014013
5.5991236612725315 2.7216828830673316
5.627003237770232 2.733255284623503
5.654726201252683 2.744875264616909
5.682284107036649 2.7565392834890776
5.70966856071707 2.768243788266869
5.7368712207240735 2.779985213644744
5.763883800863905 2.791759983070791
5.790698072842976 2.803564509836177
5.817305868774287 2.8153951981676966
5.843699083665442 2.8272484443230783
5.8698696778875075 2.8391206376887177
5.895809679623963 2.851008161879507
5.921511187298994 2.8629073958404203
5.946966371984386 2.874814714949524
5.972167479784295 2.886726492122067
5.9971068341971545 2.8986390989153317
6.02177683845402 2.9105489066338883
6.046169977832609 2.9224522874349335
6.070278821946365 2.934345615433364
6.094096027007826 2.946225267806258
6.1176143380656045 2.958087625896423
6.140826591214328 2.9699290763146706
6.163725715776823 2.981746012040493
6.186304736457921 2.993534833520795
6.2085567754691935 3.0052919497663524
6.230475054623997 3.017013779445663
6.252052897402175 3.0286967519758554
6.2732837309837866 3.040337308610321
6.294161088251257 3.051931903522744
6.3146786097593175 3.063477004887195
6.33483004567216 3.074969095953958
6.354609257667192 3.0864046761207686
6.374010220804838 3.0977802619991284
6.393027025363781 3.109092388475381
6.411653878641134 3.1203376097662194
6.429885106716949 3.131512500468303
6.447715156182539 3.1426136566016702
6.4651385958321175 3.1536376966466237
6.482150118317181 3.1645812625737735
6.498744541763187 3.1754410208669253
6.514916811347998 3.1862136635385023
6.5306620008416365 3.19689590913719
6.545975314106855 3.2074845037474975
6.560852086560088 3.2179762219809325
6.575287786592334 3.228367867958486
6.589278016949519 3.238656276284127
6.602818516071952 3.2488383130090126
6.6159051593924305 3.2589108765861217
6.628533960592624 3.2688708988150132
6.64070107281735 3.2787153457764315
6.652402789846361 3.288441218756467
6.663635547223291 3.2980455551599923
6.674395923341428 3.3075254294131007
6.68468064048597 3.316877953854261
6.694486565832444 3.3261002796139283
6.703810712400998 3.335189597482337
6.712650239966261 3.344143138765215
6.721002455922507 3.3529581761271525
6.728864816103846 3.3616320244223754
6.7362349255592004 3.370162041512668
6.743110539281838 3.3785456290721925
6.74948956289321 3.3867802333789636
6.755370053280931 3.39486334609274
6.760750219190662 3.402792505019087
6.76562842177175 3.4105652948593823
6.770003175076432 3.4181793479465448
6.773873146512471 3.425632344966245
6.777237157249079 3.4329220156633924
6.780094182575998 3.4400461395336754
6.782443352215637 3.4470025464999505
6.784283950588167 3.453789117573267
6.785615417029492 3.4604037854983343
6.786437345962036 3.466844535383223
6.786749487018286 3.4731094053131266
6.786551745117051 3.4791964869479743
6.785844180492429 3.4851039261037338
6.784627008675461 3.4908299233172118
6.782900600428471 3.4963727343941873
