0 2.4
0.001 2.4
0.002 2.4
0.003 2.4
0.004 2.4
0.005 2.4
0.006 2.4
0.007 2.4
0.008 2.4
0.009000000000000001 2.4
0.010000000000000002 2.4
0.011000000000000003 2.4
0.012000000000000004 2.4
0.013000000000000005 2.4
0.014000000000000005 2.4
0.015000000000000006 2.4
0.016000000000000007 2.4
0.017000000000000008 2.4
0.01800000000000001 2.4
0.01900000000000001 2.4
0.02000000000000001 2.4
0.02100000000000001 2.4
0.022000000000000013 2.4
0.023000000000000013 2.4
0.024000000000000014 2.4
0.025000000000000015 2.4
0.026000000000000016 2.4
0.027000000000000017 2.4
0.028000000000000018 2.4
0.02900000000000002 2.4
0.03000000000000002 2.4
0.03100000000000002 2.4
0.03200000000000002 2.4
0.03300000000000002 2.4
0.03400000000000002 2.4
0.035000000000000024 2.4
0.036000000000000025 2.4
0.037000000000000026 2.4
0.03800000000000003 2.4
0.03900000000000003 2.4
0.04000000000000003 2.4
0.04100000000000003 2.4
0.04200000000000003 2.4
0.04300000000000003 2.4
0.04400000000000003 2.4
0.04500000000000003 2.4
0.046000000000000034 2.4
0.047000000000000035 2.4
0.048000000000000036 2.4
0.04900000000000004 2.4
0.05000000000000004 2.4
0.05100000000000004 2.4
0.05200000000000004 2.4
0.05300000000000004 2.4
0.05400000000000004 2.4
0.05500000000000004 2.4
0.05600000000000004 2.4
0.057000000000000044 2.4
0.058000000000000045 2.4
0.059000000000000045 2.4
0.060000000000000046 2.4
0.06100000000000005 2.4
0.06200000000000005 2.4
0.06300000000000004 2.4
0.06400000000000004 2.4
0.06500000000000004 2.4
0.06600000000000004 2.4
0.06700000000000005 2.4
0.06800000000000005 2.4
0.06900000000000005 2.4
0.07000000000000005 2.4
0.07100000000000005 2.4
0.07200000000000005 2.4
0.07300000000000005 2.4
0.07400000000000005 2.4
0.07500000000000005 2.4
0.07600000000000005 2.4
0.07700000000000005 2.4
0.07800000000000006 2.4
0.07900000000000006 2.4
0.08000000000000006 2.4
0.08100000000000006 2.4
0.08200000000000006 2.4
0.08300000000000006 2.4
0.08400000000000006 2.4
0.08500000000000006 2.4
0.08600000000000006 2.4
0.08700000000000006 2.4
0.08800000000000006 2.4
0.08900000000000007 2.4
0.09000000000000007 2.4
0.09100000000000007 2.4
0.09200000000000007 2.4
0.09300000000000007 2.4
0.09400000000000007 2.4
0.09500000000000007 2.4
0.09600000000000007 2.4
0.09700000000000007 2.4
0.09800000000000007 2.4
0.09900000000000007 2.4
0.10000000000000007 2.4
0.10100000000000008 2.4
0.10200000000000008 2.4
0.10300000000000008 2.4
0.10400000000000008 2.4
0.10500000000000008 2.4
0.10600000000000008 2.4
0.10700000000000008 2.4
0.10800000000000008 2.4
0.10900000000000008 2.4
0.11000000000000008 2.4
0.11100000000000008 2.4
0.11200000000000009 2.4
0.11300000000000009 2.4
0.11400000000000009 2.4
0.11500000000000009 2.4
0.11600000000000009 2.4
0.11700000000000009 2.4
0.11800000000000009 2.4
0.11900000000000009 2.4
0.12000000000000009 2.4
0.1210000000000001 2.4
0.1220000000000001 2.4
0.1230000000000001 2.4
0.1240000000000001 2.4
0.12500000000000008 2.4
0.12600000000000008 2.4
0.12700000000000009 2.4
0.12800000000000009 2.4
0.1290000000000001 2.4
0.1300000000000001 2.4
0.1310000000000001 2.4
0.1320000000000001 2.4
0.1330000000000001 2.4
0.1340000000000001 2.4
0.1350000000000001 2.4
0.1360000000000001 2.4
0.1370000000000001 2.4
0.1380000000000001 2.4
0.1390000000000001 2.4
0.1400000000000001 2.4
0.1410000000000001 2.4
0.1420000000000001 2.4
0.1430000000000001 2.4
0.1440000000000001 2.4
0.1450000000000001 2.4
0.1460000000000001 2.4
0.1470000000000001 2.4
0.1480000000000001 2.4
0.1490000000000001 2.4
0.1500000000000001 2.4
0.1510000000000001 2.4
0.1520000000000001 2.4
0.1530000000000001 2.4
0.1540000000000001 2.4
0.1550000000000001 2.4
0.1560000000000001 2.4
0.1570000000000001 2.4
0.1580000000000001 2.4
0.1590000000000001 2.4
0.16000000000000011 2.4
0.16100000000000012 2.4
0.16200000000000012 2.4
0.16300000000000012 2.4
0.16400000000000012 2.4
0.16500000000000012 2.4
0.16600000000000012 2.4
0.16700000000000012 2.4
0.16800000000000012 2.4
0.16900000000000012 2.4
0.17000000000000012 2.4
0.17100000000000012 2.4
0.17200000000000013 2.4
0.17300000000000013 2.4
0.17400000000000013 2.4
0.17500000000000013 2.4
0.17600000000000013 2.4
0.17700000000000013 2.4
0.17800000000000013 2.4
0.17900000000000013 2.4
0.18000000000000013 2.4
0.18100000000000013 2.4
0.18200000000000013 2.4
0.18300000000000013 2.4
0.18400000000000014 2.4
0.18500000000000014 2.4
0.18600000000000014 2.4
0.18700000000000014 2.4
0.18800000000000014 2.4
0.18900000000000014 2.4
0.19000000000000014 2.4
0.19100000000000014 2.4
0.19200000000000014 2.4
0.19300000000000014 2.4
0.19400000000000014 2.4
0.19500000000000015 2.4
0.19600000000000015 2.4
0.19700000000000015 2.4
0.19800000000000015 2.4
0.19900000000000015 2.4
0.20000000000000015 2.4
0.20100000000000015 2.4
0.20200000000000015 2.4
0.20300000000000015 2.4
0.20400000000000015 2.4
0.20500000000000015 2.4
0.20600000000000016 2.4
0.20700000000000016 2.4
0.20800000000000016 2.4
0.20900000000000016 2.4
0.21000000000000016 2.4
0.21100000000000016 2.4
0.21200000000000016 2.4
0.21300000000000016 2.4
0.21400000000000016 2.4
0.21500000000000016 2.4
0.21600000000000016 2.4
0.21700000000000016 2.4
0.21800000000000017 2.4
0.21900000000000017 2.4
0.22000000000000017 2.4
0.22100000000000017 2.4
0.22200000000000017 2.4
0.22300000000000017 2.4
0.22400000000000017 2.4
0.22500000000000017 2.4
0.22600000000000017 2.4
0.22700000000000017 2.4
0.22800000000000017 2.4
0.22900000000000018 2.4
0.23000000000000018 2.4
0.23100000000000018 2.4
0.23200000000000018 2.4
0.23300000000000018 2.4
0.23400000000000018 2.4
0.23500000000000018 2.4
0.23600000000000018 2.4
0.23700000000000018 2.4
0.23800000000000018 2.4
0.23900000000000018 2.4
0.24000000000000019 2.4
0.2410000000000002 2.4
0.2420000000000002 2.4
0.2430000000000002 2.4
0.2440000000000002 2.4
0.2450000000000002 2.4
0.2460000000000002 2.4
0.2470000000000002 2.4
0.2480000000000002 2.4
0.2490000000000002 2.4
0.25000000000000017 2.4
0.25100000000000017 2.4
0.25200000000000017 2.4
0.25300000000000017 2.4
0.25400000000000017 2.4
0.25500000000000017 2.4
0.25600000000000017 2.4
0.2570000000000002 2.4
0.2580000000000002 2.4
0.2590000000000002 2.4
0.2600000000000002 2.4
0.2610000000000002 2.4
0.2620000000000002 2.4
0.2630000000000002 2.4
0.2640000000000002 2.4
0.2650000000000002 2.4
0.2660000000000002 2.4
0.2670000000000002 2.4
0.2680000000000002 2.4
0.2690000000000002 2.4
0.2700000000000002 2.4
0.2710000000000002 2.4
0.2720000000000002 2.4
0.2730000000000002 2.4
0.2740000000000002 2.4
0.2750000000000002 2.4
0.2760000000000002 2.4
0.2770000000000002 2.4
0.2780000000000002 2.4
0.2790000000000002 2.4
0.2800000000000002 2.4
0.2810000000000002 2.4
0.2820000000000002 2.4
0.2830000000000002 2.4
0.2840000000000002 2.4
0.2850000000000002 2.4
0.2860000000000002 2.4
0.2870000000000002 2.4
0.2880000000000002 2.4
0.2890000000000002 2.4
0.2900000000000002 2.4
0.2910000000000002 2.4
0.2920000000000002 2.4
0.2930000000000002 2.4
0.2940000000000002 2.4
0.2950000000000002 2.4
0.2960000000000002 2.4
0.2970000000000002 2.4
0.2980000000000002 2.4
0.2990000000000002 2.4
0.3000000000000002 2.4
0.3010000000000002 2.4
0.3020000000000002 2.4
0.3030000000000002 2.4
0.3040000000000002 2.4
0.3050000000000002 2.4
0.3060000000000002 2.4
0.3070000000000002 2.4
0.3080000000000002 2.4
0.3090000000000002 2.4
0.3100000000000002 2.4
0.3110000000000002 2.4
0.3120000000000002 2.4
0.3130000000000002 2.4
0.3140000000000002 2.4
0.3150000000000002 2.4
0.3160000000000002 2.4
0.3170000000000002 2.4
0.3180000000000002 2.4
0.31900000000000023 2.4
0.32000000000000023 2.4
0.32100000000000023 2.4
0.32200000000000023 2.4
0.32300000000000023 2.4
0.32400000000000023 2.4
0.32500000000000023 2.4
0.32600000000000023 2.4
0.32700000000000023 2.4
0.32800000000000024 2.4
0.32900000000000024 2.4
0.33000000000000024 2.4
0.33100000000000024 2.4
0.33200000000000024 2.4
0.33300000000000024 2.4
0.33400000000000024 2.4
0.33500000000000024 2.4
0.33600000000000024 2.4
0.33700000000000024 2.4
0.33800000000000024 2.4
0.33900000000000025 2.4
0.34000000000000025 2.4
0.34100000000000025 2.4
0.34200000000000025 2.4
0.34300000000000025 2.4
0.34400000000000025 2.4
0.34500000000000025 2.4
0.34600000000000025 2.4
0.34700000000000025 2.4
0.34800000000000025 2.4
0.34900000000000025 2.4
0.35000000000000026 2.4
0.35100000000000026 2.4
0.35200000000000026 2.4
0.35300000000000026 2.4
0.35400000000000026 2.4
0.35500000000000026 2.4
0.35600000000000026 2.4
0.35700000000000026 2.4
0.35800000000000026 2.4
0.35900000000000026 2.4
0.36000000000000026 2.4
0.36100000000000027 2.4
0.36200000000000027 2.4
0.36300000000000027 2.4
0.36400000000000027 2.4
0.36500000000000027 2.4
0.36600000000000027 2.4
0.36700000000000027 2.4
0.36800000000000027 2.4
0.36900000000000027 2.4
0.3700000000000003 2.4
0.3710000000000003 2.4
0.3720000000000003 2.4
0.3730000000000003 2.4
0.3740000000000003 2.4
0.3750000000000003 2.4
0.3760000000000003 2.4
0.3770000000000003 2.4
0.3780000000000003 2.4
0.3790000000000003 2.4
0.3800000000000003 2.4
0.3810000000000003 2.4
0.3820000000000003 2.4
0.3830000000000003 2.4
0.3840000000000003 2.4
0.3850000000000003 2.4
0.3860000000000003 2.4
0.3870000000000003 2.4
0.3880000000000003 2.4
0.3890000000000003 2.4
0.3900000000000003 2.4
0.3910000000000003 2.4
0.3920000000000003 2.4
0.3930000000000003 2.4
0.3940000000000003 2.4
0.3950000000000003 2.4
0.3960000000000003 2.4
0.3970000000000003 2.4
0.3980000000000003 2.4
0.3990000000000003 2.4
0.4000000000000003 2.4
0.4010000000000003 2.4
0.4020000000000003 2.4
0.4030000000000003 2.4
0.4040000000000003 2.4
0.4050000000000003 2.4
0.4060000000000003 2.4
0.4070000000000003 2.4
0.4080000000000003 2.4
0.4090000000000003 2.4
0.4100000000000003 2.4
0.4110000000000003 2.4
0.4120000000000003 2.4
0.4130000000000003 2.4
0.4140000000000003 2.4
0.4150000000000003 2.4
0.4160000000000003 2.4
0.4170000000000003 2.4
0.4180000000000003 2.4
0.4190000000000003 2.4
0.4200000000000003 2.4
0.4210000000000003 2.4
0.4220000000000003 2.4
0.4230000000000003 2.4
0.4240000000000003 2.4
0.4250000000000003 2.4
0.4260000000000003 2.4
0.4270000000000003 2.4
0.4280000000000003 2.4
0.4290000000000003 2.4
0.4300000000000003 2.4
0.4310000000000003 2.4
0.43200000000000033 2.4
0.43300000000000033 2.4
0.43400000000000033 2.4
0.43500000000000033 2.4
0.43600000000000033 2.4
0.43700000000000033 2.4
0.43800000000000033 2.4
0.43900000000000033 2.4
0.44000000000000034 2.4
0.44100000000000034 2.4
0.44200000000000034 2.4
0.44300000000000034 2.4
0.44400000000000034 2.4
0.44500000000000034 2.4
0.44600000000000034 2.4
0.44700000000000034 2.4
0.44800000000000034 2.4
0.44900000000000034 2.4
0.45000000000000034 2.4
0.45100000000000035 2.4
0.45200000000000035 2.4
0.45300000000000035 2.4
0.45400000000000035 2.4
0.45500000000000035 2.4
0.45600000000000035 2.4
0.45700000000000035 2.4
0.45800000000000035 2.4
0.45900000000000035 2.4
0.46000000000000035 2.4
0.46100000000000035 2.4
0.46200000000000035 2.4
0.46300000000000036 2.4
0.46400000000000036 2.4
0.46500000000000036 2.4
0.46600000000000036 2.4
0.46700000000000036 2.4
0.46800000000000036 2.4
0.46900000000000036 2.4
0.47000000000000036 2.4
0.47100000000000036 2.4
0.47200000000000036 2.4
0.47300000000000036 2.4
0.47400000000000037 2.4
0.47500000000000037 2.4
0.47600000000000037 2.4
0.47700000000000037 2.4
0.47800000000000037 2.4
0.47900000000000037 2.4
0.48000000000000037 2.4
0.48100000000000037 2.4
0.4820000000000004 2.4
0.4830000000000004 2.4
0.4840000000000004 2.4
0.4850000000000004 2.4
0.4860000000000004 2.4
0.4870000000000004 2.4
0.4880000000000004 2.4
0.4890000000000004 2.4
0.4900000000000004 2.4
0.4910000000000004 2.4
0.4920000000000004 2.4
0.4930000000000004 2.4
0.4940000000000004 2.4
0.4950000000000004 2.4
0.4960000000000004 2.4
0.4970000000000004 2.4
0.4980000000000004 2.4
0.4990000000000004 2.4
0.5000000000000003 2.4
0.5010000000000003 2.4
0.5020000000000003 2.4
0.5030000000000003 2.4
0.5040000000000003 2.4
0.5050000000000003 2.4
0.5060000000000003 2.4
0.5070000000000003 2.4
0.5080000000000003 2.4
0.5090000000000003 2.4
0.5100000000000003 2.4
0.5110000000000003 2.4
0.5120000000000003 2.4
0.5130000000000003 2.4
0.5140000000000003 2.4
0.5150000000000003 2.4
0.5160000000000003 2.4
0.5170000000000003 2.4
0.5180000000000003 2.4
0.5190000000000003 2.4
0.5200000000000004 2.4
0.5210000000000004 2.4
0.5220000000000004 2.4
0.5230000000000004 2.4
0.5240000000000004 2.4
0.5250000000000004 2.4
0.5260000000000004 2.4
0.5270000000000004 2.4
0.5280000000000004 2.4
0.5290000000000004 2.4
0.5300000000000004 2.4
0.5310000000000004 2.4
0.5320000000000004 2.4
0.5330000000000004 2.4
0.5340000000000004 2.4
0.5350000000000004 2.4
0.5360000000000004 2.4
0.5370000000000004 2.4
0.5380000000000004 2.4
0.5390000000000004 2.4
0.5400000000000004 2.4
0.5410000000000004 2.4
0.5420000000000004 2.4
0.5430000000000004 2.4
0.5440000000000004 2.4
0.5450000000000004 2.4
0.5460000000000004 2.4
0.5470000000000004 2.4
0.5480000000000004 2.4
0.5490000000000004 2.4
0.5500000000000004 2.4
0.5510000000000004 2.4
0.5520000000000004 2.4
0.5530000000000004 2.4
0.5540000000000004 2.4
0.5550000000000004 2.4
0.5560000000000004 2.4
0.5570000000000004 2.4
0.5580000000000004 2.4
0.5590000000000004 2.4
0.5600000000000004 2.4
0.5610000000000004 2.4
0.5620000000000004 2.4
0.5630000000000004 2.4
0.5640000000000004 2.4
0.5650000000000004 2.4
0.5660000000000004 2.4
0.5670000000000004 2.4
0.5680000000000004 2.4
0.5690000000000004 2.4
0.5700000000000004 2.4
0.5710000000000004 2.4
0.5720000000000004 2.4
0.5730000000000004 2.4
0.5740000000000004 2.4
0.5750000000000004 2.4
0.5760000000000004 2.4
0.5770000000000004 2.4
0.5780000000000004 2.4
0.5790000000000004 2.4
0.5800000000000004 2.4
0.5810000000000004 2.4
0.5820000000000004 2.4
0.5830000000000004 2.4
0.5840000000000004 2.4
0.5850000000000004 2.4
0.5860000000000004 2.4
0.5870000000000004 2.4
0.5880000000000004 2.4
0.5890000000000004 2.4
0.5900000000000004 2.4
0.5910000000000004 2.4
0.5920000000000004 2.4
0.5930000000000004 2.4
0.5940000000000004 2.4
0.5950000000000004 2.4
0.5960000000000004 2.4
0.5970000000000004 2.4
0.5980000000000004 2.4
0.5990000000000004 2.4
0.6000000000000004 2.4
0.6010000000000004 2.4
0.6020000000000004 2.4
0.6030000000000004 2.4
0.6040000000000004 2.4
0.6050000000000004 2.4
0.6060000000000004 2.4
0.6070000000000004 2.4
0.6080000000000004 2.4
0.6090000000000004 2.4
0.6100000000000004 2.4
0.6110000000000004 2.4
0.6120000000000004 2.4
0.6130000000000004 2.4
0.6140000000000004 2.4
0.6150000000000004 2.4
0.6160000000000004 2.4
0.6170000000000004 2.4
0.6180000000000004 2.4
0.6190000000000004 2.4
0.6200000000000004 2.4
0.6210000000000004 2.4
0.6220000000000004 2.4
0.6230000000000004 2.4
0.6240000000000004 2.4
0.6250000000000004 2.4
0.6260000000000004 2.4
0.6270000000000004 2.4
0.6280000000000004 2.4
0.6290000000000004 2.4
0.6300000000000004 2.4
0.6310000000000004 2.4
0.6320000000000005 2.4
0.6330000000000005 2.4
0.6340000000000005 2.4
0.6350000000000005 2.4
0.6360000000000005 2.4
0.6370000000000005 2.4
0.6380000000000005 2.4
0.6390000000000005 2.4
0.6400000000000005 2.4
0.6410000000000005 2.4
0.6420000000000005 2.4
0.6430000000000005 2.4
0.6440000000000005 2.4
0.6450000000000005 2.4
0.6460000000000005 2.4
0.6470000000000005 2.4
0.6480000000000005 2.4
0.6490000000000005 2.4
0.6500000000000005 2.4
0.6510000000000005 2.4
0.6520000000000005 2.4
0.6530000000000005 2.4
0.6540000000000005 2.4
0.6550000000000005 2.4
0.6560000000000005 2.4
0.6570000000000005 2.4
0.6580000000000005 2.4
0.6590000000000005 2.4
0.6600000000000005 2.4
0.6610000000000005 2.4
0.6620000000000005 2.4
0.6630000000000005 2.4
0.6640000000000005 2.4
0.6650000000000005 2.4
0.6660000000000005 2.4
0.6670000000000005 2.4
0.6680000000000005 2.4
0.6690000000000005 2.4
0.6700000000000005 2.4
0.6710000000000005 2.4
0.6720000000000005 2.4
0.6730000000000005 2.4
0.6740000000000005 2.4
0.6750000000000005 2.4
0.6760000000000005 2.4
0.6770000000000005 2.4
0.6780000000000005 2.4
0.6790000000000005 2.4
0.6800000000000005 2.4
0.6810000000000005 2.4
0.6820000000000005 2.4
0.6830000000000005 2.4
0.6840000000000005 2.4
0.6850000000000005 2.4
0.6860000000000005 2.4
0.6870000000000005 2.4
0.6880000000000005 2.4
0.6890000000000005 2.4
0.6900000000000005 2.4
0.6910000000000005 2.4
0.6920000000000005 2.4
0.6930000000000005 2.4
0.6940000000000005 2.4
0.6950000000000005 2.4
0.6960000000000005 2.4
0.6970000000000005 2.4
0.6980000000000005 2.4
0.6990000000000005 2.4
0.7000000000000005 2.4
0.7010000000000005 2.4
0.7020000000000005 2.4
0.7030000000000005 2.4
0.7040000000000005 2.4
0.7050000000000005 2.4
0.7060000000000005 2.4
0.7070000000000005 2.4
0.7080000000000005 2.4
0.7090000000000005 2.4
0.7100000000000005 2.4
0.7110000000000005 2.4
0.7120000000000005 2.4
0.7130000000000005 2.4
0.7140000000000005 2.4
0.7150000000000005 2.4
0.7160000000000005 2.4
0.7170000000000005 2.4
0.7180000000000005 2.4
0.7190000000000005 2.4
0.7200000000000005 2.4
0.7210000000000005 2.4
0.7220000000000005 2.4
0.7230000000000005 2.4
0.7240000000000005 2.4
0.7250000000000005 2.4
0.7260000000000005 2.4
0.7270000000000005 2.4
0.7280000000000005 2.4
0.7290000000000005 2.4
0.7300000000000005 2.4
0.7310000000000005 2.4
0.7320000000000005 2.4
0.7330000000000005 2.4
0.7340000000000005 2.4
0.7350000000000005 2.4
0.7360000000000005 2.4
0.7370000000000005 2.4
0.7380000000000005 2.4
0.7390000000000005 2.4
0.7400000000000005 2.4
0.7410000000000005 2.4
0.7420000000000005 2.4
0.7430000000000005 2.4
0.7440000000000005 2.4
0.7450000000000006 2.4
0.7460000000000006 2.4
0.7470000000000006 2.4
0.7480000000000006 2.4
0.7490000000000006 2.4
0.7500000000000006 2.4
0.7510000000000006 2.4
0.7520000000000006 2.4
0.7530000000000006 2.4
0.7540000000000006 2.4
0.7550000000000006 2.4
0.7560000000000006 2.4
0.7570000000000006 2.4
0.7580000000000006 2.4
0.7590000000000006 2.4
0.7600000000000006 2.4
0.7610000000000006 2.4
0.7620000000000006 2.4
0.7630000000000006 2.4
0.7640000000000006 2.4
0.7650000000000006 2.4
0.7660000000000006 2.4
0.7670000000000006 2.4
0.7680000000000006 2.4
0.7690000000000006 2.4
0.7700000000000006 2.4
0.7710000000000006 2.4
0.7720000000000006 2.4
0.7730000000000006 2.4
0.7740000000000006 2.4
0.7750000000000006 2.4
0.7760000000000006 2.4
0.7770000000000006 2.4
0.7780000000000006 2.4
0.7790000000000006 2.4
0.7800000000000006 2.4
0.7810000000000006 2.4
0.7820000000000006 2.4
0.7830000000000006 2.4
0.7840000000000006 2.4
0.7850000000000006 2.4
0.7860000000000006 2.4
0.7870000000000006 2.4
0.7880000000000006 2.4
0.7890000000000006 2.4
0.7900000000000006 2.4
0.7910000000000006 2.4
0.7920000000000006 2.4
0.7930000000000006 2.4
0.7940000000000006 2.4
0.7950000000000006 2.4
0.7960000000000006 2.4
0.7970000000000006 2.4
0.7980000000000006 2.4
0.7990000000000006 2.4
0.8000000000000006 2.4
0.8010000000000006 2.4
0.8020000000000006 2.4
0.8030000000000006 2.4
0.8040000000000006 2.4
0.8050000000000006 2.4
0.8060000000000006 2.4
0.8070000000000006 2.4
0.8080000000000006 2.4
0.8090000000000006 2.4
0.8100000000000006 2.4
0.8110000000000006 2.4
0.8120000000000006 2.4
0.8130000000000006 2.4
0.8140000000000006 2.4
0.8150000000000006 2.4
0.8160000000000006 2.4
0.8170000000000006 2.4
0.8180000000000006 2.4
0.8190000000000006 2.4
0.8200000000000006 2.4
0.8210000000000006 2.4
0.8220000000000006 2.4
0.8230000000000006 2.4
0.8240000000000006 2.4
0.8250000000000006 2.4
0.8260000000000006 2.4
0.8270000000000006 2.4
0.8280000000000006 2.4
0.8290000000000006 2.4
0.8300000000000006 2.4
0.8310000000000006 2.4
0.8320000000000006 2.4
0.8330000000000006 2.4
0.8340000000000006 2.4
0.8350000000000006 2.4
0.8360000000000006 2.4
0.8370000000000006 2.4
0.8380000000000006 2.4
0.8390000000000006 2.4
0.8400000000000006 2.4
0.8410000000000006 2.4
0.8420000000000006 2.4
0.8430000000000006 2.4
0.8440000000000006 2.4
0.8450000000000006 2.4
0.8460000000000006 2.4
0.8470000000000006 2.4
0.8480000000000006 2.4
0.8490000000000006 2.4
0.8500000000000006 2.4
0.8510000000000006 2.4
0.8520000000000006 2.4
0.8530000000000006 2.4
0.8540000000000006 2.4
0.8550000000000006 2.4
0.8560000000000006 2.4
0.8570000000000007 2.4
0.8580000000000007 2.4
0.8590000000000007 2.4
0.8600000000000007 2.4
0.8610000000000007 2.4
0.8620000000000007 2.4
0.8630000000000007 2.4
0.8640000000000007 2.4
0.8650000000000007 2.4
0.8660000000000007 2.4
0.8670000000000007 2.4
0.8680000000000007 2.4
0.8690000000000007 2.4
0.8700000000000007 2.4
0.8710000000000007 2.4
0.8720000000000007 2.4
0.8730000000000007 2.4
0.8740000000000007 2.4
0.8750000000000007 2.4
0.8760000000000007 2.4
0.8770000000000007 2.4
0.8780000000000007 2.4
0.8790000000000007 2.4
0.8800000000000007 2.4
0.8810000000000007 2.4
0.8820000000000007 2.4
0.8830000000000007 2.4
0.8840000000000007 2.4
0.8850000000000007 2.4
0.8860000000000007 2.4
0.8870000000000007 2.4
0.8880000000000007 2.4
0.8890000000000007 2.4
0.8900000000000007 2.4
0.8910000000000007 2.4
0.8920000000000007 2.4
0.8930000000000007 2.4
0.8940000000000007 2.4
0.8950000000000007 2.4
0.8960000000000007 2.4
0.8970000000000007 2.4
0.8980000000000007 2.4
0.8990000000000007 2.4
0.9000000000000007 2.4
0.9010000000000007 2.4
0.9020000000000007 2.4
0.9030000000000007 2.4
0.9040000000000007 2.4
0.9050000000000007 2.4
0.9060000000000007 2.4
0.9070000000000007 2.4
0.9080000000000007 2.4
0.9090000000000007 2.4
0.9100000000000007 2.4
0.9110000000000007 2.4
0.9120000000000007 2.4
0.9130000000000007 2.4
0.9140000000000007 2.4
0.9150000000000007 2.4
0.9160000000000007 2.4
0.9170000000000007 2.4
0.9180000000000007 2.4
0.9190000000000007 2.4
0.9200000000000007 2.4
0.9210000000000007 2.4
0.9220000000000007 2.4
0.9230000000000007 2.4
0.9240000000000007 2.4
0.9250000000000007 2.4
0.9260000000000007 2.4
0.9270000000000007 2.4
0.9280000000000007 2.4
0.9290000000000007 2.4
0.9300000000000007 2.4
0.9310000000000007 2.4
0.9320000000000007 2.4
0.9330000000000007 2.4
0.9340000000000007 2.4
0.9350000000000007 2.4
0.9360000000000007 2.4
0.9370000000000007 2.4
0.9380000000000007 2.4
0.9390000000000007 2.4
0.9400000000000007 2.4
0.9410000000000007 2.4
0.9420000000000007 2.4
0.9430000000000007 2.4
0.9440000000000007 2.4
0.9450000000000007 2.4
0.9460000000000007 2.4
0.9470000000000007 2.4
0.9480000000000007 2.4
0.9490000000000007 2.4
0.9500000000000007 2.4
0.9510000000000007 2.4
0.9520000000000007 2.4
0.9530000000000007 2.4
0.9540000000000007 2.4
0.9550000000000007 2.4
0.9560000000000007 2.4
0.9570000000000007 2.4
0.9580000000000007 2.4
0.9590000000000007 2.4
0.9600000000000007 2.4
0.9610000000000007 2.4
0.9620000000000007 2.4
0.9630000000000007 2.4
0.9640000000000007 2.4
0.9650000000000007 2.4
0.9660000000000007 2.4
0.9670000000000007 2.4
0.9680000000000007 2.4
0.9690000000000007 2.4
0.9700000000000008 2.4
0.9710000000000008 2.4
0.9720000000000008 2.4
0.9730000000000008 2.4
0.9740000000000008 2.4
0.9750000000000008 2.4
0.9760000000000008 2.4
0.9770000000000008 2.4
0.9780000000000008 2.4
0.9790000000000008 2.4
0.9800000000000008 2.4
0.9810000000000008 2.4
0.9820000000000008 2.4
0.9830000000000008 2.4
0.9840000000000008 2.4
0.9850000000000008 2.4
0.9860000000000008 2.4
0.9870000000000008 2.4
0.9880000000000008 2.4
0.9890000000000008 2.4
0.9900000000000008 2.4
0.9910000000000008 2.4
0.9920000000000008 2.4
0.9930000000000008 2.4
0.9940000000000008 2.4
0.9950000000000008 2.4
0.9960000000000008 2.4
0.9970000000000008 2.4
0.9980000000000008 2.4
0.9990000000000008 2.4
1.0000000000000007 2.4
1.0010000000000006 2.4
1.0020000000000004 2.4
1.0030000000000003 2.4
1.0040000000000002 2.4
1.0050000000000001 2.4
1.006 2.4
1.007 2.4
1.0079999999999998 2.4
1.0089999999999997 2.4
1.0099999999999996 2.4
1.0109999999999995 2.4
1.0119999999999993 2.4
1.0129999999999992 2.4
1.0139999999999991 2.4
1.014999999999999 2.4
1.015999999999999 2.4
1.0169999999999988 2.4
1.0179999999999987 2.4
1.0189999999999986 2.4
1.0199999999999985 2.4
1.0209999999999984 2.4
1.0219999999999982 2.4
1.0229999999999981 2.4
1.023999999999998 2.4
1.024999999999998 2.4
1.0259999999999978 2.4
1.0269999999999977 2.4
1.0279999999999976 2.4
1.0289999999999975 2.4
1.0299999999999974 2.4
1.0309999999999973 2.4
1.0319999999999971 2.4
1.032999999999997 2.4
1.033999999999997 2.4
1.0349999999999968 2.4
1.0359999999999967 2.4
1.0369999999999966 2.4
1.0379999999999965 2.4
1.0389999999999964 2.4
1.0399999999999963 2.4
1.0409999999999962 2.4
1.041999999999996 2.4
1.042999999999996 2.4
1.0439999999999958 2.4
1.0449999999999957 2.4
1.0459999999999956 2.4
1.0469999999999955 2.4
1.0479999999999954 2.4
1.0489999999999953 2.4
1.0499999999999952 2.4
1.050999999999995 2.4
1.051999999999995 2.4
1.0529999999999948 2.4
1.0539999999999947 2.4
1.0549999999999946 2.4
1.0559999999999945 2.4
1.0569999999999944 2.4
1.0579999999999943 2.4
1.0589999999999942 2.4
1.059999999999994 2.4
1.060999999999994 2.4
1.0619999999999938 2.4
1.0629999999999937 2.4
1.0639999999999936 2.4
1.0649999999999935 2.4
1.0659999999999934 2.4
1.0669999999999933 2.4
1.0679999999999932 2.4
1.068999999999993 2.4
1.069999999999993 2.4
1.0709999999999928 2.4
1.0719999999999927 2.4
1.0729999999999926 2.4
1.0739999999999925 2.4
1.0749999999999924 2.4
1.0759999999999923 2.4
1.0769999999999922 2.4
1.077999999999992 2.4
1.078999999999992 2.4
1.0799999999999919 2.4
1.0809999999999917 2.4
1.0819999999999916 2.4
1.0829999999999915 2.4
1.0839999999999914 2.4
1.0849999999999913 2.4
1.0859999999999912 2.4
1.086999999999991 2.4
1.087999999999991 2.4
1.0889999999999909 2.4
1.0899999999999908 2.4
1.0909999999999906 2.4
1.0919999999999905 2.4
1.0929999999999904 2.4
1.0939999999999903 2.4
1.0949999999999902 2.4
1.09599999999999 2.4
1.09699999999999 2.4
1.0979999999999899 2.4
1.0989999999999898 2.4
1.0999999999999897 2.4
1.1009999999999895 2.4
1.1019999999999894 2.4
1.1029999999999893 2.4
1.1039999999999892 2.4
1.104999999999989 2.4
1.105999999999989 2.4
1.1069999999999889 2.4
1.1079999999999888 2.4
1.1089999999999887 2.4
1.1099999999999886 2.4
1.1109999999999884 2.4
1.1119999999999883 2.4
1.1129999999999882 2.4
1.113999999999988 2.4
1.114999999999988 2.4
1.115999999999988 2.4
1.1169999999999878 2.4
1.1179999999999877 2.4
1.1189999999999876 2.4
1.1199999999999875 2.4
1.1209999999999873 2.4
1.1219999999999872 2.4
1.1229999999999871 2.4
1.123999999999987 2.4
1.124999999999987 2.4
1.1259999999999868 2.4
1.1269999999999867 2.4
1.1279999999999866 2.4
1.1289999999999865 2.4
1.1299999999999863 2.4
1.1309999999999862 2.4
1.1319999999999861 2.4
1.132999999999986 2.4
1.133999999999986 2.4
1.1349999999999858 2.4
1.1359999999999857 2.4
1.1369999999999856 2.4
1.1379999999999855 2.4
1.1389999999999854 2.4
1.1399999999999852 2.4
1.1409999999999851 2.4
1.141999999999985 2.4
1.142999999999985 2.4
1.1439999999999848 2.4
1.1449999999999847 2.4
1.1459999999999846 2.4
1.1469999999999845 2.4
1.1479999999999844 2.4
1.1489999999999843 2.4
1.1499999999999841 2.4
1.150999999999984 2.4
1.151999999999984 2.4
1.1529999999999838 2.4
1.1539999999999837 2.4
1.1549999999999836 2.4
1.1559999999999835 2.4
1.1569999999999834 2.4
1.1579999999999833 2.4
1.1589999999999832 2.4
1.159999999999983 2.4
1.160999999999983 2.4
1.1619999999999828 2.4
1.1629999999999827 2.4
1.1639999999999826 2.4
1.1649999999999825 2.4
1.1659999999999824 2.4
1.1669999999999823 2.4
1.1679999999999822 2.4
1.168999999999982 2.4
1.169999999999982 2.4
1.1709999999999818 2.4
1.1719999999999817 2.4
1.1729999999999816 2.4
1.1739999999999815 2.4
1.1749999999999814 2.4
1.1759999999999813 2.4
1.1769999999999812 2.4
1.177999999999981 2.4
1.178999999999981 2.4
1.1799999999999808 2.4
1.1809999999999807 2.4
1.1819999999999806 2.4
1.1829999999999805 2.4
1.1839999999999804 2.4
1.1849999999999803 2.4
1.1859999999999802 2.4
1.18699999999998 2.4
1.18799999999998 2.4
1.1889999999999799 2.4
1.1899999999999797 2.4
1.1909999999999796 2.4
1.1919999999999795 2.4
1.1929999999999794 2.4
1.1939999999999793 2.4
1.1949999999999792 2.4
1.195999999999979 2.4
1.196999999999979 2.4
1.1979999999999789 2.4
1.1989999999999787 2.4
1.1999999999999786 2.4
1.2009999999999785 2.4
1.2019999999999784 2.4
1.2029999999999783 2.4
1.2039999999999782 2.4
1.204999999999978 2.4
1.205999999999978 2.4
1.2069999999999779 2.4
1.2079999999999778 2.4
1.2089999999999776 2.4
1.2099999999999775 2.4
1.2109999999999774 2.4
1.2119999999999773 2.4
1.2129999999999772 2.4
1.213999999999977 2.4
1.214999999999977 2.4
1.2159999999999769 2.4
1.2169999999999768 2.4
1.2179999999999767 2.4
1.2189999999999765 2.4
1.2199999999999764 2.4
1.2209999999999763 2.4
1.2219999999999762 2.4
1.222999999999976 2.4
1.223999999999976 2.4
1.2249999999999759 2.4
1.2259999999999758 2.4
1.2269999999999757 2.4
1.2279999999999756 2.4
1.2289999999999754 2.4
1.2299999999999753 2.4
1.2309999999999752 2.4
1.2319999999999751 2.4
1.232999999999975 2.4
1.233999999999975 2.4
1.2349999999999748 2.4
1.2359999999999747 2.4
1.2369999999999746 2.4
1.2379999999999745 2.4
1.2389999999999743 2.4
1.2399999999999742 2.4
1.2409999999999741 2.4
1.241999999999974 2.4
1.242999999999974 2.4
1.2439999999999738 2.4
1.2449999999999737 2.4
1.2459999999999736 2.4
1.2469999999999735 2.4
1.2479999999999734 2.4
1.2489999999999732 2.4
1.2499999999999731 2.4
1.250999999999973 2.4
1.251999999999973 2.4
1.2529999999999728 2.4
1.2539999999999727 2.4
1.2549999999999726 2.4
1.2559999999999725 2.4
1.2569999999999724 2.4
1.2579999999999723 2.4
1.2589999999999721 2.4
1.259999999999972 2.4
1.260999999999972 2.4
1.2619999999999718 2.4
1.2629999999999717 2.4
1.2639999999999716 2.4
1.2649999999999715 2.4
1.2659999999999714 2.4
1.2669999999999713 2.4
1.2679999999999712 2.4
1.268999999999971 2.4
1.269999999999971 2.4
1.2709999999999708 2.4
1.2719999999999707 2.4
1.2729999999999706 2.4
1.2739999999999705 2.4
1.2749999999999704 2.4
1.2759999999999703 2.4
1.2769999999999702 2.4
1.27799999999997 2.4
1.27899999999997 2.4
1.2799999999999698 2.4
1.2809999999999697 2.4
1.2819999999999696 2.4
1.2829999999999695 2.4
1.2839999999999694 2.4
1.2849999999999693 2.4
1.2859999999999692 2.4
1.286999999999969 2.4
1.287999999999969 2.4
1.2889999999999688 2.4
1.2899999999999687 2.4
1.2909999999999686 2.4
1.2919999999999685 2.4
1.2929999999999684 2.4
1.2939999999999683 2.4
1.2949999999999682 2.4
1.295999999999968 2.4
1.296999999999968 2.4
1.2979999999999678 2.4
1.2989999999999677 2.4
1.2999999999999676 2.4
1.3009999999999675 2.4
1.3019999999999674 2.4
1.3029999999999673 2.4
1.3039999999999672 2.4
1.304999999999967 2.4
1.305999999999967 2.4
1.3069999999999669 2.4
1.3079999999999667 2.4
1.3089999999999666 2.4
1.3099999999999665 2.4
1.3109999999999664 2.4
1.3119999999999663 2.4
1.3129999999999662 2.4
1.313999999999966 2.4
1.314999999999966 2.4
1.3159999999999659 2.4
1.3169999999999658 2.4
1.3179999999999656 2.4
1.3189999999999655 2.4
1.3199999999999654 2.4
1.3209999999999653 2.4
1.3219999999999652 2.4
1.322999999999965 2.4
1.323999999999965 2.4
1.3249999999999649 2.4
1.3259999999999648 2.4
1.3269999999999647 2.4
1.3279999999999645 2.4
1.3289999999999644 2.4
1.3299999999999643 2.4
1.3309999999999642 2.4
1.331999999999964 2.4
1.332999999999964 2.4
1.3339999999999639 2.4
1.3349999999999638 2.4
1.3359999999999637 2.4
1.3369999999999636 2.4
1.3379999999999634 2.4
1.3389999999999633 2.4
1.3399999999999632 2.4
1.340999999999963 2.4
1.341999999999963 2.4
1.342999999999963 2.4
1.3439999999999628 2.4
1.3449999999999627 2.4
1.3459999999999626 2.4
1.3469999999999624 2.4
1.3479999999999623 2.4
1.3489999999999622 2.4
1.3499999999999621 2.4
1.350999999999962 2.4
1.351999999999962 2.4
1.3529999999999618 2.4
1.3539999999999617 2.4
1.3549999999999616 2.4
1.3559999999999615 2.4
1.3569999999999613 2.4
1.3579999999999612 2.4
1.3589999999999611 2.4
1.359999999999961 2.4
1.360999999999961 2.4
1.3619999999999608 2.4
1.3629999999999607 2.4
1.3639999999999606 2.4
1.3649999999999605 2.4
1.3659999999999604 2.4
1.3669999999999602 2.4
1.3679999999999601 2.4
1.36899999999996 2.4
1.36999999999996 2.4
1.3709999999999598 2.4
1.3719999999999597 2.4
1.3729999999999596 2.4
1.3739999999999595 2.4
1.3749999999999594 2.4
1.3759999999999593 2.4
1.3769999999999591 2.4
1.377999999999959 2.4
1.378999999999959 2.4
1.3799999999999588 2.4
1.3809999999999587 2.4
1.3819999999999586 2.4
1.3829999999999585 2.4
1.3839999999999584 2.4
1.3849999999999583 2.4
1.3859999999999582 2.4
1.386999999999958 2.4
1.387999999999958 2.4
1.3889999999999578 2.4
1.3899999999999577 2.4
1.3909999999999576 2.4
1.3919999999999575 2.4
1.3929999999999574 2.4
1.3939999999999573 2.4
1.3949999999999572 2.4
1.395999999999957 2.4
1.396999999999957 2.4
1.3979999999999568 2.4
1.3989999999999567 2.4
1.3999999999999566 2.4
1.4009999999999565 2.4
1.4019999999999564 2.4
1.4029999999999563 2.4
1.4039999999999562 2.4
1.404999999999956 2.4
1.405999999999956 2.4
1.4069999999999558 2.4
1.4079999999999557 2.4
1.4089999999999556 2.4
1.4099999999999555 2.4
1.4109999999999554 2.4
1.4119999999999553 2.4
1.4129999999999552 2.4
1.413999999999955 2.4
1.414999999999955 2.4
1.4159999999999549 2.4
1.4169999999999547 2.4
1.4179999999999546 2.4
1.4189999999999545 2.4
1.4199999999999544 2.4
1.4209999999999543 2.4
1.4219999999999542 2.4
1.422999999999954 2.4
1.423999999999954 2.4
1.4249999999999539 2.4
1.4259999999999537 2.4
1.4269999999999536 2.4
1.4279999999999535 2.4
1.4289999999999534 2.4
1.4299999999999533 2.4
1.4309999999999532 2.4
1.431999999999953 2.4
1.432999999999953 2.4
1.4339999999999529 2.4
1.4349999999999528 2.4
1.4359999999999526 2.4
1.4369999999999525 2.4
1.4379999999999524 2.4
1.4389999999999523 2.4
1.4399999999999522 2.4
1.440999999999952 2.4
1.441999999999952 2.4
1.4429999999999519 2.4
1.4439999999999518 2.4
1.4449999999999517 2.4
1.4459999999999515 2.4
1.4469999999999514 2.4
1.4479999999999513 2.4
1.4489999999999512 2.4
1.449999999999951 2.4
1.450999999999951 2.4
1.4519999999999509 2.4
1.4529999999999508 2.4
1.4539999999999507 2.4
1.4549999999999506 2.4
1.4559999999999504 2.4
1.4569999999999503 2.4
1.4579999999999502 2.4
1.4589999999999501 2.4
1.45999999999995 2.4
1.46099999999995 2.4
1.4619999999999498 2.4
1.4629999999999497 2.4
1.4639999999999496 2.4
1.4649999999999495 2.4
1.4659999999999493 2.4
1.4669999999999492 2.4
1.4679999999999491 2.4
1.468999999999949 2.4
1.469999999999949 2.4
1.4709999999999488 2.4
1.4719999999999487 2.4
1.4729999999999486 2.4
1.4739999999999485 2.4
1.4749999999999484 2.4
1.4759999999999482 2.4
1.4769999999999481 2.4
1.477999999999948 2.4
1.478999999999948 2.4
1.4799999999999478 2.4
1.4809999999999477 2.4
1.4819999999999476 2.4
1.4829999999999475 2.4
1.4839999999999474 2.4
1.4849999999999473 2.4
1.4859999999999471 2.4
1.486999999999947 2.4
1.487999999999947 2.4
1.4889999999999468 2.4
1.4899999999999467 2.4
1.4909999999999466 2.4
1.4919999999999465 2.4
1.4929999999999464 2.4
1.4939999999999463 2.4
1.4949999999999461 2.4
1.495999999999946 2.4
1.496999999999946 2.4
1.4979999999999458 2.4
1.4989999999999457 2.4
1.4999999999999456 2.4
1.5009999999999455 2.4
1.5019999999999454 2.4
1.5029999999999453 2.4
1.5039999999999452 2.4
1.504999999999945 2.4
1.505999999999945 2.4
1.5069999999999448 2.4
1.5079999999999447 2.4
1.5089999999999446 2.4
1.5099999999999445 2.4
1.5109999999999444 2.4
1.5119999999999443 2.4
1.5129999999999442 2.4
1.513999999999944 2.4
1.514999999999944 2.4
1.5159999999999438 2.4
1.5169999999999437 2.4
1.5179999999999436 2.4
1.5189999999999435 2.4
1.5199999999999434 2.4
1.5209999999999433 2.4
1.5219999999999432 2.4
1.522999999999943 2.4
1.523999999999943 2.4
1.5249999999999428 2.4
1.5259999999999427 2.4
1.5269999999999426 2.4
1.5279999999999425 2.4
1.5289999999999424 2.4
1.5299999999999423 2.4
1.5309999999999422 2.4
1.531999999999942 2.4
1.532999999999942 2.4
1.5339999999999419 2.4
1.5349999999999417 2.4
1.5359999999999416 2.4
1.5369999999999415 2.4
1.5379999999999414 2.4
1.5389999999999413 2.4
1.5399999999999412 2.4
1.540999999999941 2.4
1.541999999999941 2.4
1.5429999999999409 2.4
1.5439999999999408 2.4
1.5449999999999406 2.4
1.5459999999999405 2.4
1.5469999999999404 2.4
1.5479999999999403 2.4
1.5489999999999402 2.4
1.54999999999994 2.4
1.55099999999994 2.4
1.5519999999999399 2.4
1.5529999999999398 2.4
1.5539999999999397 2.4
1.5549999999999395 2.4
1.5559999999999394 2.4
1.5569999999999393 2.4
1.5579999999999392 2.4
1.558999999999939 2.4
1.559999999999939 2.4
1.5609999999999389 2.4
1.5619999999999388 2.4
1.5629999999999387 2.4
1.5639999999999386 2.4
1.5649999999999384 2.4
1.5659999999999383 2.4
1.5669999999999382 2.4
1.567999999999938 2.4
1.568999999999938 2.4
1.569999999999938 2.4
1.5709999999999378 2.4
1.5719999999999377 2.4
1.5729999999999376 2.4
1.5739999999999374 2.4
1.5749999999999373 2.4
1.5759999999999372 2.4
1.5769999999999371 2.4
1.577999999999937 2.4
1.578999999999937 2.4
1.5799999999999368 2.4
1.5809999999999367 2.4
1.5819999999999366 2.4
1.5829999999999365 2.4
1.5839999999999363 2.4
1.5849999999999362 2.4
1.5859999999999361 2.4
1.586999999999936 2.4
1.587999999999936 2.4
1.5889999999999358 2.4
1.5899999999999357 2.4
1.5909999999999356 2.4
1.5919999999999355 2.4
1.5929999999999354 2.4
1.5939999999999352 2.4
1.5949999999999351 2.4
1.595999999999935 2.4
1.596999999999935 2.4
1.5979999999999348 2.4
1.5989999999999347 2.4
1.5999999999999346 2.4
1.6009999999999345 2.4
1.6019999999999344 2.4
1.6029999999999343 2.4
1.6039999999999341 2.4
1.604999999999934 2.4
1.605999999999934 2.4
1.6069999999999338 2.4
1.6079999999999337 2.4
1.6089999999999336 2.4
1.6099999999999335 2.4
1.6109999999999334 2.4
1.6119999999999333 2.4
1.6129999999999332 2.4
1.613999999999933 2.4
1.614999999999933 2.4
1.6159999999999328 2.4
1.6169999999999327 2.4
1.6179999999999326 2.4
1.6189999999999325 2.4
1.6199999999999324 2.4
1.6209999999999323 2.4
1.6219999999999322 2.4
1.622999999999932 2.4
1.623999999999932 2.4
1.6249999999999318 2.4
1.6259999999999317 2.4
1.6269999999999316 2.4
1.6279999999999315 2.4
1.6289999999999314 2.4
1.6299999999999313 2.4
1.6309999999999312 2.4
1.631999999999931 2.4
1.632999999999931 2.4
1.6339999999999308 2.4
1.6349999999999307 2.4
1.6359999999999306 2.4
1.6369999999999305 2.4
1.6379999999999304 2.4
1.6389999999999303 2.4
1.6399999999999302 2.4
1.64099999999993 2.4
1.64199999999993 2.4
1.6429999999999298 2.4
1.6439999999999297 2.4
1.6449999999999296 2.4
1.6459999999999295 2.4
1.6469999999999294 2.4
1.6479999999999293 2.4
1.6489999999999292 2.4
1.649999999999929 2.4
1.650999999999929 2.4
1.6519999999999289 2.4
1.6529999999999287 2.4
1.6539999999999286 2.4
1.6549999999999285 2.4
1.6559999999999284 2.4
1.6569999999999283 2.4
1.6579999999999282 2.4
1.658999999999928 2.4
1.659999999999928 2.4
1.6609999999999279 2.4
1.6619999999999278 2.4
1.6629999999999276 2.4
1.6639999999999275 2.4
1.6649999999999274 2.4
1.6659999999999273 2.4
1.6669999999999272 2.4
1.667999999999927 2.4
1.668999999999927 2.4
1.6699999999999269 2.4
1.6709999999999268 2.4
1.6719999999999267 2.4
1.6729999999999265 2.4
1.6739999999999264 2.4
1.6749999999999263 2.4
1.6759999999999262 2.4
1.676999999999926 2.4
1.677999999999926 2.4
1.6789999999999259 2.4
1.6799999999999258 2.4
1.6809999999999257 2.4
1.6819999999999256 2.4
1.6829999999999254 2.4
1.6839999999999253 2.4
1.6849999999999252 2.4
1.6859999999999251 2.4
1.686999999999925 2.4
1.687999999999925 2.4
1.6889999999999248 2.4
1.6899999999999247 2.4
1.6909999999999246 2.4
1.6919999999999245 2.4
1.6929999999999243 2.4
1.6939999999999242 2.4
1.6949999999999241 2.4
1.695999999999924 2.4
1.696999999999924 2.4
1.6979999999999238 2.4
1.6989999999999237 2.4
1.6999999999999236 2.4
1.7009999999999235 2.4
1.7019999999999234 2.4
1.7029999999999232 2.4
1.7039999999999231 2.4
1.704999999999923 2.4
1.705999999999923 2.4
1.7069999999999228 2.4
1.7079999999999227 2.4
1.7089999999999226 2.4
1.7099999999999225 2.4
1.7109999999999224 2.4
1.7119999999999223 2.4
1.7129999999999221 2.4
1.713999999999922 2.4
1.714999999999922 2.4
1.7159999999999218 2.4
1.7169999999999217 2.4
1.7179999999999216 2.4
1.7189999999999215 2.4
1.7199999999999214 2.4
1.7209999999999213 2.4
1.7219999999999211 2.4
1.722999999999921 2.4
1.723999999999921 2.4
1.7249999999999208 2.4
1.7259999999999207 2.4
1.7269999999999206 2.4
1.7279999999999205 2.4
1.7289999999999204 2.4
1.7299999999999203 2.4
1.7309999999999202 2.4
1.73199999999992 2.4
1.73299999999992 2.4
1.7339999999999198 2.4
1.7349999999999197 2.4
1.7359999999999196 2.4
1.7369999999999195 2.4
1.7379999999999194 2.4
1.7389999999999193 2.4
1.7399999999999192 2.4
1.740999999999919 2.4
1.741999999999919 2.4
1.7429999999999188 2.4
1.7439999999999187 2.4
1.7449999999999186 2.4
1.7459999999999185 2.4
1.7469999999999184 2.4
1.7479999999999183 2.4
1.7489999999999182 2.4
1.749999999999918 2.4
1.750999999999918 2.4
1.7519999999999178 2.4
1.7529999999999177 2.4
1.7539999999999176 2.4
1.7549999999999175 2.4
1.7559999999999174 2.4
1.7569999999999173 2.4
1.7579999999999172 2.4
1.758999999999917 2.4
1.759999999999917 2.4
1.7609999999999169 2.4
1.7619999999999167 2.4
1.7629999999999166 2.4
1.7639999999999165 2.4
1.7649999999999164 2.4
1.7659999999999163 2.4
1.7669999999999162 2.4
1.767999999999916 2.4
1.768999999999916 2.4
1.7699999999999159 2.4
1.7709999999999158 2.4
1.7719999999999156 2.4
1.7729999999999155 2.4
1.7739999999999154 2.4
1.7749999999999153 2.4
1.7759999999999152 2.4
1.776999999999915 2.4
1.777999999999915 2.4
1.7789999999999149 2.4
1.7799999999999148 2.4
1.7809999999999147 2.4
1.7819999999999145 2.4
1.7829999999999144 2.4
1.7839999999999143 2.4
1.7849999999999142 2.4
1.785999999999914 2.4
1.786999999999914 2.4
1.7879999999999139 2.4
1.7889999999999138 2.4
1.7899999999999137 2.4
1.7909999999999136 2.4
1.7919999999999134 2.4
1.7929999999999133 2.4
1.7939999999999132 2.4
1.794999999999913 2.4
1.795999999999913 2.4
1.796999999999913 2.4
1.7979999999999128 2.4
1.7989999999999127 2.4
1.7999999999999126 2.4
1.8009999999999124 2.4
1.8019999999999123 2.4
1.8029999999999122 2.4
1.8039999999999121 2.4
1.804999999999912 2.4
1.805999999999912 2.4
1.8069999999999118 2.4
1.8079999999999117 2.4
1.8089999999999116 2.4
1.8099999999999115 2.4
1.8109999999999113 2.4
1.8119999999999112 2.4
1.8129999999999111 2.4
1.813999999999911 2.4
1.814999999999911 2.4
1.8159999999999108 2.4
1.8169999999999107 2.4
1.8179999999999106 2.4
1.8189999999999105 2.4
1.8199999999999104 2.4
1.8209999999999102 2.4
1.8219999999999101 2.4
1.82299999999991 2.4
1.82399999999991 2.4
1.8249999999999098 2.4
1.8259999999999097 2.4
1.8269999999999096 2.4
1.8279999999999095 2.4
1.8289999999999094 2.4
1.8299999999999093 2.4
1.8309999999999091 2.4
1.831999999999909 2.4
1.832999999999909 2.4
1.8339999999999088 2.4
1.8349999999999087 2.4
1.8359999999999086 2.4
1.8369999999999085 2.4
1.8379999999999084 2.4
1.8389999999999083 2.4
1.8399999999999082 2.4
1.840999999999908 2.4
1.841999999999908 2.4
1.8429999999999078 2.4
1.8439999999999077 2.4
1.8449999999999076 2.4
1.8459999999999075 2.4
1.8469999999999074 2.4
1.8479999999999073 2.4
1.8489999999999072 2.4
1.849999999999907 2.4
1.850999999999907 2.4
1.8519999999999068 2.4
1.8529999999999067 2.4
1.8539999999999066 2.4
1.8549999999999065 2.4
1.8559999999999064 2.4
1.8569999999999063 2.4
1.8579999999999062 2.4
1.858999999999906 2.4
1.859999999999906 2.4
1.8609999999999058 2.4
1.8619999999999057 2.4
1.8629999999999056 2.4
1.8639999999999055 2.4
1.8649999999999054 2.4
1.8659999999999053 2.4
1.8669999999999052 2.4
1.867999999999905 2.4
1.868999999999905 2.4
1.8699999999999048 2.4
1.8709999999999047 2.4
1.8719999999999046 2.4
1.8729999999999045 2.4
1.8739999999999044 2.4
1.8749999999999043 2.4
1.8759999999999042 2.4
1.876999999999904 2.4
1.877999999999904 2.4
1.8789999999999039 2.4
1.8799999999999037 2.4
1.8809999999999036 2.4
1.8819999999999035 2.4
1.8829999999999034 2.4
1.8839999999999033 2.4
1.8849999999999032 2.4
1.885999999999903 2.4
1.886999999999903 2.4
1.8879999999999029 2.4
1.8889999999999028 2.4
1.8899999999999026 2.4
1.8909999999999025 2.4
1.8919999999999024 2.4
1.8929999999999023 2.4
1.8939999999999022 2.4
1.894999999999902 2.4
1.895999999999902 2.4
1.8969999999999019 2.4
1.8979999999999018 2.4
1.8989999999999017 2.4
1.8999999999999015 2.4
1.9009999999999014 2.4
1.9019999999999013 2.4
1.9029999999999012 2.4
1.903999999999901 2.4
1.904999999999901 2.4
1.9059999999999009 2.4
1.9069999999999008 2.4
1.9079999999999007 2.4
1.9089999999999006 2.4
1.9099999999999004 2.4
1.9109999999999003 2.4
1.9119999999999002 2.4
1.9129999999999001 2.4
1.9139999999999 2.4
1.9149999999999 2.4
1.9159999999998998 2.4
1.9169999999998997 2.4
1.9179999999998996 2.4
1.9189999999998995 2.4
1.9199999999998993 2.4
1.9209999999998992 2.4
1.9219999999998991 2.4
1.922999999999899 2.4
1.923999999999899 2.4
1.9249999999998988 2.4
1.9259999999998987 2.4
1.9269999999998986 2.4
1.9279999999998985 2.4
1.9289999999998984 2.4
1.9299999999998982 2.4
1.9309999999998981 2.4
1.931999999999898 2.4
1.932999999999898 2.4
1.9339999999998978 2.4
1.9349999999998977 2.4
1.9359999999998976 2.4
1.9369999999998975 2.4
1.9379999999998974 2.4
1.9389999999998973 2.4
1.9399999999998971 2.4
1.940999999999897 2.4
1.941999999999897 2.4
1.9429999999998968 2.4
1.9439999999998967 2.4
1.9449999999998966 2.4
1.9459999999998965 2.4
1.9469999999998964 2.4
1.9479999999998963 2.4
1.9489999999998961 2.4
1.949999999999896 2.4
1.950999999999896 2.4
1.9519999999998958 2.4
1.9529999999998957 2.4
1.9539999999998956 2.4
1.9549999999998955 2.4
1.9559999999998954 2.4
1.9569999999998953 2.4
1.9579999999998952 2.4
1.958999999999895 2.4
1.959999999999895 2.4
1.9609999999998948 2.4
1.9619999999998947 2.4
1.9629999999998946 2.4
1.9639999999998945 2.4
1.9649999999998944 2.4
1.9659999999998943 2.4
1.9669999999998942 2.4
1.967999999999894 2.4
1.968999999999894 2.4
1.9699999999998938 2.4
1.9709999999998937 2.4
1.9719999999998936 2.4
1.9729999999998935 2.4
1.9739999999998934 2.4
1.9749999999998933 2.4
1.9759999999998932 2.4
1.976999999999893 2.4
1.977999999999893 2.4
1.9789999999998928 2.4
1.9799999999998927 2.4
1.9809999999998926 2.4
1.9819999999998925 2.4
1.9829999999998924 2.4
1.9839999999998923 2.4
1.9849999999998922 2.4
1.985999999999892 2.4
1.986999999999892 2.4
1.9879999999998919 2.4
1.9889999999998917 2.4
1.9899999999998916 2.4
1.9909999999998915 2.4
1.9919999999998914 2.4
1.9929999999998913 2.4
1.9939999999998912 2.4
1.994999999999891 2.4
1.995999999999891 2.4
1.9969999999998909 2.4
1.9979999999998908 2.4
1.9989999999998906 2.4
1.9999999999998905 2.4
2.0009999999998906 2.4
2.0019999999998905 2.4
2.0029999999998904 2.4
2.0039999999998903 2.4
2.00499999999989 2.4
2.00599999999989 2.4
2.00699999999989 2.4
2.00799999999989 2.4
2.0089999999998898 2.4
2.0099999999998897 2.4
2.0109999999998895 2.4
2.0119999999998894 2.4
2.0129999999998893 2.4
2.013999999999889 2.4
2.014999999999889 2.4
2.015999999999889 2.4
2.016999999999889 2.4
2.0179999999998888 2.4
2.0189999999998887 2.4
2.0199999999998886 2.4
2.0209999999998884 2.4
2.0219999999998883 2.4
2.022999999999888 2.4
2.023999999999888 2.4
2.024999999999888 2.4
2.025999999999888 2.4
2.026999999999888 2.4
2.0279999999998877 2.4
2.0289999999998876 2.4
2.0299999999998875 2.4
2.0309999999998873 2.4
2.0319999999998872 2.4
2.032999999999887 2.4
2.033999999999887 2.4
2.034999999999887 2.4
2.035999999999887 2.4
2.0369999999998867 2.4
2.0379999999998866 2.4
2.0389999999998865 2.4
2.0399999999998863 2.4
2.0409999999998862 2.4
2.041999999999886 2.4
2.042999999999886 2.4
2.043999999999886 2.4
2.044999999999886 2.4
2.0459999999998857 2.4
2.0469999999998856 2.4
2.0479999999998855 2.4
2.0489999999998854 2.4
2.0499999999998852 2.4
2.050999999999885 2.4
2.051999999999885 2.4
2.052999999999885 2.4
2.053999999999885 2.4
2.0549999999998847 2.4
2.0559999999998846 2.4
2.0569999999998845 2.4
2.0579999999998844 2.4
2.0589999999998843 2.4
2.059999999999884 2.4
2.060999999999884 2.4
2.061999999999884 2.4
2.062999999999884 2.4
2.0639999999998837 2.4
2.0649999999998836 2.4
2.0659999999998835 2.4
2.0669999999998834 2.4
2.0679999999998833 2.4
2.068999999999883 2.4
2.069999999999883 2.4
2.070999999999883 2.4
2.071999999999883 2.4
2.0729999999998827 2.4
2.0739999999998826 2.4
2.0749999999998825 2.4
2.0759999999998824 2.4
2.0769999999998823 2.4
2.077999999999882 2.4
2.078999999999882 2.4
2.079999999999882 2.4
2.080999999999882 2.4
2.0819999999998817 2.4
2.0829999999998816 2.4
2.0839999999998815 2.4
2.0849999999998814 2.4
2.0859999999998813 2.4
2.086999999999881 2.4
2.087999999999881 2.4
2.088999999999881 2.4
2.089999999999881 2.4
2.0909999999998807 2.4
2.0919999999998806 2.4
2.0929999999998805 2.4
2.0939999999998804 2.4
2.0949999999998803 2.4
2.09599999999988 2.4
2.09699999999988 2.4
2.09799999999988 2.4
2.09899999999988 2.4
2.0999999999998797 2.4
2.1009999999998796 2.4
2.1019999999998795 2.4
2.1029999999998794 2.4
2.1039999999998793 2.4
2.104999999999879 2.4
2.105999999999879 2.4
2.106999999999879 2.4
2.107999999999879 2.4
2.1089999999998787 2.4
2.1099999999998786 2.4
2.1109999999998785 2.4
2.1119999999998784 2.4
2.1129999999998783 2.4
2.113999999999878 2.4
2.114999999999878 2.4
2.115999999999878 2.4
2.116999999999878 2.4
2.1179999999998778 2.4
2.1189999999998776 2.4
2.1199999999998775 2.4
2.1209999999998774 2.4
2.1219999999998773 2.4
2.122999999999877 2.4
2.123999999999877 2.4
2.124999999999877 2.4
2.125999999999877 2.4
2.1269999999998768 2.4
2.1279999999998767 2.4
2.1289999999998765 2.4
2.1299999999998764 2.4
2.1309999999998763 2.4
2.131999999999876 2.4
2.132999999999876 2.4
2.133999999999876 2.4
2.134999999999876 2.4
2.1359999999998758 2.4
2.1369999999998757 2.4
2.1379999999998756 2.4
2.1389999999998754 2.4
2.1399999999998753 2.4
2.1409999999998752 2.4
2.141999999999875 2.4
2.142999999999875 2.4
2.143999999999875 2.4
2.144999999999875 2.4
2.1459999999998747 2.4
2.1469999999998746 2.4
2.1479999999998745 2.4
2.1489999999998743 2.4
2.1499999999998742 2.4
2.150999999999874 2.4
2.151999999999874 2.4
2.152999999999874 2.4
2.153999999999874 2.4
2.1549999999998737 2.4
2.1559999999998736 2.4
2.1569999999998735 2.4
2.1579999999998734 2.4
2.1589999999998732 2.4
2.159999999999873 2.4
2.160999999999873 2.4
2.161999999999873 2.4
2.162999999999873 2.4
2.1639999999998727 2.4
2.1649999999998726 2.4
2.1659999999998725 2.4
2.1669999999998724 2.4
2.1679999999998723 2.4
2.168999999999872 2.4
2.169999999999872 2.4
2.170999999999872 2.4
2.171999999999872 2.4
2.1729999999998717 2.4
2.1739999999998716 2.4
2.1749999999998715 2.4
2.1759999999998714 2.4
2.1769999999998713 2.4
2.177999999999871 2.4
2.178999999999871 2.4
2.179999999999871 2.4
2.180999999999871 2.4
2.1819999999998707 2.4
2.1829999999998706 2.4
2.1839999999998705 2.4
2.1849999999998704 2.4
2.1859999999998703 2.4
2.18699999999987 2.4
2.18799999999987 2.4
2.18899999999987 2.4
2.18999999999987 2.4
2.1909999999998697 2.4
2.1919999999998696 2.4
2.1929999999998695 2.4
2.1939999999998694 2.4
2.1949999999998693 2.4
2.195999999999869 2.4
2.196999999999869 2.4
2.197999999999869 2.4
2.198999999999869 2.4
2.1999999999998687 2.4
2.2009999999998686 2.4
2.2019999999998685 2.4
2.2029999999998684 2.4
2.2039999999998683 2.4
2.204999999999868 2.4
2.205999999999868 2.4
2.206999999999868 2.4
2.207999999999868 2.4
2.2089999999998677 2.4
2.2099999999998676 2.4
2.2109999999998675 2.4
2.2119999999998674 2.4
2.2129999999998673 2.4
2.213999999999867 2.4
2.214999999999867 2.4
2.215999999999867 2.4
2.216999999999867 2.4
2.2179999999998667 2.4
2.2189999999998666 2.4
2.2199999999998665 2.4
2.2209999999998664 2.4
2.2219999999998663 2.4
2.222999999999866 2.4
2.223999999999866 2.4
2.224999999999866 2.4
2.225999999999866 2.4
2.2269999999998658 2.4
2.2279999999998656 2.4
2.2289999999998655 2.4
2.2299999999998654 2.4
2.2309999999998653 2.4
2.231999999999865 2.4
2.232999999999865 2.4
2.233999999999865 2.4
2.234999999999865 2.4
2.2359999999998648 2.4
2.2369999999998647 2.4
2.2379999999998645 2.4
2.2389999999998644 2.4
2.2399999999998643 2.4
2.240999999999864 2.4
2.241999999999864 2.4
2.242999999999864 2.4
2.243999999999864 2.4
2.2449999999998638 2.4
2.2459999999998637 2.4
2.2469999999998636 2.4
2.2479999999998634 2.4
2.2489999999998633 2.4
2.249999999999863 2.4
2.250999999999863 2.4
2.251999999999863 2.4
2.252999999999863 2.4
2.253999999999863 2.4
2.2549999999998627 2.4
2.2559999999998626 2.4
2.2569999999998624 2.4
2.2579999999998623 2.4
2.2589999999998622 2.4
2.259999999999862 2.4
2.260999999999862 2.4
2.261999999999862 2.4
2.262999999999862 2.4
2.2639999999998617 2.4
2.2649999999998616 2.4
2.2659999999998615 2.4
2.2669999999998613 2.4
2.2679999999998612 2.4
2.268999999999861 2.4
2.269999999999861 2.4
2.270999999999861 2.4
2.271999999999861 2.4
2.2729999999998607 2.4
2.2739999999998606 2.4
2.2749999999998605 2.4
2.2759999999998604 2.4
2.2769999999998602 2.4
2.27799999999986 2.4
2.27899999999986 2.4
2.27999999999986 2.4
2.28099999999986 2.4
2.2819999999998597 2.4
2.2829999999998596 2.4
2.2839999999998595 2.4
2.2849999999998594 2.4
2.2859999999998593 2.4
2.286999999999859 2.4
2.287999999999859 2.4
2.288999999999859 2.4
2.289999999999859 2.4
2.2909999999998587 2.4
2.2919999999998586 2.4
2.2929999999998585 2.4
2.2939999999998584 2.4
2.2949999999998583 2.4
2.295999999999858 2.4
2.296999999999858 2.4
2.297999999999858 2.4
2.298999999999858 2.4
2.2999999999998577 2.4
2.3009999999998576 2.4
2.3019999999998575 2.4
2.3029999999998574 2.4
2.3039999999998573 2.4
2.304999999999857 2.4
2.305999999999857 2.4
2.306999999999857 2.4
2.307999999999857 2.4
2.3089999999998567 2.4
2.3099999999998566 2.4
2.3109999999998565 2.4
2.3119999999998564 2.4
2.3129999999998563 2.4
2.313999999999856 2.4
2.314999999999856 2.4
2.315999999999856 2.4
2.316999999999856 2.4
2.3179999999998557 2.4
2.3189999999998556 2.4
2.3199999999998555 2.4
2.3209999999998554 2.4
2.3219999999998553 2.4
2.322999999999855 2.4
2.323999999999855 2.4
2.324999999999855 2.4
2.325999999999855 2.4
2.3269999999998547 2.4
2.3279999999998546 2.4
2.3289999999998545 2.4
2.3299999999998544 2.4
2.3309999999998543 2.4
2.331999999999854 2.4
2.332999999999854 2.4
2.333999999999854 2.4
2.334999999999854 2.4
2.3359999999998537 2.4
2.3369999999998536 2.4
2.3379999999998535 2.4
2.3389999999998534 2.4
2.3399999999998533 2.4
2.340999999999853 2.4
2.341999999999853 2.4
2.342999999999853 2.4
2.343999999999853 2.4
2.3449999999998528 2.4
2.3459999999998526 2.4
2.3469999999998525 2.4
2.3479999999998524 2.4
2.3489999999998523 2.4
2.349999999999852 2.4
2.350999999999852 2.4
2.351999999999852 2.4
2.352999999999852 2.4
2.3539999999998518 2.4
2.3549999999998517 2.4
2.3559999999998515 2.4
2.3569999999998514 2.4
2.3579999999998513 2.4
2.358999999999851 2.4
2.359999999999851 2.4
2.360999999999851 2.4
2.361999999999851 2.4
2.3629999999998508 2.4
2.3639999999998507 2.4
2.3649999999998506 2.4
2.3659999999998504 2.4
2.3669999999998503 2.4
2.3679999999998502 2.4
2.36899999999985 2.4
2.36999999999985 2.4
2.37099999999985 2.4
2.37199999999985 2.4
2.3729999999998497 2.4
2.3739999999998496 2.4
2.3749999999998495 2.4
2.3759999999998493 2.4
2.3769999999998492 2.4
2.377999999999849 2.4
2.378999999999849 2.4
2.379999999999849 2.4
2.380999999999849 2.4
2.3819999999998487 2.4
2.3829999999998486 2.4
2.3839999999998485 2.4
2.3849999999998484 2.4
2.3859999999998482 2.4
2.386999999999848 2.4
2.387999999999848 2.4
2.388999999999848 2.4
2.389999999999848 2.4
2.3909999999998477 2.4
2.3919999999998476 2.4
2.3929999999998475 2.4
2.3939999999998474 2.4
2.3949999999998473 2.4
2.395999999999847 2.4
2.396999999999847 2.4
2.397999999999847 2.4
2.398999999999847 2.4
2.3999999999998467 2.4
