2.4009999999998466 2.4
2.4019999999998465 2.4
2.4029999999998464 2.4
2.4039999999998463 2.4
2.404999999999846 2.4
2.405999999999846 2.4
2.406999999999846 2.4
2.407999999999846 2.4
2.4089999999998457 2.4
2.4099999999998456 2.4
2.4109999999998455 2.4
2.4119999999998454 2.4
2.4129999999998453 2.4
2.413999999999845 2.4
2.414999999999845 2.4
2.415999999999845 2.4
2.416999999999845 2.4
2.4179999999998447 2.4
2.4189999999998446 2.4
2.4199999999998445 2.4
2.4209999999998444 2.4
2.4219999999998443 2.4
2.422999999999844 2.4
2.423999999999844 2.4
2.424999999999844 2.4
2.425999999999844 2.4
2.4269999999998437 2.4
2.4279999999998436 2.4
2.4289999999998435 2.4
2.4299999999998434 2.4
2.4309999999998433 2.4
2.431999999999843 2.4
2.432999999999843 2.4
2.433999999999843 2.4
2.434999999999843 2.4
2.4359999999998427 2.4
2.4369999999998426 2.4
2.4379999999998425 2.4
2.4389999999998424 2.4
2.4399999999998423 2.4
2.440999999999842 2.4
2.441999999999842 2.4
2.442999999999842 2.4
2.443999999999842 2.4
2.4449999999998417 2.4
2.4459999999998416 2.4
2.4469999999998415 2.4
2.4479999999998414 2.4
2.4489999999998413 2.4
2.449999999999841 2.4
2.450999999999841 2.4
2.451999999999841 2.4
2.452999999999841 2.4
2.4539999999998408 2.4
2.4549999999998406 2.4
2.4559999999998405 2.4
2.4569999999998404 2.4
2.4579999999998403 2.4
2.45899999999984 2.4
2.45999999999984 2.4
2.46099999999984 2.4
2.46199999999984 2.4
2.4629999999998398 2.4
2.4639999999998397 2.4
2.4649999999998395 2.4
2.4659999999998394 2.4
2.4669999999998393 2.4
2.467999999999839 2.4
2.468999999999839 2.4
2.469999999999839 2.4
2.470999999999839 2.4
2.4719999999998388 2.4
2.4729999999998387 2.4
2.4739999999998386 2.4
2.4749999999998384 2.4
2.4759999999998383 2.4
2.476999999999838 2.4
2.477999999999838 2.4
2.478999999999838 2.4
2.479999999999838 2.4
2.480999999999838 2.4
2.4819999999998377 2.4
2.4829999999998376 2.4
2.4839999999998374 2.4
2.4849999999998373 2.4
2.4859999999998372 2.4
2.486999999999837 2.4
2.487999999999837 2.4
2.488999999999837 2.4
2.489999999999837 2.4
2.4909999999998367 2.4
2.4919999999998366 2.4
2.4929999999998365 2.4
2.4939999999998363 2.4
2.4949999999998362 2.4
2.495999999999836 2.4
2.496999999999836 2.4
2.497999999999836 2.4
2.498999999999836 2.4
2.4999999999998357 2.4
2.5009999999998356 2.4
2.5019999999998355 2.4
2.5029999999998354 2.4
2.5039999999998352 2.4
2.504999999999835 2.4
2.505999999999835 2.4
2.506999999999835 2.4
2.507999999999835 2.4
2.5089999999998347 2.4
2.5099999999998346 2.4
2.5109999999998345 2.4
2.5119999999998344 2.4
2.5129999999998343 2.4
2.513999999999834 2.4
2.514999999999834 2.4
2.515999999999834 2.4
2.516999999999834 2.4
2.5179999999998337 2.4
2.5189999999998336 2.4
2.5199999999998335 2.4
2.5209999999998334 2.4
2.5219999999998333 2.4
2.522999999999833 2.4
2.523999999999833 2.4
2.524999999999833 2.4
2.525999999999833 2.4
2.5269999999998327 2.4
2.5279999999998326 2.4
2.5289999999998325 2.4
2.5299999999998324 2.4
2.5309999999998323 2.4
2.531999999999832 2.4
2.532999999999832 2.4
2.533999999999832 2.4
2.534999999999832 2.4
2.5359999999998317 2.4
2.5369999999998316 2.4
2.5379999999998315 2.4
2.5389999999998314 2.4
2.5399999999998313 2.4
2.540999999999831 2.4
2.541999999999831 2.4
2.542999999999831 2.4
2.543999999999831 2.4
2.5449999999998307 2.4
2.5459999999998306 2.4
2.5469999999998305 2.4
2.5479999999998304 2.4
2.5489999999998303 2.4
2.54999999999983 2.4
2.55099999999983 2.4
2.55199999999983 2.4
2.55299999999983 2.4
2.5539999999998297 2.4
2.5549999999998296 2.4
2.5559999999998295 2.4
2.5569999999998294 2.4
2.5579999999998293 2.4
2.558999999999829 2.4
2.559999999999829 2.4
2.560999999999829 2.4
2.561999999999829 2.4
2.5629999999998287 2.4
2.5639999999998286 2.4
2.5649999999998285 2.4
2.5659999999998284 2.4
2.5669999999998283 2.4
2.567999999999828 2.4
2.568999999999828 2.4
2.569999999999828 2.4
2.570999999999828 2.4
2.5719999999998278 2.4
2.5729999999998276 2.4
2.5739999999998275 2.4
2.5749999999998274 2.4
2.5759999999998273 2.4
2.576999999999827 2.4
2.577999999999827 2.4
2.578999999999827 2.4
2.579999999999827 2.4
2.5809999999998268 2.4
2.5819999999998267 2.4
2.5829999999998265 2.4
2.5839999999998264 2.4
2.5849999999998263 2.4
2.585999999999826 2.4
2.586999999999826 2.4
2.587999999999826 2.4
2.588999999999826 2.4
2.5899999999998258 2.4
2.5909999999998257 2.4
2.5919999999998256 2.4
2.5929999999998254 2.4
2.5939999999998253 2.4
2.5949999999998252 2.4
2.595999999999825 2.4
2.596999999999825 2.4
2.597999999999825 2.4
2.598999999999825 2.4
2.5999999999998247 2.4
2.6009999999998246 2.4
2.6019999999998245 2.4
2.6029999999998243 2.4
2.6039999999998242 2.4
2.604999999999824 2.4
2.605999999999824 2.4
2.606999999999824 2.4
2.607999999999824 2.4
2.6089999999998237 2.4
2.6099999999998236 2.4
2.6109999999998235 2.4
2.6119999999998234 2.4
2.6129999999998232 2.4
2.613999999999823 2.4
2.614999999999823 2.4
2.615999999999823 2.4
2.616999999999823 2.4
2.6179999999998227 2.4
2.6189999999998226 2.4
2.6199999999998225 2.4
2.6209999999998224 2.4
2.6219999999998223 2.4
2.622999999999822 2.4
2.623999999999822 2.4
2.624999999999822 2.4
2.625999999999822 2.4
2.6269999999998217 2.4
2.6279999999998216 2.4
2.6289999999998215 2.4
2.6299999999998214 2.4
2.6309999999998213 2.4
2.631999999999821 2.4
2.632999999999821 2.4
2.633999999999821 2.4
2.634999999999821 2.4
2.6359999999998207 2.4
2.6369999999998206 2.4
2.6379999999998205 2.4
2.6389999999998204 2.4
2.6399999999998203 2.4
2.64099999999982 2.4
2.64199999999982 2.4
2.64299999999982 2.4
2.64399999999982 2.4
2.6449999999998197 2.4
2.6459999999998196 2.4
2.6469999999998195 2.4
2.6479999999998194 2.4
2.6489999999998193 2.4
2.649999999999819 2.4
2.650999999999819 2.4
2.651999999999819 2.4
2.652999999999819 2.4
2.6539999999998187 2.4
2.6549999999998186 2.4
2.6559999999998185 2.4
2.6569999999998184 2.4
2.6579999999998183 2.4
2.658999999999818 2.4
2.659999999999818 2.4
2.660999999999818 2.4
2.661999999999818 2.4
2.6629999999998177 2.4
2.6639999999998176 2.4
2.6649999999998175 2.4
2.6659999999998174 2.4
2.6669999999998173 2.4
2.667999999999817 2.4
2.668999999999817 2.4
2.669999999999817 2.4
2.670999999999817 2.4
2.6719999999998167 2.4
2.6729999999998166 2.4
2.6739999999998165 2.4
2.6749999999998164 2.4
2.6759999999998163 2.4
2.676999999999816 2.4
2.677999999999816 2.4
2.678999999999816 2.4
2.679999999999816 2.4
2.6809999999998158 2.4
2.6819999999998156 2.4
2.6829999999998155 2.4
2.6839999999998154 2.4
2.6849999999998153 2.4
2.685999999999815 2.4
2.686999999999815 2.4
2.687999999999815 2.4
2.688999999999815 2.4
2.6899999999998148 2.4
2.6909999999998147 2.4
2.6919999999998145 2.4
2.6929999999998144 2.4
2.6939999999998143 2.4
2.694999999999814 2.4
2.695999999999814 2.4
2.696999999999814 2.4
2.697999999999814 2.4
2.6989999999998138 2.4
2.6999999999998137 2.4
2.7009999999998136 2.4
2.7019999999998134 2.4
2.7029999999998133 2.4
2.703999999999813 2.4
2.704999999999813 2.4
2.705999999999813 2.4
2.706999999999813 2.4
2.707999999999813 2.4
2.7089999999998127 2.4
2.7099999999998126 2.4
2.7109999999998124 2.4
2.7119999999998123 2.4
2.7129999999998122 2.4
2.713999999999812 2.4
2.714999999999812 2.4
2.715999999999812 2.4
2.716999999999812 2.4
2.7179999999998117 2.4
2.7189999999998116 2.4
2.7199999999998115 2.4
2.7209999999998113 2.4
2.7219999999998112 2.4
2.722999999999811 2.4
2.723999999999811 2.4
2.724999999999811 2.4
2.725999999999811 2.4
2.7269999999998107 2.4
2.7279999999998106 2.4
2.7289999999998105 2.4
2.7299999999998104 2.4
2.7309999999998102 2.4
2.73199999999981 2.4
2.73299999999981 2.4
2.73399999999981 2.4
2.73499999999981 2.4
2.7359999999998097 2.4
2.7369999999998096 2.4
2.7379999999998095 2.4
2.7389999999998094 2.4
2.7399999999998093 2.4
2.740999999999809 2.4
2.741999999999809 2.4
2.742999999999809 2.4
2.743999999999809 2.4
2.7449999999998087 2.4
2.7459999999998086 2.4
2.7469999999998085 2.4
2.7479999999998084 2.4
2.7489999999998083 2.4
2.749999999999808 2.4
2.750999999999808 2.4
2.751999999999808 2.4
2.752999999999808 2.4
2.7539999999998077 2.4
2.7549999999998076 2.4
2.7559999999998075 2.4
2.7569999999998074 2.4
2.7579999999998073 2.4
2.758999999999807 2.4
2.759999999999807 2.4
2.760999999999807 2.4
2.761999999999807 2.4
2.7629999999998067 2.4
2.7639999999998066 2.4
2.7649999999998065 2.4
2.7659999999998064 2.4
2.7669999999998063 2.4
2.767999999999806 2.4
2.768999999999806 2.4
2.769999999999806 2.4
2.770999999999806 2.4
2.7719999999998057 2.4
2.7729999999998056 2.4
2.7739999999998055 2.4
2.7749999999998054 2.4
2.7759999999998053 2.4
2.776999999999805 2.4
2.777999999999805 2.4
2.778999999999805 2.4
2.779999999999805 2.4
2.7809999999998047 2.4
2.7819999999998046 2.4
2.7829999999998045 2.4
2.7839999999998044 2.4
2.7849999999998043 2.4
2.785999999999804 2.4
2.786999999999804 2.4
2.787999999999804 2.4
2.788999999999804 2.4
2.7899999999998037 2.4
2.7909999999998036 2.4
2.7919999999998035 2.4
2.7929999999998034 2.4
2.7939999999998033 2.4
2.794999999999803 2.4
2.795999999999803 2.4
2.796999999999803 2.4
2.797999999999803 2.4
2.7989999999998028 2.4
2.7999999999998026 2.4
2.8009999999998025 2.4
2.8019999999998024 2.4
2.8029999999998023 2.4
2.803999999999802 2.4
2.804999999999802 2.4
2.805999999999802 2.4
2.806999999999802 2.4
2.8079999999998018 2.4
2.8089999999998017 2.4
2.8099999999998015 2.4
2.8109999999998014 2.4
2.8119999999998013 2.4
2.812999999999801 2.4
2.813999999999801 2.4
2.814999999999801 2.4
2.815999999999801 2.4
2.8169999999998008 2.4
2.8179999999998007 2.4
2.8189999999998006 2.4
2.8199999999998004 2.4
2.8209999999998003 2.4
2.8219999999998002 2.4
2.8229999999998 2.4
2.8239999999998 2.4
2.8249999999998 2.4
2.8259999999998 2.4
2.8269999999997997 2.4
2.8279999999997996 2.4
2.8289999999997995 2.4
2.8299999999997993 2.4
2.8309999999997992 2.4
2.831999999999799 2.4
2.832999999999799 2.4
2.833999999999799 2.4
2.834999999999799 2.4
2.8359999999997987 2.4
2.8369999999997986 2.4
2.8379999999997985 2.4
2.8389999999997984 2.4
2.8399999999997982 2.4
2.840999999999798 2.4
2.841999999999798 2.4
2.842999999999798 2.4
2.843999999999798 2.4
2.8449999999997977 2.4
2.8459999999997976 2.4
2.8469999999997975 2.4
2.8479999999997974 2.4
2.8489999999997973 2.4
2.849999999999797 2.4
2.850999999999797 2.4
2.851999999999797 2.4
2.852999999999797 2.4
2.8539999999997967 2.4
2.8549999999997966 2.4
2.8559999999997965 2.4
2.8569999999997964 2.4
2.8579999999997963 2.4
2.858999999999796 2.4
2.859999999999796 2.4
2.860999999999796 2.4
2.861999999999796 2.4
2.8629999999997957 2.4
2.8639999999997956 2.4
2.8649999999997955 2.4
2.8659999999997954 2.4
2.8669999999997953 2.4
2.867999999999795 2.4
2.868999999999795 2.4
2.869999999999795 2.4
2.870999999999795 2.4
2.8719999999997947 2.4
2.8729999999997946 2.4
2.8739999999997945 2.4
2.8749999999997944 2.4
2.8759999999997943 2.4
2.876999999999794 2.4
2.877999999999794 2.4
2.878999999999794 2.4
2.879999999999794 2.4
2.8809999999997937 2.4
2.8819999999997936 2.4
2.8829999999997935 2.4
2.8839999999997934 2.4
2.8849999999997933 2.4
2.885999999999793 2.4
2.886999999999793 2.4
2.887999999999793 2.4
2.888999999999793 2.4
2.8899999999997927 2.4
2.8909999999997926 2.4
2.8919999999997925 2.4
2.8929999999997924 2.4
2.8939999999997923 2.4
2.894999999999792 2.4
2.895999999999792 2.4
2.896999999999792 2.4
2.897999999999792 2.4
2.8989999999997917 2.4
2.8999999999997916 2.4
2.9009999999997915 2.4
2.9019999999997914 2.4
2.9029999999997913 2.4
2.903999999999791 2.4
2.904999999999791 2.4
2.905999999999791 2.4
2.906999999999791 2.4
2.9079999999997908 2.4
2.9089999999997906 2.4
2.9099999999997905 2.4
2.9109999999997904 2.4
2.9119999999997903 2.4
2.91299999999979 2.4
2.91399999999979 2.4
2.91499999999979 2.4
2.91599999999979 2.4
2.9169999999997898 2.4
2.9179999999997897 2.4
2.9189999999997895 2.4
2.9199999999997894 2.4
2.9209999999997893 2.4
2.921999999999789 2.4
2.922999999999789 2.4
2.923999999999789 2.4
2.924999999999789 2.4
2.9259999999997888 2.4
2.9269999999997887 2.4
2.9279999999997885 2.4
2.9289999999997884 2.4
2.9299999999997883 2.4
2.930999999999788 2.4
2.931999999999788 2.4
2.932999999999788 2.4
2.933999999999788 2.4
2.934999999999788 2.4
2.9359999999997877 2.4
2.9369999999997876 2.4
2.9379999999997874 2.4
2.9389999999997873 2.4
2.9399999999997872 2.4
2.940999999999787 2.4
2.941999999999787 2.4
2.942999999999787 2.4
2.943999999999787 2.4
2.9449999999997867 2.4
2.9459999999997866 2.4
2.9469999999997865 2.4
2.9479999999997863 2.4
2.9489999999997862 2.4
2.949999999999786 2.4
2.950999999999786 2.4
2.951999999999786 2.4
2.952999999999786 2.4
2.9539999999997857 2.4
2.9549999999997856 2.4
2.9559999999997855 2.4
2.9569999999997854 2.4
2.9579999999997852 2.4
2.958999999999785 2.4
2.959999999999785 2.4
2.960999999999785 2.4
2.961999999999785 2.4
2.9629999999997847 2.4
2.9639999999997846 2.4
2.9649999999997845 2.4
2.9659999999997844 2.4
2.9669999999997843 2.4
2.967999999999784 2.4
2.968999999999784 2.4
2.969999999999784 2.4
2.970999999999784 2.4
2.9719999999997837 2.4
2.9729999999997836 2.4
2.9739999999997835 2.4
2.9749999999997834 2.4
2.9759999999997833 2.4
2.976999999999783 2.4
2.977999999999783 2.4
2.978999999999783 2.4
2.979999999999783 2.4
2.9809999999997827 2.4
2.9819999999997826 2.4
2.9829999999997825 2.4
2.9839999999997824 2.4
2.9849999999997823 2.4
2.985999999999782 2.4
2.986999999999782 2.4
2.987999999999782 2.4
2.988999999999782 2.4
2.9899999999997817 2.4
2.9909999999997816 2.4
2.9919999999997815 2.4
2.9929999999997814 2.4
2.9939999999997813 2.4
2.994999999999781 2.4
2.995999999999781 2.4
2.996999999999781 2.4
2.997999999999781 2.4
2.9989999999997807 2.4
2.9999999999997806 2.4
