0.4 8.881784197001253e-17
0.401 0.0012000000000000454
0.402 0.002400000000000002
0.403 0.0036000000000000476
0.404 0.004800000000000093
0.405 0.0060000000000000496
0.406 0.007200000000000007
0.40700000000000003 0.008400000000000052
0.40800000000000003 0.009600000000000098
0.40900000000000003 0.010800000000000054
0.41000000000000003 0.01200000000000001
0.41100000000000003 0.013200000000000055
0.41200000000000003 0.014400000000000102
0.41300000000000003 0.015600000000000058
0.41400000000000003 0.016800000000000016
0.41500000000000004 0.01800000000000006
0.41600000000000004 0.019200000000000106
0.41700000000000004 0.020400000000000064
0.41800000000000004 0.02160000000000002
0.41900000000000004 0.022800000000000063
0.42000000000000004 0.02400000000000011
0.42100000000000004 0.025200000000000066
0.42200000000000004 0.026400000000000024
0.42300000000000004 0.02760000000000007
0.42400000000000004 0.028800000000000114
0.42500000000000004 0.030000000000000072
0.42600000000000005 0.031200000000000026
0.42700000000000005 0.032400000000000075
0.42800000000000005 0.033600000000000116
0.42900000000000005 0.034800000000000074
0.43000000000000005 0.03600000000000003
0.43100000000000005 0.03720000000000008
0.43200000000000005 0.03840000000000012
0.43300000000000005 0.03960000000000008
0.43400000000000005 0.04080000000000004
0.43500000000000005 0.04200000000000008
0.43600000000000005 0.04320000000000013
0.43700000000000006 0.044400000000000085
0.43800000000000006 0.04560000000000004
0.43900000000000006 0.046800000000000085
0.44000000000000006 0.04800000000000013
0.44100000000000006 0.04920000000000009
0.44200000000000006 0.05040000000000004
0.44300000000000006 0.05160000000000009
0.44400000000000006 0.05280000000000014
0.44500000000000006 0.05400000000000009
0.44600000000000006 0.05520000000000005
0.44700000000000006 0.056400000000000096
0.44800000000000006 0.05760000000000014
0.44900000000000007 0.058800000000000095
0.45000000000000007 0.06000000000000005
0.45100000000000007 0.0612000000000001
0.45200000000000007 0.06240000000000014
0.45300000000000007 0.0636000000000001
0.45400000000000007 0.06480000000000005
0.45500000000000007 0.0660000000000001
0.45600000000000007 0.06720000000000015
0.4570000000000001 0.0684000000000001
0.4580000000000001 0.06960000000000006
0.4590000000000001 0.07080000000000011
0.4600000000000001 0.07200000000000015
0.4610000000000001 0.07320000000000011
0.4620000000000001 0.07440000000000006
0.4630000000000001 0.07560000000000011
0.4640000000000001 0.07680000000000016
0.4650000000000001 0.07800000000000011
0.4660000000000001 0.07920000000000008
0.4670000000000001 0.08040000000000011
0.4680000000000001 0.08160000000000016
0.4690000000000001 0.08280000000000012
0.4700000000000001 0.08400000000000007
0.4710000000000001 0.08520000000000012
0.4720000000000001 0.08640000000000017
0.4730000000000001 0.08760000000000012
0.4740000000000001 0.08880000000000007
0.4750000000000001 0.09000000000000012
0.4760000000000001 0.09120000000000017
0.4770000000000001 0.09240000000000012
0.4780000000000001 0.09360000000000009
0.4790000000000001 0.09480000000000013
0.4800000000000001 0.09600000000000017
0.4810000000000001 0.09720000000000013
0.4820000000000001 0.09840000000000008
0.4830000000000001 0.09960000000000013
0.4840000000000001 0.10080000000000018
0.4850000000000001 0.10200000000000013
0.4860000000000001 0.1032000000000001
0.4870000000000001 0.10440000000000013
0.4880000000000001 0.10560000000000018
0.4890000000000001 0.10680000000000014
0.4900000000000001 0.1080000000000001
0.4910000000000001 0.10920000000000014
0.4920000000000001 0.11040000000000019
0.4930000000000001 0.11160000000000014
0.4940000000000001 0.1128000000000001
0.4950000000000001 0.11400000000000014
0.4960000000000001 0.11520000000000019
0.4970000000000001 0.11640000000000014
0.4980000000000001 0.11760000000000011
0.4990000000000001 0.11880000000000016
0.5000000000000001 0.12000000000000019
0.5010000000000001 0.12120000000000015
0.5020000000000001 0.1224000000000001
0.5030000000000001 0.12360000000000015
0.5040000000000001 0.1248000000000002
0.5050000000000001 0.12600000000000017
0.5060000000000001 0.12720000000000012
0.5070000000000001 0.12840000000000015
0.5080000000000001 0.12960000000000022
0.5090000000000001 0.13080000000000017
0.5100000000000001 0.13200000000000012
0.5110000000000001 0.13320000000000015
0.5120000000000001 0.1344000000000002
0.5130000000000001 0.13560000000000016
0.5140000000000001 0.13680000000000012
0.5150000000000001 0.13800000000000018
0.5160000000000001 0.1392000000000002
0.5170000000000001 0.14040000000000016
0.5180000000000001 0.14160000000000011
0.5190000000000001 0.14280000000000018
0.5200000000000001 0.1440000000000002
0.5210000000000001 0.14520000000000016
0.5220000000000001 0.14640000000000014
0.5230000000000001 0.14760000000000018
0.5240000000000001 0.1488000000000002
0.5250000000000001 0.1500000000000002
0.5260000000000001 0.15120000000000014
0.5270000000000001 0.15240000000000017
0.5280000000000001 0.15360000000000024
0.5290000000000001 0.1548000000000002
0.5300000000000001 0.15600000000000014
0.5310000000000001 0.15720000000000017
0.5320000000000001 0.15840000000000024
0.5330000000000001 0.1596000000000002
0.5340000000000001 0.16080000000000014
0.5350000000000001 0.1620000000000002
0.5360000000000001 0.16320000000000023
0.5370000000000001 0.16440000000000018
0.5380000000000001 0.16560000000000014
0.5390000000000001 0.1668000000000002
0.5400000000000001 0.16800000000000023
0.5410000000000001 0.16920000000000018
0.5420000000000001 0.17040000000000016
0.5430000000000001 0.1716000000000002
0.5440000000000002 0.17280000000000023
0.5450000000000002 0.1740000000000002
0.5460000000000002 0.17520000000000016
0.5470000000000002 0.1764000000000002
0.5480000000000002 0.17760000000000026
0.5490000000000002 0.1788000000000002
0.5500000000000002 0.18000000000000016
0.5510000000000002 0.1812000000000002
0.5520000000000002 0.18240000000000026
0.5530000000000002 0.1836000000000002
0.5540000000000002 0.18480000000000016
0.5550000000000002 0.18600000000000022
0.5560000000000002 0.18720000000000026
0.5570000000000002 0.1884000000000002
0.5580000000000002 0.18960000000000016
0.5590000000000002 0.19080000000000022
0.5600000000000002 0.19200000000000025
0.5610000000000002 0.1932000000000002
0.5620000000000002 0.19440000000000018
0.5630000000000002 0.19560000000000022
0.5640000000000002 0.19680000000000025
0.5650000000000002 0.19800000000000023
0.5660000000000002 0.19920000000000018
0.5670000000000002 0.20040000000000022
0.5680000000000002 0.20160000000000028
0.5690000000000002 0.20280000000000023
0.5700000000000002 0.20400000000000018
0.5710000000000002 0.20520000000000022
0.5720000000000002 0.20640000000000028
0.5730000000000002 0.20760000000000023
0.5740000000000002 0.20880000000000018
0.5750000000000002 0.21000000000000024
0.5760000000000002 0.21120000000000028
0.5770000000000002 0.21240000000000023
0.5780000000000002 0.21360000000000018
0.5790000000000002 0.21480000000000024
0.5800000000000002 0.21600000000000028
0.5810000000000002 0.21720000000000023
0.5820000000000002 0.2184000000000002
0.5830000000000002 0.21960000000000024
0.5840000000000002 0.22080000000000027
0.5850000000000002 0.22200000000000025
0.5860000000000002 0.2232000000000002
0.5870000000000002 0.22440000000000024
0.5880000000000002 0.2256000000000003
0.5890000000000002 0.22680000000000025
0.5900000000000002 0.2280000000000002
0.5910000000000002 0.22920000000000024
0.5920000000000002 0.2304000000000003
0.5930000000000002 0.23160000000000025
0.5940000000000002 0.2328000000000002
0.5950000000000002 0.23400000000000026
0.5960000000000002 0.2352000000000003
0.5970000000000002 0.23640000000000025
0.5980000000000002 0.2376000000000002
0.5990000000000002 0.23880000000000026
0.6000000000000002 0.2400000000000003
0.6010000000000002 0.24120000000000025
0.6020000000000002 0.24240000000000023
0.6030000000000002 0.24360000000000026
0.6040000000000002 0.2448000000000003
0.6050000000000002 0.24600000000000027
0.6060000000000002 0.24720000000000023
0.6070000000000002 0.24840000000000026
0.6080000000000002 0.24960000000000032
0.6090000000000002 0.25080000000000024
0.6100000000000002 0.2520000000000002
0.6110000000000002 0.25320000000000026
0.6120000000000002 0.2544000000000003
0.6130000000000002 0.25560000000000027
0.6140000000000002 0.25680000000000025
0.6150000000000002 0.2580000000000003
0.6160000000000002 0.2592000000000003
0.6170000000000002 0.2604000000000003
0.6180000000000002 0.2616000000000002
0.6190000000000002 0.26280000000000026
0.6200000000000002 0.26400000000000035
0.6210000000000002 0.26520000000000027
0.6220000000000002 0.26640000000000025
0.6230000000000002 0.2676000000000003
0.6240000000000002 0.2688000000000003
0.6250000000000002 0.2700000000000003
0.6260000000000002 0.2712000000000002
0.6270000000000002 0.2724000000000003
0.6280000000000002 0.27360000000000034
0.6290000000000002 0.27480000000000027
0.6300000000000002 0.27600000000000025
0.6310000000000002 0.2772000000000003
0.6320000000000002 0.2784000000000003
0.6330000000000002 0.2796000000000003
0.6340000000000002 0.28080000000000027
0.6350000000000002 0.2820000000000003
0.6360000000000002 0.28320000000000034
0.6370000000000002 0.2844000000000003
0.6380000000000002 0.28560000000000024
0.6390000000000002 0.2868000000000003
0.6400000000000002 0.28800000000000037
0.6410000000000002 0.2892000000000003
0.6420000000000002 0.29040000000000027
0.6430000000000002 0.2916000000000003
0.6440000000000002 0.29280000000000034
0.6450000000000002 0.2940000000000003
0.6460000000000002 0.29520000000000024
0.6470000000000002 0.29640000000000033
0.6480000000000002 0.29760000000000036
0.6490000000000002 0.2988000000000003
0.6500000000000002 0.30000000000000027
0.6510000000000002 0.3012000000000003
0.6520000000000002 0.30240000000000034
0.6530000000000002 0.3036000000000003
0.6540000000000002 0.3048000000000003
0.6550000000000002 0.3060000000000003
0.6560000000000002 0.30720000000000036
0.6570000000000003 0.30840000000000034
0.6580000000000003 0.30960000000000026
0.6590000000000003 0.3108000000000003
0.6600000000000003 0.3120000000000004
0.6610000000000003 0.3132000000000003
0.6620000000000003 0.3144000000000003
0.6630000000000003 0.3156000000000003
0.6640000000000003 0.31680000000000036
0.6650000000000003 0.31800000000000034
0.6660000000000003 0.31920000000000026
0.6670000000000003 0.32040000000000035
0.6680000000000003 0.3216000000000004
0.6690000000000003 0.32280000000000025
0.6700000000000003 0.3240000000000003
0.6710000000000003 0.3252000000000003
0.6720000000000003 0.32640000000000036
0.6730000000000003 0.32760000000000045
0.6740000000000003 0.3288000000000003
0.6750000000000003 0.33000000000000035
0.6760000000000003 0.3312000000000004
0.6770000000000003 0.33240000000000025
0.6780000000000003 0.3336000000000003
0.6790000000000003 0.3348000000000003
0.6800000000000003 0.3360000000000004
0.6810000000000003 0.33720000000000044
0.6820000000000003 0.3384000000000003
0.6830000000000003 0.33960000000000035
0.6840000000000003 0.3408000000000004
0.6850000000000003 0.34200000000000025
0.6860000000000003 0.3432000000000003
0.6870000000000003 0.3444000000000004
0.6880000000000003 0.3456000000000004
0.6890000000000003 0.34680000000000044
0.6900000000000003 0.3480000000000003
0.6910000000000003 0.34920000000000034
0.6920000000000003 0.3504000000000004
0.6930000000000003 0.35160000000000025
0.6940000000000003 0.35280000000000034
0.6950000000000003 0.35400000000000037
0.6960000000000003 0.3552000000000004
0.6970000000000003 0.35640000000000044
0.6980000000000003 0.3576000000000003
0.6990000000000003 0.35880000000000034
0.7000000000000003 0.36000000000000043
0.7010000000000003 0.3612000000000003
0.7020000000000003 0.36240000000000033
0.7030000000000003 0.36360000000000037
0.7040000000000003 0.3648000000000004
0.7050000000000003 0.36600000000000044
0.7060000000000003 0.3672000000000003
0.7070000000000003 0.3684000000000004
0.7080000000000003 0.36960000000000043
0.7090000000000003 0.3708000000000003
0.7100000000000003 0.37200000000000033
0.7110000000000003 0.37320000000000036
0.7120000000000003 0.3744000000000004
0.7130000000000003 0.3756000000000005
0.7140000000000003 0.37680000000000036
0.7150000000000003 0.3780000000000004
0.7160000000000003 0.3792000000000004
0.7170000000000003 0.3804000000000003
0.7180000000000003 0.38160000000000033
0.7190000000000003 0.38280000000000036
0.7200000000000003 0.38400000000000045
0.7210000000000003 0.3852000000000005
0.7220000000000003 0.38640000000000035
0.7230000000000003 0.3876000000000004
0.7240000000000003 0.3888000000000004
0.7250000000000003 0.3900000000000003
0.7260000000000003 0.3912000000000003
0.7270000000000003 0.3924000000000004
0.7280000000000003 0.39360000000000045
0.7290000000000003 0.3948000000000005
0.7300000000000003 0.39600000000000035
0.7310000000000003 0.3972000000000004
0.7320000000000003 0.3984000000000004
0.7330000000000003 0.3996000000000003
0.7340000000000003 0.4008000000000004
0.7350000000000003 0.4020000000000004
0.7360000000000003 0.40320000000000045
0.7370000000000003 0.4044000000000005
0.7380000000000003 0.40560000000000035
0.7390000000000003 0.4068000000000004
0.7400000000000003 0.4080000000000005
0.7410000000000003 0.40920000000000034
0.7420000000000003 0.4104000000000004
0.7430000000000003 0.4116000000000004
0.7440000000000003 0.41280000000000044
0.7450000000000003 0.4140000000000005
0.7460000000000003 0.41520000000000035
0.7470000000000003 0.41640000000000044
0.7480000000000003 0.41760000000000047
0.7490000000000003 0.41880000000000034
0.7500000000000003 0.4200000000000004
0.7510000000000003 0.4212000000000004
0.7520000000000003 0.42240000000000044
0.7530000000000003 0.42360000000000053
0.7540000000000003 0.4248000000000004
0.7550000000000003 0.42600000000000043
0.7560000000000003 0.42720000000000047
0.7570000000000003 0.42840000000000034
0.7580000000000003 0.42960000000000037
0.7590000000000003 0.4308000000000004
0.7600000000000003 0.4320000000000005
0.7610000000000003 0.43320000000000053
0.7620000000000003 0.4344000000000004
0.7630000000000003 0.43560000000000043
0.7640000000000003 0.43680000000000047
0.7650000000000003 0.43800000000000033
0.7660000000000003 0.43920000000000037
0.7670000000000003 0.44040000000000046
0.7680000000000003 0.4416000000000005
0.7690000000000003 0.4428000000000005
0.7700000000000004 0.4440000000000004
0.7710000000000004 0.44520000000000043
0.7720000000000004 0.44640000000000046
0.7730000000000004 0.44760000000000033
0.7740000000000004 0.4488000000000004
0.7750000000000004 0.45000000000000046
0.7760000000000004 0.4512000000000005
0.7770000000000004 0.4524000000000005
0.7780000000000004 0.4536000000000004
0.7790000000000004 0.4548000000000004
0.7800000000000004 0.4560000000000005
0.7810000000000004 0.4572000000000004
0.7820000000000004 0.4584000000000004
0.7830000000000004 0.45960000000000045
0.7840000000000004 0.4608000000000005
0.7850000000000004 0.4620000000000005
0.7860000000000004 0.4632000000000004
0.7870000000000004 0.4644000000000005
0.7880000000000004 0.4656000000000005
0.7890000000000004 0.4668000000000004
0.7900000000000004 0.4680000000000004
0.7910000000000004 0.46920000000000045
0.7920000000000004 0.4704000000000005
0.7930000000000004 0.4716000000000006
0.7940000000000004 0.47280000000000044
0.7950000000000004 0.4740000000000005
0.7960000000000004 0.4752000000000005
0.7970000000000004 0.4764000000000004
0.7980000000000004 0.4776000000000004
0.7990000000000004 0.47880000000000045
0.8000000000000004 0.48000000000000054
0.8010000000000004 0.48120000000000057
0.8020000000000004 0.48240000000000044
0.8030000000000004 0.4836000000000005
0.8040000000000004 0.4848000000000005
0.8050000000000004 0.4860000000000004
0.8060000000000004 0.4872000000000004
0.8070000000000004 0.4884000000000005
0.8080000000000004 0.48960000000000053
0.8090000000000004 0.49080000000000057
0.8100000000000004 0.49200000000000044
0.8110000000000004 0.49320000000000047
0.8120000000000004 0.4944000000000005
0.8130000000000004 0.4956000000000004
0.8140000000000004 0.49680000000000046
0.8150000000000004 0.4980000000000005
0.8160000000000004 0.49920000000000053
0.8170000000000004 0.5004000000000006
0.8180000000000004 0.5016000000000005
0.8190000000000004 0.5028000000000005
0.8200000000000004 0.5040000000000006
0.8210000000000004 0.5052000000000004
0.8220000000000004 0.5064000000000004
0.8230000000000004 0.5076000000000005
0.8240000000000004 0.5088000000000006
0.8250000000000004 0.5100000000000006
0.8260000000000004 0.5112000000000004
0.8270000000000004 0.5124000000000005
0.8280000000000004 0.5136000000000005
0.8290000000000004 0.5148000000000004
0.8300000000000004 0.5160000000000005
0.8310000000000004 0.5172000000000005
0.8320000000000004 0.5184000000000005
0.8330000000000004 0.5196000000000006
0.8340000000000004 0.5208000000000005
0.8350000000000004 0.5220000000000005
0.8360000000000004 0.5232000000000006
0.8370000000000004 0.5244000000000004
0.8380000000000004 0.5256000000000005
0.8390000000000004 0.5268000000000005
0.8400000000000004 0.5280000000000006
0.8410000000000004 0.5292000000000006
0.8420000000000004 0.5304000000000004
0.8430000000000004 0.5316000000000005
0.8440000000000004 0.5328000000000006
0.8450000000000004 0.5340000000000005
0.8460000000000004 0.5352000000000005
0.8470000000000004 0.5364000000000005
0.8480000000000004 0.5376000000000005
0.8490000000000004 0.5388000000000006
0.8500000000000004 0.5400000000000005
0.8510000000000004 0.5412000000000006
0.8520000000000004 0.5424000000000005
0.8530000000000004 0.5436000000000004
0.8540000000000004 0.5448000000000005
0.8550000000000004 0.5460000000000005
0.8560000000000004 0.5472000000000006
0.8570000000000004 0.5484000000000007
0.8580000000000004 0.5496000000000005
0.8590000000000004 0.5508000000000005
0.8600000000000004 0.5520000000000006
0.8610000000000004 0.5532000000000005
0.8620000000000004 0.5544000000000004
0.8630000000000004 0.5556000000000005
0.8640000000000004 0.5568000000000006
0.8650000000000004 0.5580000000000006
0.8660000000000004 0.5592000000000005
0.8670000000000004 0.5604000000000006
0.8680000000000004 0.5616000000000005
0.8690000000000004 0.5628000000000004
0.8700000000000004 0.5640000000000005
0.8710000000000004 0.5652000000000006
0.8720000000000004 0.5664000000000006
0.8730000000000004 0.5676000000000007
0.8740000000000004 0.5688000000000005
0.8750000000000004 0.5700000000000005
0.8760000000000004 0.5712000000000006
0.8770000000000004 0.5724000000000005
0.8780000000000004 0.5736000000000006
0.8790000000000004 0.5748000000000005
0.8800000000000004 0.5760000000000006
0.8810000000000004 0.5772000000000006
0.8820000000000005 0.5784000000000005
0.8830000000000005 0.5796000000000006
0.8840000000000005 0.5808000000000006
0.8850000000000005 0.5820000000000005
0.8860000000000005 0.5832000000000005
0.8870000000000005 0.5844000000000006
0.8880000000000005 0.5856000000000006
0.8890000000000005 0.5868000000000007
0.8900000000000005 0.5880000000000005
0.8910000000000005 0.5892000000000006
0.8920000000000005 0.5904000000000006
0.8930000000000005 0.5916000000000005
0.8940000000000005 0.5928000000000005
0.8950000000000005 0.5940000000000005
0.8960000000000005 0.5952000000000006
0.8970000000000005 0.5964000000000007
0.8980000000000005 0.5976000000000006
0.8990000000000005 0.5988000000000006
0.9000000000000005 0.6000000000000006
0.9010000000000005 0.6012000000000005
0.9020000000000005 0.6024000000000005
0.9030000000000005 0.6036000000000006
0.9040000000000005 0.6048000000000007
0.9050000000000005 0.6060000000000006
0.9060000000000005 0.6072000000000005
0.9070000000000005 0.6084000000000006
0.9080000000000005 0.6096000000000006
0.9090000000000005 0.6108000000000005
0.9100000000000005 0.6120000000000005
0.9110000000000005 0.6132000000000006
0.9120000000000005 0.6144000000000006
0.9130000000000005 0.6156000000000007
0.9140000000000005 0.6168000000000006
0.9150000000000005 0.6180000000000005
0.9160000000000005 0.6192000000000006
0.9170000000000005 0.6204000000000005
0.9180000000000005 0.6216000000000006
0.9190000000000005 0.6228000000000006
0.9200000000000005 0.6240000000000007
0.9210000000000005 0.6252000000000006
0.9220000000000005 0.6264000000000005
0.9230000000000005 0.6276000000000006
0.9240000000000005 0.6288000000000007
0.9250000000000005 0.6300000000000006
0.9260000000000005 0.6312000000000005
0.9270000000000005 0.6324000000000006
0.9280000000000005 0.6336000000000006
0.9290000000000005 0.6348000000000007
0.9300000000000005 0.6360000000000006
0.9310000000000005 0.6372000000000007
0.9320000000000005 0.6384000000000006
0.9330000000000005 0.6396000000000005
0.9340000000000005 0.6408000000000006
0.9350000000000005 0.6420000000000006
0.9360000000000005 0.6432000000000007
0.9370000000000005 0.6444000000000007
0.9380000000000005 0.6456000000000006
0.9390000000000005 0.6468000000000006
0.9400000000000005 0.6480000000000007
0.9410000000000005 0.6492000000000006
0.9420000000000005 0.6504000000000005
0.9430000000000005 0.6516000000000006
0.9440000000000005 0.6528000000000007
0.9450000000000005 0.6540000000000007
0.9460000000000005 0.6552000000000006
0.9470000000000005 0.6564000000000006
0.9480000000000005 0.6576000000000006
0.9490000000000005 0.6588000000000005
0.9500000000000005 0.6600000000000006
0.9510000000000005 0.6612000000000007
0.9520000000000005 0.6624000000000007
0.9530000000000005 0.6636000000000007
0.9540000000000005 0.6648000000000006
0.9550000000000005 0.6660000000000006
0.9560000000000005 0.6672000000000007
0.9570000000000005 0.6684000000000005
0.9580000000000005 0.6696000000000006
0.9590000000000005 0.6708000000000006
0.9600000000000005 0.6720000000000007
0.9610000000000005 0.6732000000000007
0.9620000000000005 0.6744000000000006
0.9630000000000005 0.6756000000000006
0.9640000000000005 0.6768000000000007
0.9650000000000005 0.6780000000000006
0.9660000000000005 0.6792000000000006
0.9670000000000005 0.6804000000000007
0.9680000000000005 0.6816000000000006
0.9690000000000005 0.6828000000000007
0.9700000000000005 0.6840000000000006
0.9710000000000005 0.6852000000000007
0.9720000000000005 0.6864000000000007
0.9730000000000005 0.6876000000000005
0.9740000000000005 0.6888000000000006
0.9750000000000005 0.6900000000000006
0.9760000000000005 0.6912000000000007
0.9770000000000005 0.6924000000000008
0.9780000000000005 0.6936000000000007
0.9790000000000005 0.6948000000000006
0.9800000000000005 0.6960000000000007
0.9810000000000005 0.6972000000000006
0.9820000000000005 0.6984000000000006
0.9830000000000005 0.6996000000000007
0.9840000000000005 0.7008000000000008
0.9850000000000005 0.7020000000000007
0.9860000000000005 0.7032000000000006
0.9870000000000005 0.7044000000000007
0.9880000000000005 0.7056000000000007
0.9890000000000005 0.7068000000000005
0.9900000000000005 0.7080000000000006
0.9910000000000005 0.7092000000000007
0.9920000000000005 0.7104000000000007
0.9930000000000005 0.7116000000000008
0.9940000000000005 0.7128000000000007
0.9950000000000006 0.7140000000000006
0.9960000000000006 0.7152000000000007
0.9970000000000006 0.7164000000000006
0.9980000000000006 0.7176000000000007
0.9990000000000006 0.7188000000000007
1.0000000000000004 0.7200000000000005
1.0010000000000003 0.7212000000000004
1.0020000000000002 0.7224000000000003
1.0030000000000001 0.7236000000000001
1.004 0.7248
1.005 0.7259999999999999
1.0059999999999998 0.7271999999999997
1.0069999999999997 0.7283999999999996
1.0079999999999996 0.7295999999999995
1.0089999999999995 0.7307999999999993
1.0099999999999993 0.7319999999999992
1.0109999999999992 0.7331999999999991
1.0119999999999991 0.7343999999999989
1.012999999999999 0.7355999999999988
1.013999999999999 0.7367999999999987
1.0149999999999988 0.7379999999999985
1.0159999999999987 0.7391999999999984
1.0169999999999986 0.7403999999999983
1.0179999999999985 0.7415999999999981
1.0189999999999984 0.742799999999998
1.0199999999999982 0.7439999999999979
1.0209999999999981 0.7451999999999978
1.021999999999998 0.7463999999999976
1.022999999999998 0.7475999999999975
1.0239999999999978 0.7487999999999974
1.0249999999999977 0.7499999999999972
1.0259999999999976 0.7511999999999971
1.0269999999999975 0.752399999999997
1.0279999999999974 0.7535999999999968
1.0289999999999973 0.7547999999999967
1.0299999999999971 0.7559999999999966
1.030999999999997 0.7571999999999964
1.031999999999997 0.7583999999999963
1.0329999999999968 0.7595999999999962
1.0339999999999967 0.760799999999996
1.0349999999999966 0.7619999999999959
1.0359999999999965 0.7631999999999958
1.0369999999999964 0.7643999999999956
1.0379999999999963 0.7655999999999955
1.0389999999999961 0.7667999999999954
1.039999999999996 0.7679999999999952
1.040999999999996 0.7691999999999951
1.0419999999999958 0.770399999999995
1.0429999999999957 0.7715999999999948
1.0439999999999956 0.7727999999999947
1.0449999999999955 0.7739999999999946
1.0459999999999954 0.7751999999999944
1.0469999999999953 0.7763999999999943
1.0479999999999952 0.7775999999999942
1.048999999999995 0.778799999999994
1.049999999999995 0.7799999999999939
1.0509999999999948 0.7811999999999938
1.0519999999999947 0.7823999999999937
1.0529999999999946 0.7835999999999935
1.0539999999999945 0.7847999999999934
1.0549999999999944 0.7859999999999933
1.0559999999999943 0.7871999999999931
1.0569999999999942 0.788399999999993
1.057999999999994 0.7895999999999929
1.058999999999994 0.7907999999999927
1.0599999999999938 0.7919999999999926
1.0609999999999937 0.7931999999999925
1.0619999999999936 0.7943999999999923
1.0629999999999935 0.7955999999999922
1.0639999999999934 0.7967999999999921
1.0649999999999933 0.7979999999999919
1.0659999999999932 0.7991999999999918
1.066999999999993 0.8003999999999916
1.067999999999993 0.8015999999999917
1.0689999999999928 0.8027999999999913
1.0699999999999927 0.8039999999999914
1.0709999999999926 0.805199999999991
1.0719999999999925 0.8063999999999911
1.0729999999999924 0.8075999999999908
1.0739999999999923 0.8087999999999909
1.0749999999999922 0.8099999999999905
1.075999999999992 0.8111999999999906
1.076999999999992 0.8123999999999902
1.0779999999999919 0.8135999999999903
1.0789999999999917 0.81479999999999
1.0799999999999916 0.8159999999999901
1.0809999999999915 0.8171999999999897
1.0819999999999914 0.8183999999999898
1.0829999999999913 0.8195999999999894
1.0839999999999912 0.8207999999999895
1.084999999999991 0.8219999999999892
1.085999999999991 0.8231999999999893
1.0869999999999909 0.8243999999999889
1.0879999999999908 0.825599999999989
1.0889999999999906 0.8267999999999887
1.0899999999999905 0.8279999999999887
1.0909999999999904 0.8291999999999884
1.0919999999999903 0.8303999999999885
1.0929999999999902 0.8315999999999881
1.09399999999999 0.8327999999999882
1.09499999999999 0.8339999999999879
1.0959999999999899 0.835199999999988
1.0969999999999898 0.8363999999999876
1.0979999999999897 0.8375999999999877
1.0989999999999895 0.8387999999999873
1.0999999999999894 0.8399999999999874
1.1009999999999893 0.8411999999999871
1.1019999999999892 0.8423999999999872
1.102999999999989 0.8435999999999868
1.103999999999989 0.8447999999999869
1.1049999999999889 0.8459999999999865
1.1059999999999888 0.8471999999999866
1.1069999999999887 0.8483999999999863
1.1079999999999885 0.8495999999999864
1.1089999999999884 0.850799999999986
1.1099999999999883 0.8519999999999861
1.1109999999999882 0.8531999999999857
1.111999999999988 0.8543999999999858
1.112999999999988 0.8555999999999855
1.1139999999999879 0.8567999999999856
1.1149999999999878 0.8579999999999852
1.1159999999999877 0.8591999999999853
1.1169999999999876 0.860399999999985
1.1179999999999874 0.861599999999985
1.1189999999999873 0.8627999999999847
1.1199999999999872 0.8639999999999848
1.1209999999999871 0.8651999999999844
1.121999999999987 0.8663999999999845
1.122999999999987 0.8675999999999842
1.1239999999999868 0.8687999999999843
1.1249999999999867 0.8699999999999839
1.1259999999999866 0.871199999999984
1.1269999999999865 0.8723999999999836
1.1279999999999863 0.8735999999999837
1.1289999999999862 0.8747999999999834
1.1299999999999861 0.8759999999999835
1.130999999999986 0.8771999999999831
1.131999999999986 0.8783999999999832
1.1329999999999858 0.8795999999999828
1.1339999999999857 0.8807999999999829
1.1349999999999856 0.8819999999999826
1.1359999999999855 0.8831999999999827
1.1369999999999854 0.8843999999999823
1.1379999999999852 0.8855999999999824
1.1389999999999851 0.886799999999982
1.139999999999985 0.8879999999999821
1.140999999999985 0.8891999999999818
1.1419999999999848 0.8903999999999819
1.1429999999999847 0.8915999999999815
1.1439999999999846 0.8927999999999816
1.1449999999999845 0.8939999999999813
1.1459999999999844 0.8951999999999813
1.1469999999999843 0.896399999999981
1.1479999999999841 0.8975999999999811
1.148999999999984 0.8987999999999807
1.149999999999984 0.8999999999999808
1.1509999999999838 0.9011999999999805
1.1519999999999837 0.9023999999999806
1.1529999999999836 0.9035999999999802
1.1539999999999835 0.9047999999999803
1.1549999999999834 0.9059999999999799
1.1559999999999833 0.90719999999998
1.1569999999999832 0.9083999999999797
1.157999999999983 0.9095999999999798
1.158999999999983 0.9107999999999794
1.1599999999999828 0.9119999999999795
1.1609999999999827 0.9131999999999791
1.1619999999999826 0.9143999999999792
1.1629999999999825 0.9155999999999789
1.1639999999999824 0.916799999999979
1.1649999999999823 0.9179999999999786
1.1659999999999822 0.9191999999999787
1.166999999999982 0.9203999999999783
1.167999999999982 0.9215999999999784
1.1689999999999818 0.9227999999999781
1.1699999999999817 0.9239999999999782
1.1709999999999816 0.9251999999999778
1.1719999999999815 0.9263999999999779
1.1729999999999814 0.9275999999999776
1.1739999999999813 0.9287999999999776
1.1749999999999812 0.9299999999999773
1.175999999999981 0.9311999999999774
1.176999999999981 0.932399999999977
1.1779999999999808 0.9335999999999771
1.1789999999999807 0.9347999999999768
1.1799999999999806 0.9359999999999769
1.1809999999999805 0.9371999999999765
1.1819999999999804 0.9383999999999766
1.1829999999999803 0.9395999999999762
1.1839999999999802 0.9407999999999763
1.18499999999998 0.941999999999976
1.18599999999998 0.9431999999999761
1.1869999999999798 0.9443999999999757
1.1879999999999797 0.9455999999999758
1.1889999999999796 0.9467999999999754
1.1899999999999795 0.9479999999999755
1.1909999999999794 0.9491999999999752
1.1919999999999793 0.9503999999999753
1.1929999999999792 0.9515999999999749
1.193999999999979 0.952799999999975
1.194999999999979 0.9539999999999746
1.1959999999999789 0.9551999999999747
1.1969999999999787 0.9563999999999744
1.1979999999999786 0.9575999999999745
1.1989999999999785 0.9587999999999741
1.1999999999999784 0.9599999999999742
1.2009999999999783 0.9611999999999739
1.2019999999999782 0.9623999999999739
1.202999999999978 0.9635999999999736
1.203999999999978 0.9647999999999737
1.2049999999999779 0.9659999999999733
1.2059999999999778 0.9671999999999734
1.2069999999999776 0.9683999999999731
1.2079999999999775 0.9695999999999732
1.2089999999999774 0.9707999999999728
1.2099999999999773 0.9719999999999729
1.2109999999999772 0.9731999999999725
1.211999999999977 0.9743999999999726
1.212999999999977 0.9755999999999723
1.2139999999999769 0.9767999999999724
1.2149999999999768 0.977999999999972
1.2159999999999767 0.9791999999999721
1.2169999999999765 0.9803999999999717
1.2179999999999764 0.9815999999999718
1.2189999999999763 0.9827999999999715
1.2199999999999762 0.9839999999999716
1.220999999999976 0.9851999999999712
1.221999999999976 0.9863999999999713
1.2229999999999759 0.987599999999971
1.2239999999999758 0.988799999999971
1.2249999999999757 0.9899999999999707
1.2259999999999756 0.9911999999999708
1.2269999999999754 0.9923999999999704
1.2279999999999753 0.9935999999999705
1.2289999999999752 0.9947999999999702
1.2299999999999751 0.9959999999999702
1.230999999999975 0.9971999999999699
1.231999999999975 0.99839999999997
1.2329999999999748 0.9995999999999696
1.2339999999999747 1.0007999999999697
1.2349999999999746 1.0019999999999694
1.2359999999999745 1.0031999999999694
1.2369999999999743 1.004399999999969
1.2379999999999742 1.0055999999999692
1.2389999999999741 1.0067999999999688
1.239999999999974 1.007999999999969
1.240999999999974 1.0091999999999686
1.2419999999999738 1.0103999999999687
1.2429999999999737 1.0115999999999683
1.2439999999999736 1.0127999999999684
1.2449999999999735 1.013999999999968
1.2459999999999734 1.0151999999999681
1.2469999999999732 1.0163999999999678
1.2479999999999731 1.0175999999999679
1.248999999999973 1.0187999999999675
1.249999999999973 1.0199999999999676
1.2509999999999728 1.0211999999999672
1.2519999999999727 1.0223999999999673
1.2529999999999726 1.023599999999967
1.2539999999999725 1.024799999999967
1.2549999999999724 1.0259999999999667
1.2559999999999722 1.0271999999999668
1.2569999999999721 1.0283999999999665
1.257999999999972 1.0295999999999665
1.258999999999972 1.0307999999999662
1.2599999999999718 1.0319999999999663
1.2609999999999717 1.033199999999966
1.2619999999999716 1.034399999999966
1.2629999999999715 1.0355999999999657
1.2639999999999714 1.0367999999999657
1.2649999999999713 1.0379999999999654
1.2659999999999711 1.0391999999999655
1.266999999999971 1.0403999999999651
1.267999999999971 1.0415999999999652
1.2689999999999708 1.0427999999999649
1.2699999999999707 1.043999999999965
1.2709999999999706 1.0451999999999646
1.2719999999999705 1.0463999999999647
1.2729999999999704 1.0475999999999643
1.2739999999999703 1.0487999999999644
1.2749999999999702 1.049999999999964
1.27599999999997 1.0511999999999642
1.27699999999997 1.0523999999999638
1.2779999999999698 1.053599999999964
1.2789999999999697 1.0547999999999635
1.2799999999999696 1.0559999999999636
1.2809999999999695 1.0571999999999633
1.2819999999999694 1.0583999999999634
1.2829999999999693 1.059599999999963
1.2839999999999692 1.060799999999963
1.284999999999969 1.0619999999999628
1.285999999999969 1.0631999999999628
1.2869999999999688 1.0643999999999625
1.2879999999999687 1.0655999999999626
1.2889999999999686 1.0667999999999622
1.2899999999999685 1.0679999999999623
1.2909999999999684 1.069199999999962
1.2919999999999683 1.070399999999962
1.2929999999999682 1.0715999999999617
1.293999999999968 1.0727999999999618
1.294999999999968 1.0739999999999614
1.2959999999999678 1.0751999999999615
1.2969999999999677 1.0763999999999612
1.2979999999999676 1.0775999999999613
1.2989999999999675 1.078799999999961
1.2999999999999674 1.079999999999961
1.3009999999999673 1.0811999999999606
1.3019999999999672 1.0823999999999607
1.302999999999967 1.0835999999999604
1.303999999999967 1.0847999999999605
1.3049999999999669 1.08599999999996
1.3059999999999667 1.0871999999999602
1.3069999999999666 1.0883999999999598
1.3079999999999665 1.08959999999996
1.3089999999999664 1.0907999999999596
1.3099999999999663 1.0919999999999597
1.3109999999999662 1.0931999999999593
1.311999999999966 1.0943999999999594
1.312999999999966 1.095599999999959
1.3139999999999659 1.0967999999999591
1.3149999999999658 1.0979999999999588
1.3159999999999656 1.0991999999999589
1.3169999999999655 1.1003999999999585
1.3179999999999654 1.1015999999999586
1.3189999999999653 1.1027999999999583
1.3199999999999652 1.1039999999999583
1.320999999999965 1.105199999999958
1.321999999999965 1.106399999999958
1.3229999999999649 1.1075999999999577
1.3239999999999648 1.1087999999999578
1.3249999999999647 1.1099999999999575
1.3259999999999645 1.1111999999999576
1.3269999999999644 1.1123999999999572
1.3279999999999643 1.1135999999999573
1.3289999999999642 1.114799999999957
1.329999999999964 1.115999999999957
1.330999999999964 1.1171999999999567
1.3319999999999639 1.1183999999999568
1.3329999999999638 1.1195999999999564
1.3339999999999637 1.120799999999956
1.3349999999999635 1.1219999999999561
1.3359999999999634 1.1231999999999562
1.3369999999999633 1.1243999999999559
1.3379999999999632 1.1255999999999555
1.338999999999963 1.1267999999999556
1.339999999999963 1.1279999999999557
1.3409999999999629 1.1291999999999554
1.3419999999999628 1.130399999999955
1.3429999999999627 1.131599999999955
1.3439999999999626 1.1327999999999552
1.3449999999999624 1.1339999999999548
1.3459999999999623 1.1351999999999545
1.3469999999999622 1.1363999999999546
1.3479999999999621 1.1375999999999546
1.348999999999962 1.1387999999999543
1.349999999999962 1.139999999999954
1.3509999999999618 1.141199999999954
1.3519999999999617 1.1423999999999541
1.3529999999999616 1.1435999999999538
1.3539999999999615 1.1447999999999534
1.3549999999999613 1.1459999999999535
1.3559999999999612 1.1471999999999536
1.3569999999999611 1.1483999999999532
1.357999999999961 1.1495999999999529
1.358999999999961 1.150799999999953
1.3599999999999608 1.151999999999953
1.3609999999999607 1.1531999999999527
1.3619999999999606 1.1543999999999524
1.3629999999999605 1.1555999999999524
1.3639999999999604 1.1567999999999525
1.3649999999999602 1.1579999999999522
1.3659999999999601 1.1591999999999518
1.36699999999996 1.160399999999952
1.36799999999996 1.161599999999952
1.3689999999999598 1.1627999999999517
1.3699999999999597 1.1639999999999513
1.3709999999999596 1.1651999999999514
1.3719999999999595 1.1663999999999515
1.3729999999999594 1.1675999999999511
1.3739999999999593 1.1687999999999508
1.3749999999999591 1.1699999999999509
1.375999999999959 1.171199999999951
1.376999999999959 1.1723999999999506
1.3779999999999588 1.1735999999999502
1.3789999999999587 1.1747999999999503
1.3799999999999586 1.1759999999999504
1.3809999999999585 1.17719999999995
1.3819999999999584 1.1783999999999497
1.3829999999999583 1.1795999999999498
1.3839999999999582 1.18079999999995
1.384999999999958 1.1819999999999495
1.385999999999958 1.1831999999999492
1.3869999999999578 1.1843999999999493
1.3879999999999577 1.1855999999999494
1.3889999999999576 1.186799999999949
1.3899999999999575 1.1879999999999487
1.3909999999999574 1.1891999999999487
1.3919999999999573 1.1903999999999488
1.3929999999999572 1.1915999999999485
1.393999999999957 1.1927999999999481
1.394999999999957 1.1939999999999482
1.3959999999999568 1.1951999999999483
1.3969999999999567 1.196399999999948
1.3979999999999566 1.1975999999999476
1.3989999999999565 1.1987999999999477
1.3999999999999564 1.1999999999999478
1.4009999999999563 1.2011999999999474
1.4019999999999562 1.202399999999947
1.402999999999956 1.2035999999999472
1.403999999999956 1.2047999999999472
1.4049999999999558 1.205999999999947
1.4059999999999557 1.2071999999999465
1.4069999999999556 1.2083999999999466
1.4079999999999555 1.2095999999999467
1.4089999999999554 1.2107999999999464
1.4099999999999553 1.211999999999946
1.4109999999999552 1.213199999999946
1.411999999999955 1.2143999999999462
1.412999999999955 1.2155999999999458
1.4139999999999548 1.2167999999999455
1.4149999999999547 1.2179999999999456
1.4159999999999546 1.2191999999999457
1.4169999999999545 1.2203999999999453
1.4179999999999544 1.221599999999945
1.4189999999999543 1.222799999999945
1.4199999999999542 1.2239999999999451
1.420999999999954 1.2251999999999448
1.421999999999954 1.2263999999999444
1.4229999999999539 1.2275999999999445
1.4239999999999537 1.2287999999999446
1.4249999999999536 1.2299999999999442
1.4259999999999535 1.231199999999944
1.4269999999999534 1.232399999999944
1.4279999999999533 1.233599999999944
1.4289999999999532 1.2347999999999437
1.429999999999953 1.2359999999999434
1.430999999999953 1.2371999999999435
1.4319999999999529 1.2383999999999435
1.4329999999999528 1.2395999999999432
1.4339999999999526 1.2407999999999428
1.4349999999999525 1.241999999999943
1.4359999999999524 1.243199999999943
1.4369999999999523 1.2443999999999427
1.4379999999999522 1.2455999999999423
1.438999999999952 1.2467999999999424
1.439999999999952 1.2479999999999425
1.4409999999999519 1.2491999999999421
1.4419999999999518 1.2503999999999418
1.4429999999999517 1.2515999999999419
1.4439999999999515 1.252799999999942
1.4449999999999514 1.2539999999999416
1.4459999999999513 1.2551999999999413
1.4469999999999512 1.2563999999999413
1.447999999999951 1.2575999999999414
1.448999999999951 1.258799999999941
1.4499999999999509 1.2599999999999407
1.4509999999999508 1.2611999999999408
1.4519999999999507 1.262399999999941
1.4529999999999506 1.2635999999999405
1.4539999999999504 1.2647999999999402
1.4549999999999503 1.2659999999999403
1.4559999999999502 1.2671999999999404
1.4569999999999501 1.26839999999994
1.45799999999995 1.2695999999999397
1.45899999999995 1.2707999999999398
1.4599999999999498 1.2719999999999398
1.4609999999999497 1.2731999999999395
1.4619999999999496 1.2743999999999391
1.4629999999999495 1.2755999999999392
1.4639999999999493 1.2767999999999393
1.4649999999999492 1.277999999999939
1.4659999999999491 1.2791999999999386
1.466999999999949 1.2803999999999387
1.467999999999949 1.2815999999999388
1.4689999999999488 1.2827999999999384
1.4699999999999487 1.283999999999938
1.4709999999999486 1.2851999999999382
1.4719999999999485 1.2863999999999383
1.4729999999999484 1.287599999999938
1.4739999999999482 1.2887999999999376
1.4749999999999481 1.2899999999999376
1.475999999999948 1.2911999999999377
1.476999999999948 1.2923999999999374
1.4779999999999478 1.293599999999937
1.4789999999999477 1.2947999999999371
1.4799999999999476 1.2959999999999372
1.4809999999999475 1.2971999999999368
1.4819999999999474 1.2983999999999365
1.4829999999999472 1.2995999999999366
1.4839999999999471 1.3007999999999367
1.484999999999947 1.3019999999999363
1.485999999999947 1.303199999999936
1.4869999999999468 1.304399999999936
1.4879999999999467 1.3055999999999361
1.4889999999999466 1.3067999999999358
1.4899999999999465 1.3079999999999354
1.4909999999999464 1.3091999999999355
1.4919999999999463 1.3103999999999356
1.4929999999999461 1.3115999999999353
1.493999999999946 1.312799999999935
1.494999999999946 1.313999999999935
1.4959999999999458 1.315199999999935
1.4969999999999457 1.3163999999999347
1.4979999999999456 1.3175999999999344
1.4989999999999455 1.3187999999999345
1.4999999999999454 1.3199999999999346
1.5009999999999453 1.3211999999999342
1.5019999999999452 1.3223999999999339
1.502999999999945 1.323599999999934
1.503999999999945 1.324799999999934
1.5049999999999448 1.3259999999999337
1.5059999999999447 1.3271999999999333
1.5069999999999446 1.3283999999999334
1.5079999999999445 1.3295999999999335
1.5089999999999444 1.3307999999999331
1.5099999999999443 1.3319999999999328
1.5109999999999442 1.3331999999999329
1.511999999999944 1.334399999999933
1.512999999999944 1.3355999999999326
1.5139999999999438 1.3367999999999323
1.5149999999999437 1.3379999999999324
1.5159999999999436 1.3391999999999324
1.5169999999999435 1.340399999999932
1.5179999999999434 1.3415999999999317
1.5189999999999433 1.3427999999999318
1.5199999999999432 1.343999999999932
1.520999999999943 1.3451999999999316
1.521999999999943 1.3463999999999312
1.5229999999999428 1.3475999999999313
1.5239999999999427 1.3487999999999314
1.5249999999999426 1.349999999999931
1.5259999999999425 1.3511999999999307
1.5269999999999424 1.3523999999999308
1.5279999999999423 1.3535999999999309
1.5289999999999422 1.3547999999999305
1.529999999999942 1.3559999999999302
1.530999999999942 1.3571999999999302
1.5319999999999419 1.3583999999999303
1.5329999999999417 1.35959999999993
1.5339999999999416 1.3607999999999296
1.5349999999999415 1.3619999999999297
1.5359999999999414 1.3631999999999298
1.5369999999999413 1.3643999999999294
1.5379999999999412 1.365599999999929
1.538999999999941 1.3667999999999292
1.539999999999941 1.3679999999999293
1.5409999999999409 1.369199999999929
1.5419999999999408 1.3703999999999286
1.5429999999999406 1.3715999999999287
1.5439999999999405 1.3727999999999287
1.5449999999999404 1.3739999999999284
1.5459999999999403 1.375199999999928
1.5469999999999402 1.3763999999999281
1.54799999999994 1.3775999999999282
1.54899999999994 1.3787999999999279
1.5499999999999399 1.3799999999999275
1.5509999999999398 1.3811999999999276
1.5519999999999397 1.3823999999999277
1.5529999999999395 1.3835999999999273
1.5539999999999394 1.384799999999927
1.5549999999999393 1.385999999999927
1.5559999999999392 1.3871999999999272
1.556999999999939 1.3883999999999268
1.557999999999939 1.3895999999999264
1.5589999999999389 1.3907999999999265
1.5599999999999388 1.3919999999999266
1.5609999999999387 1.3931999999999263
1.5619999999999385 1.394399999999926
1.5629999999999384 1.395599999999926
1.5639999999999383 1.396799999999926
1.5649999999999382 1.3979999999999257
1.565999999999938 1.3991999999999254
1.566999999999938 1.4003999999999255
1.5679999999999379 1.4015999999999256
1.5689999999999378 1.4027999999999252
1.5699999999999377 1.4039999999999249
1.5709999999999376 1.405199999999925
1.5719999999999374 1.406399999999925
1.5729999999999373 1.4075999999999247
1.5739999999999372 1.4087999999999243
1.5749999999999371 1.4099999999999244
1.575999999999937 1.4111999999999245
1.576999999999937 1.4123999999999242
1.5779999999999368 1.4135999999999238
1.5789999999999367 1.414799999999924
1.5799999999999366 1.415999999999924
1.5809999999999365 1.4171999999999236
1.5819999999999363 1.4183999999999233
1.5829999999999362 1.4195999999999234
1.5839999999999361 1.4207999999999235
1.584999999999936 1.421999999999923
1.585999999999936 1.4231999999999227
1.5869999999999358 1.4243999999999228
1.5879999999999357 1.425599999999923
1.5889999999999356 1.4267999999999226
1.5899999999999355 1.4279999999999222
1.5909999999999354 1.4291999999999223
1.5919999999999352 1.4303999999999224
1.5929999999999351 1.431599999999922
1.593999999999935 1.4327999999999217
1.594999999999935 1.4339999999999218
1.5959999999999348 1.4351999999999219
1.5969999999999347 1.4363999999999215
1.5979999999999346 1.4375999999999212
1.5989999999999345 1.4387999999999213
1.5999999999999344 1.4399999999999213
