1.6009999999999343 1.441199999999921
1.6019999999999341 1.4423999999999206
1.602999999999934 1.4435999999999207
1.603999999999934 1.4447999999999208
1.6049999999999338 1.4459999999999205
1.6059999999999337 1.44719999999992
1.6069999999999336 1.4483999999999202
1.6079999999999335 1.4495999999999203
1.6089999999999334 1.45079999999992
1.6099999999999333 1.4519999999999196
1.6109999999999332 1.4531999999999197
1.611999999999933 1.4543999999999198
1.612999999999933 1.4555999999999194
1.6139999999999328 1.456799999999919
1.6149999999999327 1.4579999999999191
1.6159999999999326 1.4591999999999192
1.6169999999999325 1.4603999999999189
1.6179999999999324 1.4615999999999185
1.6189999999999323 1.4627999999999186
1.6199999999999322 1.4639999999999187
1.620999999999932 1.4651999999999183
1.621999999999932 1.466399999999918
1.6229999999999318 1.467599999999918
1.6239999999999317 1.4687999999999182
1.6249999999999316 1.4699999999999178
1.6259999999999315 1.4711999999999175
1.6269999999999314 1.4723999999999176
1.6279999999999313 1.4735999999999176
1.6289999999999312 1.4747999999999173
1.629999999999931 1.475999999999917
1.630999999999931 1.477199999999917
1.6319999999999308 1.4783999999999171
1.6329999999999307 1.4795999999999168
1.6339999999999306 1.4807999999999164
1.6349999999999305 1.4819999999999165
1.6359999999999304 1.4831999999999166
1.6369999999999303 1.4843999999999162
1.6379999999999302 1.4855999999999159
1.63899999999993 1.486799999999916
1.63999999999993 1.487999999999916
1.6409999999999298 1.4891999999999157
1.6419999999999297 1.4903999999999153
1.6429999999999296 1.4915999999999154
1.6439999999999295 1.4927999999999155
1.6449999999999294 1.4939999999999152
1.6459999999999293 1.4951999999999148
1.6469999999999292 1.496399999999915
1.647999999999929 1.497599999999915
1.648999999999929 1.4987999999999146
1.6499999999999289 1.4999999999999143
1.6509999999999287 1.5011999999999144
1.6519999999999286 1.5023999999999145
1.6529999999999285 1.5035999999999141
1.6539999999999284 1.5047999999999138
1.6549999999999283 1.5059999999999139
1.6559999999999282 1.507199999999914
1.656999999999928 1.5083999999999136
1.657999999999928 1.5095999999999132
1.6589999999999279 1.5107999999999133
1.6599999999999278 1.5119999999999134
1.6609999999999276 1.513199999999913
1.6619999999999275 1.5143999999999127
1.6629999999999274 1.5155999999999128
1.6639999999999273 1.5167999999999129
1.6649999999999272 1.5179999999999125
1.665999999999927 1.5191999999999122
1.666999999999927 1.5203999999999123
1.6679999999999269 1.5215999999999124
1.6689999999999268 1.522799999999912
1.6699999999999267 1.5239999999999116
1.6709999999999265 1.5251999999999117
1.6719999999999264 1.5263999999999118
1.6729999999999263 1.5275999999999115
1.6739999999999262 1.5287999999999111
1.674999999999926 1.5299999999999112
1.675999999999926 1.5311999999999113
1.6769999999999259 1.532399999999911
1.6779999999999258 1.5335999999999106
1.6789999999999257 1.5347999999999107
1.6799999999999256 1.5359999999999108
1.6809999999999254 1.5371999999999104
1.6819999999999253 1.53839999999991
1.6829999999999252 1.5395999999999102
1.6839999999999251 1.5407999999999102
1.684999999999925 1.5419999999999099
1.685999999999925 1.5431999999999095
1.6869999999999248 1.5443999999999096
1.6879999999999247 1.5455999999999097
1.6889999999999246 1.5467999999999094
1.6899999999999245 1.547999999999909
1.6909999999999243 1.549199999999909
1.6919999999999242 1.5503999999999092
1.6929999999999241 1.5515999999999088
1.693999999999924 1.5527999999999085
1.694999999999924 1.5539999999999086
1.6959999999999238 1.5551999999999087
1.6969999999999237 1.5563999999999083
1.6979999999999236 1.557599999999908
1.6989999999999235 1.558799999999908
1.6999999999999234 1.5599999999999081
1.7009999999999232 1.5611999999999078
1.7019999999999231 1.5623999999999074
1.702999999999923 1.5635999999999075
1.703999999999923 1.5647999999999076
1.7049999999999228 1.5659999999999072
1.7059999999999227 1.567199999999907
1.7069999999999226 1.568399999999907
1.7079999999999225 1.569599999999907
1.7089999999999224 1.5707999999999067
1.7099999999999222 1.5719999999999064
1.7109999999999221 1.5731999999999065
1.711999999999922 1.5743999999999065
1.712999999999922 1.5755999999999062
1.7139999999999218 1.5767999999999058
1.7149999999999217 1.577999999999906
1.7159999999999216 1.579199999999906
1.7169999999999215 1.5803999999999057
1.7179999999999214 1.5815999999999053
1.7189999999999213 1.5827999999999054
1.7199999999999211 1.5839999999999055
1.720999999999921 1.5851999999999051
1.721999999999921 1.5863999999999048
1.7229999999999208 1.5875999999999049
1.7239999999999207 1.588799999999905
1.7249999999999206 1.5899999999999046
1.7259999999999205 1.5911999999999042
1.7269999999999204 1.5923999999999043
1.7279999999999203 1.5935999999999044
1.7289999999999202 1.594799999999904
1.72999999999992 1.5959999999999037
1.73099999999992 1.5971999999999038
1.7319999999999198 1.598399999999904
1.7329999999999197 1.5995999999999035
1.7339999999999196 1.6007999999999032
1.7349999999999195 1.6019999999999033
1.7359999999999194 1.6031999999999034
1.7369999999999193 1.604399999999903
1.7379999999999192 1.6055999999999027
1.738999999999919 1.6067999999999028
1.739999999999919 1.6079999999999028
1.7409999999999188 1.6091999999999025
1.7419999999999187 1.6103999999999021
1.7429999999999186 1.6115999999999022
1.7439999999999185 1.6127999999999023
1.7449999999999184 1.613999999999902
1.7459999999999183 1.6151999999999016
1.7469999999999182 1.6163999999999017
1.747999999999918 1.6175999999999018
1.748999999999918 1.6187999999999014
1.7499999999999178 1.619999999999901
1.7509999999999177 1.6211999999999012
1.7519999999999176 1.6223999999999013
1.7529999999999175 1.623599999999901
1.7539999999999174 1.6247999999999005
1.7549999999999173 1.6259999999999006
1.7559999999999172 1.6271999999999007
1.756999999999917 1.6283999999999004
1.757999999999917 1.6295999999999
1.7589999999999169 1.6307999999999
1.7599999999999167 1.6319999999999002
1.7609999999999166 1.6331999999998998
1.7619999999999165 1.6343999999998995
1.7629999999999164 1.6355999999998996
1.7639999999999163 1.6367999999998997
1.7649999999999162 1.6379999999998993
1.765999999999916 1.639199999999899
1.766999999999916 1.640399999999899
1.7679999999999159 1.6415999999998991
1.7689999999999158 1.6427999999998988
1.7699999999999156 1.6439999999998984
1.7709999999999155 1.6451999999998985
1.7719999999999154 1.6463999999998986
1.7729999999999153 1.6475999999998983
1.7739999999999152 1.648799999999898
1.774999999999915 1.649999999999898
1.775999999999915 1.651199999999898
1.7769999999999149 1.6523999999998977
1.7779999999999148 1.6535999999998974
1.7789999999999146 1.6547999999998975
1.7799999999999145 1.6559999999998976
1.7809999999999144 1.6571999999998972
1.7819999999999143 1.6583999999998968
1.7829999999999142 1.659599999999897
1.783999999999914 1.660799999999897
1.784999999999914 1.6619999999998967
1.7859999999999139 1.6631999999998963
1.7869999999999138 1.6643999999998964
1.7879999999999137 1.6655999999998965
1.7889999999999135 1.6667999999998961
1.7899999999999134 1.6679999999998958
1.7909999999999133 1.6691999999998959
1.7919999999999132 1.670399999999896
1.792999999999913 1.6715999999998956
1.793999999999913 1.6727999999998953
1.7949999999999129 1.6739999999998953
1.7959999999999128 1.6751999999998954
1.7969999999999127 1.676399999999895
1.7979999999999126 1.6775999999998947
1.7989999999999124 1.6787999999998948
1.7999999999999123 1.679999999999895
1.8009999999999122 1.6811999999998946
1.8019999999999121 1.6823999999998942
1.802999999999912 1.6835999999998943
1.803999999999912 1.6847999999998944
1.8049999999999118 1.685999999999894
1.8059999999999117 1.6871999999998937
1.8069999999999116 1.6883999999998938
1.8079999999999115 1.6895999999998939
1.8089999999999113 1.6907999999998935
1.8099999999999112 1.6919999999998931
1.8109999999999111 1.6931999999998932
1.811999999999911 1.6943999999998933
1.812999999999911 1.695599999999893
1.8139999999999108 1.6967999999998926
1.8149999999999107 1.6979999999998927
1.8159999999999106 1.6991999999998928
1.8169999999999105 1.7003999999998924
1.8179999999999104 1.701599999999892
1.8189999999999102 1.7027999999998922
1.8199999999999101 1.7039999999998923
1.82099999999991 1.705199999999892
1.82199999999991 1.7063999999998916
1.8229999999999098 1.7075999999998916
1.8239999999999097 1.7087999999998917
1.8249999999999096 1.7099999999998914
1.8259999999999095 1.711199999999891
1.8269999999999094 1.7123999999998911
1.8279999999999093 1.7135999999998912
1.8289999999999091 1.7147999999998909
1.829999999999909 1.7159999999998905
1.830999999999909 1.7171999999998906
1.8319999999999088 1.7183999999998907
1.8329999999999087 1.7195999999998903
1.8339999999999086 1.72079999999989
1.8349999999999085 1.72199999999989
1.8359999999999084 1.7231999999998902
1.8369999999999083 1.7243999999998898
1.8379999999999082 1.7255999999998894
1.838999999999908 1.7267999999998895
1.839999999999908 1.7279999999998896
1.8409999999999078 1.7291999999998893
1.8419999999999077 1.730399999999889
1.8429999999999076 1.731599999999889
1.8439999999999075 1.732799999999889
1.8449999999999074 1.7339999999998887
1.8459999999999073 1.7351999999998884
1.8469999999999072 1.7363999999998885
1.847999999999907 1.7375999999998886
1.848999999999907 1.7387999999998882
1.8499999999999068 1.7399999999998879
1.8509999999999067 1.741199999999888
1.8519999999999066 1.742399999999888
1.8529999999999065 1.7435999999998877
1.8539999999999064 1.7447999999998873
1.8549999999999063 1.7459999999998874
1.8559999999999062 1.7471999999998875
1.856999999999906 1.7483999999998872
1.857999999999906 1.7495999999998868
1.8589999999999058 1.750799999999887
1.8599999999999057 1.751999999999887
1.8609999999999056 1.7531999999998866
1.8619999999999055 1.7543999999998863
1.8629999999999054 1.7555999999998864
1.8639999999999053 1.7567999999998865
1.8649999999999052 1.757999999999886
1.865999999999905 1.7591999999998857
1.866999999999905 1.7603999999998858
1.8679999999999048 1.761599999999886
1.8689999999999047 1.7627999999998856
1.8699999999999046 1.7639999999998852
1.8709999999999045 1.7651999999998853
1.8719999999999044 1.7663999999998854
1.8729999999999043 1.767599999999885
1.8739999999999042 1.7687999999998847
1.874999999999904 1.7699999999998848
1.875999999999904 1.7711999999998849
1.8769999999999039 1.7723999999998845
1.8779999999999037 1.7735999999998842
1.8789999999999036 1.7747999999998842
1.8799999999999035 1.7759999999998843
1.8809999999999034 1.777199999999884
1.8819999999999033 1.7783999999998836
1.8829999999999032 1.7795999999998837
1.883999999999903 1.7807999999998838
1.884999999999903 1.7819999999998835
1.8859999999999029 1.783199999999883
1.8869999999999028 1.7843999999998832
1.8879999999999026 1.7855999999998833
1.8889999999999025 1.786799999999883
1.8899999999999024 1.7879999999998826
1.8909999999999023 1.7891999999998827
1.8919999999999022 1.7903999999998828
1.892999999999902 1.7915999999998824
1.893999999999902 1.792799999999882
1.8949999999999019 1.7939999999998821
1.8959999999999018 1.7951999999998822
1.8969999999999017 1.7963999999998819
1.8979999999999015 1.7975999999998815
1.8989999999999014 1.7987999999998816
1.8999999999999013 1.7999999999998817
1.9009999999999012 1.8011999999998813
1.901999999999901 1.802399999999881
1.902999999999901 1.803599999999881
1.9039999999999009 1.8047999999998812
1.9049999999999008 1.8059999999998808
1.9059999999999007 1.8071999999998805
1.9069999999999006 1.8083999999998805
1.9079999999999004 1.8095999999998806
1.9089999999999003 1.8107999999998803
1.9099999999999002 1.81199999999988
1.9109999999999001 1.81319999999988
1.9119999999999 1.81439999999988
1.9129999999999 1.8155999999998798
1.9139999999998998 1.8167999999998794
1.9149999999998997 1.8179999999998795
1.9159999999998996 1.8191999999998796
1.9169999999998995 1.8203999999998792
1.9179999999998993 1.8215999999998789
1.9189999999998992 1.822799999999879
1.9199999999998991 1.823999999999879
1.920999999999899 1.8251999999998787
1.921999999999899 1.8263999999998783
1.9229999999998988 1.8275999999998784
1.9239999999998987 1.8287999999998785
1.9249999999998986 1.8299999999998782
1.9259999999998985 1.8311999999998778
1.9269999999998983 1.832399999999878
1.9279999999998982 1.833599999999878
1.9289999999998981 1.8347999999998776
1.929999999999898 1.8359999999998773
1.930999999999898 1.8371999999998774
1.9319999999998978 1.8383999999998775
1.9329999999998977 1.8395999999998771
1.9339999999998976 1.8407999999998768
1.9349999999998975 1.8419999999998768
1.9359999999998974 1.843199999999877
1.9369999999998972 1.8443999999998766
1.9379999999998971 1.8455999999998762
1.938999999999897 1.8467999999998763
1.939999999999897 1.8479999999998764
1.9409999999998968 1.849199999999876
1.9419999999998967 1.8503999999998757
1.9429999999998966 1.8515999999998758
1.9439999999998965 1.8527999999998759
1.9449999999998964 1.8539999999998755
1.9459999999998963 1.8551999999998752
1.9469999999998961 1.8563999999998753
1.947999999999896 1.8575999999998754
1.948999999999896 1.858799999999875
1.9499999999998958 1.8599999999998746
1.9509999999998957 1.8611999999998747
1.9519999999998956 1.8623999999998748
1.9529999999998955 1.8635999999998745
1.9539999999998954 1.8647999999998741
1.9549999999998953 1.8659999999998742
1.9559999999998952 1.8671999999998743
1.956999999999895 1.868399999999874
1.957999999999895 1.8695999999998736
1.9589999999998948 1.8707999999998737
1.9599999999998947 1.8719999999998738
1.9609999999998946 1.8731999999998734
1.9619999999998945 1.874399999999873
1.9629999999998944 1.8755999999998731
1.9639999999998943 1.8767999999998732
1.9649999999998942 1.8779999999998729
1.965999999999894 1.8791999999998725
1.966999999999894 1.8803999999998726
1.9679999999998938 1.8815999999998727
1.9689999999998937 1.8827999999998724
1.9699999999998936 1.883999999999872
1.9709999999998935 1.885199999999872
1.9719999999998934 1.8863999999998722
1.9729999999998933 1.8875999999998718
1.9739999999998932 1.8887999999998715
1.974999999999893 1.8899999999998716
1.975999999999893 1.8911999999998717
1.9769999999998928 1.8923999999998713
1.9779999999998927 1.893599999999871
1.9789999999998926 1.894799999999871
1.9799999999998925 1.8959999999998711
1.9809999999998924 1.8971999999998708
1.9819999999998923 1.8983999999998704
1.9829999999998922 1.8995999999998705
1.983999999999892 1.9007999999998706
1.984999999999892 1.9019999999998702
1.9859999999998919 1.9031999999998699
1.9869999999998917 1.90439999999987
1.9879999999998916 1.90559999999987
1.9889999999998915 1.9067999999998697
1.9899999999998914 1.9079999999998694
1.9909999999998913 1.9091999999998694
1.9919999999998912 1.9103999999998695
1.992999999999891 1.9115999999998692
1.993999999999891 1.9127999999998688
1.9949999999998909 1.913999999999869
1.9959999999998908 1.915199999999869
1.9969999999998906 1.9163999999998687
1.9979999999998905 1.9175999999998683
1.9989999999998904 1.9187999999998684
1.9999999999998903 1.9199999999998685
2.00099999999989 1.9211999999998681
2.00199999999989 1.9223999999998678
2.00299999999989 1.9235999999998679
2.00399999999989 1.924799999999868
2.0049999999998898 1.9259999999998676
2.0059999999998896 1.9271999999998672
2.0069999999998895 1.9283999999998673
2.0079999999998894 1.9295999999998674
2.0089999999998893 1.930799999999867
2.009999999999889 1.9319999999998667
2.010999999999889 1.9331999999998668
2.011999999999889 1.934399999999867
2.012999999999889 1.9355999999998665
2.0139999999998888 1.9367999999998662
2.0149999999998887 1.9379999999998663
2.0159999999998885 1.9391999999998664
2.0169999999998884 1.940399999999866
2.0179999999998883 1.9415999999998657
2.018999999999888 1.9427999999998657
2.019999999999888 1.9439999999998658
2.020999999999888 1.9451999999998655
2.021999999999888 1.9463999999998651
2.0229999999998878 1.9475999999998652
2.0239999999998877 1.9487999999998653
2.0249999999998876 1.949999999999865
2.0259999999998874 1.9511999999998646
2.0269999999998873 1.9523999999998647
2.0279999999998872 1.9535999999998648
2.028999999999887 1.9547999999998644
2.029999999999887 1.955999999999864
2.030999999999887 1.9571999999998642
2.031999999999887 1.9583999999998642
2.0329999999998867 1.959599999999864
2.0339999999998866 1.9607999999998635
2.0349999999998865 1.9619999999998636
2.0359999999998863 1.9631999999998637
2.0369999999998862 1.9643999999998634
2.037999999999886 1.965599999999863
2.038999999999886 1.966799999999863
2.039999999999886 1.9679999999998632
2.040999999999886 1.9691999999998628
2.0419999999998857 1.9703999999998625
2.0429999999998856 1.9715999999998626
2.0439999999998855 1.9727999999998627
2.0449999999998854 1.9739999999998623
2.0459999999998852 1.975199999999862
2.046999999999885 1.976399999999862
2.047999999999885 1.9775999999998621
2.048999999999885 1.9787999999998618
2.049999999999885 1.9799999999998614
2.0509999999998847 1.9811999999998615
2.0519999999998846 1.9823999999998616
2.0529999999998845 1.9835999999998613
2.0539999999998844 1.984799999999861
2.0549999999998843 1.985999999999861
2.055999999999884 1.987199999999861
2.056999999999884 1.9883999999998607
2.057999999999884 1.9895999999998604
2.058999999999884 1.9907999999998605
2.0599999999998837 1.9919999999998605
2.0609999999998836 1.9931999999998602
2.0619999999998835 1.9943999999998598
2.0629999999998834 1.99559999999986
2.0639999999998833 1.99679999999986
2.064999999999883 1.9979999999998597
2.065999999999883 1.9991999999998593
2.066999999999883 2.0003999999998596
2.067999999999883 2.0015999999998595
2.0689999999998827 2.0027999999998594
2.0699999999998826 2.003999999999859
2.0709999999998825 2.005199999999859
2.0719999999998824 2.006399999999859
2.0729999999998823 2.007599999999859
2.073999999999882 2.0087999999998583
2.074999999999882 2.0099999999998586
2.075999999999882 2.0111999999998584
2.076999999999882 2.0123999999998583
2.0779999999998817 2.0135999999998577
2.0789999999998816 2.014799999999858
2.0799999999998815 2.015999999999858
2.0809999999998814 2.0171999999998578
2.0819999999998813 2.018399999999857
2.082999999999881 2.0195999999998575
2.083999999999881 2.0207999999998574
2.084999999999881 2.0219999999998572
2.085999999999881 2.0231999999998567
2.0869999999998807 2.024399999999857
2.0879999999998806 2.025599999999857
2.0889999999998805 2.0267999999998567
2.0899999999998804 2.027999999999856
2.0909999999998803 2.0291999999998565
2.09199999999988 2.0303999999998563
2.09299999999988 2.031599999999856
2.09399999999988 2.0327999999998556
2.09499999999988 2.033999999999856
2.0959999999998797 2.035199999999856
2.0969999999998796 2.0363999999998557
2.0979999999998795 2.037599999999855
2.0989999999998794 2.0387999999998554
2.0999999999998793 2.0399999999998553
2.100999999999879 2.041199999999855
2.101999999999879 2.0423999999998546
2.102999999999879 2.043599999999855
2.103999999999879 2.0447999999998547
2.1049999999998787 2.0459999999998546
2.1059999999998786 2.047199999999854
2.1069999999998785 2.0483999999998543
2.1079999999998784 2.049599999999854
2.1089999999998783 2.050799999999854
2.109999999999878 2.0519999999998535
2.110999999999878 2.053199999999854
2.111999999999878 2.0543999999998537
2.112999999999878 2.0555999999998535
2.1139999999998778 2.056799999999853
2.1149999999998776 2.0579999999998533
2.1159999999998775 2.059199999999853
2.1169999999998774 2.060399999999853
2.1179999999998773 2.0615999999998524
2.118999999999877 2.0627999999998528
2.119999999999877 2.0639999999998526
2.120999999999877 2.0651999999998525
2.121999999999877 2.066399999999852
2.1229999999998768 2.0675999999998522
2.1239999999998767 2.068799999999852
2.1249999999998765 2.069999999999852
2.1259999999998764 2.0711999999998514
2.1269999999998763 2.0723999999998517
2.127999999999876 2.0735999999998516
2.128999999999876 2.0747999999998514
2.129999999999876 2.075999999999851
2.130999999999876 2.077199999999851
2.1319999999998758 2.078399999999851
2.1329999999998757 2.079599999999851
2.1339999999998756 2.0807999999998503
2.1349999999998754 2.0819999999998506
2.1359999999998753 2.0831999999998505
2.136999999999875 2.0843999999998504
2.137999999999875 2.08559999999985
2.138999999999875 2.08679999999985
2.139999999999875 2.08799999999985
2.140999999999875 2.08919999999985
2.1419999999998747 2.0903999999998493
2.1429999999998746 2.0915999999998496
2.1439999999998745 2.0927999999998494
2.1449999999998743 2.0939999999998493
2.1459999999998742 2.0951999999998487
2.146999999999874 2.096399999999849
2.147999999999874 2.097599999999849
2.148999999999874 2.098799999999849
2.149999999999874 2.099999999999848
2.1509999999998737 2.1011999999998485
2.1519999999998736 2.1023999999998484
2.1529999999998735 2.1035999999998483
2.1539999999998733 2.1047999999998477
2.1549999999998732 2.105999999999848
2.155999999999873 2.107199999999848
2.156999999999873 2.1083999999998477
2.157999999999873 2.109599999999847
2.158999999999873 2.1107999999998475
2.1599999999998727 2.1119999999998473
2.1609999999998726 2.113199999999847
2.1619999999998725 2.1143999999998466
2.1629999999998724 2.115599999999847
2.1639999999998722 2.116799999999847
2.164999999999872 2.1179999999998467
2.165999999999872 2.119199999999846
2.166999999999872 2.1203999999998464
2.167999999999872 2.1215999999998463
2.1689999999998717 2.122799999999846
2.1699999999998716 2.1239999999998456
2.1709999999998715 2.125199999999846
2.1719999999998714 2.1263999999998457
2.1729999999998713 2.1275999999998456
2.173999999999871 2.128799999999845
2.174999999999871 2.1299999999998454
2.175999999999871 2.131199999999845
2.176999999999871 2.132399999999845
2.1779999999998707 2.1335999999998445
2.1789999999998706 2.134799999999845
2.1799999999998705 2.1359999999998447
2.1809999999998704 2.1371999999998446
2.1819999999998703 2.138399999999844
2.18299999999987 2.1395999999998443
2.18399999999987 2.140799999999844
2.18499999999987 2.141999999999844
2.18599999999987 2.1431999999998435
2.1869999999998697 2.1443999999998438
2.1879999999998696 2.1455999999998436
2.1889999999998695 2.1467999999998435
2.1899999999998694 2.147999999999843
2.1909999999998693 2.1491999999998432
2.191999999999869 2.150399999999843
2.192999999999869 2.151599999999843
2.193999999999869 2.1527999999998424
2.194999999999869 2.1539999999998427
2.1959999999998687 2.1551999999998426
2.1969999999998686 2.1563999999998424
2.1979999999998685 2.157599999999842
2.1989999999998684 2.158799999999842
2.1999999999998683 2.159999999999842
2.200999999999868 2.161199999999842
2.201999999999868 2.1623999999998413
2.202999999999868 2.1635999999998416
2.203999999999868 2.1647999999998415
2.2049999999998677 2.1659999999998414
2.2059999999998676 2.167199999999841
2.2069999999998675 2.168399999999841
2.2079999999998674 2.169599999999841
2.2089999999998673 2.170799999999841
2.209999999999867 2.1719999999998403
2.210999999999867 2.1731999999998406
2.211999999999867 2.1743999999998405
2.212999999999867 2.1755999999998403
2.2139999999998667 2.1767999999998398
2.2149999999998666 2.17799999999984
2.2159999999998665 2.17919999999984
2.2169999999998664 2.18039999999984
2.2179999999998663 2.1815999999998392
2.218999999999866 2.1827999999998395
2.219999999999866 2.1839999999998394
2.220999999999866 2.1851999999998393
2.221999999999866 2.1863999999998387
2.2229999999998658 2.187599999999839
2.2239999999998656 2.188799999999839
2.2249999999998655 2.1899999999998387
2.2259999999998654 2.191199999999838
2.2269999999998653 2.1923999999998385
2.227999999999865 2.1935999999998383
2.228999999999865 2.194799999999838
2.229999999999865 2.1959999999998376
2.230999999999865 2.197199999999838
2.2319999999998648 2.198399999999838
2.2329999999998646 2.1995999999998377
2.2339999999998645 2.200799999999837
2.2349999999998644 2.2019999999998374
2.2359999999998643 2.2031999999998373
2.236999999999864 2.204399999999837
2.237999999999864 2.2055999999998366
2.238999999999864 2.206799999999837
2.239999999999864 2.2079999999998368
2.2409999999998638 2.2091999999998366
2.2419999999998637 2.210399999999836
2.2429999999998635 2.2115999999998364
2.2439999999998634 2.2127999999998362
2.2449999999998633 2.213999999999836
2.245999999999863 2.2151999999998355
2.246999999999863 2.216399999999836
2.247999999999863 2.2175999999998357
2.248999999999863 2.2187999999998356
2.2499999999998628 2.219999999999835
2.2509999999998627 2.2211999999998353
2.2519999999998626 2.222399999999835
2.2529999999998624 2.223599999999835
2.2539999999998623 2.2247999999998345
2.2549999999998622 2.2259999999998348
2.255999999999862 2.2271999999998346
2.256999999999862 2.2283999999998345
2.257999999999862 2.229599999999834
2.258999999999862 2.2307999999998342
2.2599999999998617 2.231999999999834
2.2609999999998616 2.233199999999834
2.2619999999998615 2.2343999999998334
2.2629999999998613 2.2355999999998337
2.2639999999998612 2.2367999999998336
2.264999999999861 2.2379999999998335
2.265999999999861 2.239199999999833
2.266999999999861 2.240399999999833
2.267999999999861 2.241599999999833
2.2689999999998607 2.242799999999833
2.2699999999998606 2.2439999999998324
2.2709999999998605 2.2451999999998327
2.2719999999998604 2.2463999999998325
2.2729999999998602 2.2475999999998324
2.27399999999986 2.248799999999832
2.27499999999986 2.249999999999832
2.27599999999986 2.251199999999832
2.27699999999986 2.252399999999832
2.2779999999998597 2.2535999999998313
2.2789999999998596 2.2547999999998316
2.2799999999998595 2.2559999999998315
2.2809999999998594 2.2571999999998313
2.2819999999998593 2.2583999999998308
2.282999999999859 2.259599999999831
2.283999999999859 2.260799999999831
2.284999999999859 2.261999999999831
2.285999999999859 2.2631999999998302
2.2869999999998587 2.2643999999998305
2.2879999999998586 2.2655999999998304
2.2889999999998585 2.2667999999998303
2.2899999999998584 2.2679999999998297
2.2909999999998583 2.26919999999983
2.291999999999858 2.27039999999983
2.292999999999858 2.2715999999998298
2.293999999999858 2.272799999999829
2.294999999999858 2.2739999999998295
2.2959999999998577 2.2751999999998294
2.2969999999998576 2.2763999999998292
2.2979999999998575 2.2775999999998287
2.2989999999998574 2.278799999999829
2.2999999999998573 2.279999999999829
2.300999999999857 2.2811999999998287
2.301999999999857 2.282399999999828
2.302999999999857 2.2835999999998284
2.303999999999857 2.2847999999998283
2.3049999999998567 2.285999999999828
2.3059999999998566 2.2871999999998276
2.3069999999998565 2.288399999999828
2.3079999999998564 2.2895999999998278
2.3089999999998563 2.2907999999998276
2.309999999999856 2.291999999999827
2.310999999999856 2.2931999999998274
2.311999999999856 2.2943999999998272
2.312999999999856 2.295599999999827
2.3139999999998557 2.2967999999998265
2.3149999999998556 2.297999999999827
2.3159999999998555 2.2991999999998267
2.3169999999998554 2.3003999999998266
2.3179999999998553 2.301599999999826
2.318999999999855 2.3027999999998263
2.319999999999855 2.303999999999826
2.320999999999855 2.305199999999826
2.321999999999855 2.3063999999998255
2.3229999999998547 2.307599999999826
2.3239999999998546 2.3087999999998257
2.3249999999998545 2.3099999999998255
2.3259999999998544 2.311199999999825
2.3269999999998543 2.3123999999998253
2.327999999999854 2.313599999999825
2.328999999999854 2.314799999999825
2.329999999999854 2.3159999999998244
2.330999999999854 2.3171999999998247
2.3319999999998537 2.3183999999998246
2.3329999999998536 2.3195999999998245
2.3339999999998535 2.320799999999824
2.3349999999998534 2.321999999999824
2.3359999999998533 2.323199999999824
2.336999999999853 2.324399999999824
2.337999999999853 2.3255999999998234
2.338999999999853 2.3267999999998237
2.339999999999853 2.3279999999998235
2.3409999999998528 2.3291999999998234
2.3419999999998526 2.330399999999823
2.3429999999998525 2.331599999999823
2.3439999999998524 2.332799999999823
2.3449999999998523 2.333999999999823
2.345999999999852 2.3351999999998223
2.346999999999852 2.3363999999998226
2.347999999999852 2.3375999999998225
2.348999999999852 2.3387999999998224
2.3499999999998518 2.339999999999822
2.3509999999998517 2.341199999999822
2.3519999999998515 2.342399999999822
2.3529999999998514 2.343599999999822
2.3539999999998513 2.3447999999998212
2.354999999999851 2.3459999999998216
2.355999999999851 2.3471999999998214
2.356999999999851 2.3483999999998213
2.357999999999851 2.3495999999998207
2.3589999999998508 2.350799999999821
2.3599999999998507 2.351999999999821
2.3609999999998506 2.3531999999998208
2.3619999999998504 2.35439999999982
2.3629999999998503 2.3555999999998205
2.36399999999985 2.3567999999998204
2.36499999999985 2.3579999999998202
2.36599999999985 2.3591999999998197
2.36699999999985 2.36039999999982
2.36799999999985 2.36159999999982
2.3689999999998497 2.3627999999998197
2.3699999999998496 2.363999999999819
2.3709999999998495 2.3651999999998194
2.3719999999998493 2.3663999999998193
2.3729999999998492 2.367599999999819
2.373999999999849 2.3687999999998186
2.374999999999849 2.369999999999819
2.375999999999849 2.371199999999819
2.376999999999849 2.3723999999998187
2.3779999999998487 2.373599999999818
2.3789999999998486 2.3747999999998184
2.3799999999998485 2.3759999999998183
2.3809999999998483 2.377199999999818
2.3819999999998482 2.3783999999998175
2.382999999999848 2.379599999999818
2.383999999999848 2.3807999999998177
2.384999999999848 2.3819999999998176
2.385999999999848 2.383199999999817
2.3869999999998477 2.3843999999998173
2.3879999999998476 2.385599999999817
2.3889999999998475 2.386799999999817
2.3899999999998474 2.3879999999998165
2.3909999999998472 2.389199999999817
2.391999999999847 2.3903999999998167
2.392999999999847 2.3915999999998165
2.393999999999847 2.392799999999816
2.394999999999847 2.3939999999998163
2.3959999999998467 2.395199999999816
2.3969999999998466 2.396399999999816
2.3979999999998465 2.3975999999998154
2.3989999999998464 2.3987999999998157
2.3999999999998463 2.3999999999998156
