0.4 0.4
0.401 0.3998
0.402 0.39959999999999996
0.403 0.3994
0.404 0.3992
0.405 0.39899999999999997
0.406 0.39879999999999993
0.40700000000000003 0.39859999999999995
0.40800000000000003 0.3984
0.40900000000000003 0.3982
0.41000000000000003 0.39799999999999996
0.41100000000000003 0.3978
0.41200000000000003 0.3976
0.41300000000000003 0.3974
0.41400000000000003 0.39719999999999994
0.41500000000000004 0.39699999999999996
0.41600000000000004 0.3968
0.41700000000000004 0.39659999999999995
0.41800000000000004 0.3964
0.41900000000000004 0.3962
0.42000000000000004 0.396
0.42100000000000004 0.3958
0.42200000000000004 0.39559999999999995
0.42300000000000004 0.3954
0.42400000000000004 0.3952
0.42500000000000004 0.39499999999999996
0.42600000000000005 0.39479999999999993
0.42700000000000005 0.39459999999999995
0.42800000000000005 0.3944
0.42900000000000005 0.3942
0.43000000000000005 0.39399999999999996
0.43100000000000005 0.3938
0.43200000000000005 0.3936
0.43300000000000005 0.39339999999999997
0.43400000000000005 0.39319999999999994
0.43500000000000005 0.39299999999999996
0.43600000000000005 0.3928
0.43700000000000006 0.39259999999999995
0.43800000000000006 0.39239999999999997
0.43900000000000006 0.3922
0.44000000000000006 0.392
0.44100000000000006 0.3918
0.44200000000000006 0.39159999999999995
0.44300000000000006 0.39139999999999997
0.44400000000000006 0.3912
0.44500000000000006 0.39099999999999996
0.44600000000000006 0.3907999999999999
0.44700000000000006 0.39059999999999995
0.44800000000000006 0.39039999999999997
0.44900000000000007 0.3902
0.45000000000000007 0.38999999999999996
0.45100000000000007 0.3898
0.45200000000000007 0.3896
0.45300000000000007 0.38939999999999997
0.45400000000000007 0.38919999999999993
0.45500000000000007 0.38899999999999996
0.45600000000000007 0.3888
0.4570000000000001 0.38859999999999995
0.4580000000000001 0.38839999999999997
0.4590000000000001 0.3882
0.4600000000000001 0.388
0.4610000000000001 0.3878
0.4620000000000001 0.38759999999999994
0.4630000000000001 0.38739999999999997
0.4640000000000001 0.3872
0.4650000000000001 0.38699999999999996
0.4660000000000001 0.3867999999999999
0.4670000000000001 0.38659999999999994
0.4680000000000001 0.38639999999999997
0.4690000000000001 0.3862
0.4700000000000001 0.38599999999999995
0.4710000000000001 0.3858
0.4720000000000001 0.3856
0.4730000000000001 0.38539999999999996
0.4740000000000001 0.38519999999999993
0.4750000000000001 0.38499999999999995
0.4760000000000001 0.3848
0.4770000000000001 0.38459999999999994
0.4780000000000001 0.38439999999999996
0.4790000000000001 0.3842
0.4800000000000001 0.384
0.4810000000000001 0.3838
0.4820000000000001 0.38359999999999994
0.4830000000000001 0.38339999999999996
0.4840000000000001 0.3832
0.4850000000000001 0.38299999999999995
0.4860000000000001 0.3827999999999999
0.4870000000000001 0.38259999999999994
0.4880000000000001 0.38239999999999996
0.4890000000000001 0.3822
0.4900000000000001 0.38199999999999995
0.4910000000000001 0.3818
0.4920000000000001 0.3816
0.4930000000000001 0.38139999999999996
0.4940000000000001 0.38119999999999993
0.4950000000000001 0.38099999999999995
0.4960000000000001 0.38079999999999997
0.4970000000000001 0.38059999999999994
0.4980000000000001 0.38039999999999996
0.4990000000000001 0.3802
0.5000000000000001 0.38
0.5010000000000001 0.37979999999999997
0.5020000000000001 0.37959999999999994
0.5030000000000001 0.37939999999999996
0.5040000000000001 0.3792
0.5050000000000001 0.37899999999999995
0.5060000000000001 0.3787999999999999
0.5070000000000001 0.37859999999999994
0.5080000000000001 0.37839999999999996
0.5090000000000001 0.3782
0.5100000000000001 0.37799999999999995
0.5110000000000001 0.37779999999999997
0.5120000000000001 0.3776
0.5130000000000001 0.37739999999999996
0.5140000000000001 0.3771999999999999
0.5150000000000001 0.37699999999999995
0.5160000000000001 0.37679999999999997
0.5170000000000001 0.37659999999999993
0.5180000000000001 0.37639999999999996
0.5190000000000001 0.3762
0.5200000000000001 0.376
0.5210000000000001 0.37579999999999997
0.5220000000000001 0.37559999999999993
0.5230000000000001 0.37539999999999996
0.5240000000000001 0.3752
0.5250000000000001 0.37499999999999994
0.5260000000000001 0.3747999999999999
0.5270000000000001 0.37459999999999993
0.5280000000000001 0.37439999999999996
0.5290000000000001 0.3742
0.5300000000000001 0.37399999999999994
0.5310000000000001 0.37379999999999997
0.5320000000000001 0.3736
0.5330000000000001 0.37339999999999995
0.5340000000000001 0.3731999999999999
0.5350000000000001 0.37299999999999994
0.5360000000000001 0.37279999999999996
0.5370000000000001 0.37259999999999993
0.5380000000000001 0.37239999999999995
0.5390000000000001 0.3722
0.5400000000000001 0.372
0.5410000000000001 0.37179999999999996
0.5420000000000001 0.37159999999999993
0.5430000000000001 0.37139999999999995
0.5440000000000002 0.3712
0.5450000000000002 0.37099999999999994
0.5460000000000002 0.3707999999999999
0.5470000000000002 0.37059999999999993
0.5480000000000002 0.37039999999999995
0.5490000000000002 0.3702
0.5500000000000002 0.36999999999999994
0.5510000000000002 0.36979999999999996
0.5520000000000002 0.3696
0.5530000000000002 0.36939999999999995
0.5540000000000002 0.3691999999999999
0.5550000000000002 0.36899999999999994
0.5560000000000002 0.36879999999999996
0.5570000000000002 0.3685999999999999
0.5580000000000002 0.36839999999999995
0.5590000000000002 0.36819999999999997
0.5600000000000002 0.368
0.5610000000000002 0.36779999999999996
0.5620000000000002 0.3675999999999999
0.5630000000000002 0.36739999999999995
0.5640000000000002 0.36719999999999997
0.5650000000000002 0.36699999999999994
0.5660000000000002 0.3667999999999999
0.5670000000000002 0.3665999999999999
0.5680000000000002 0.36639999999999995
0.5690000000000002 0.36619999999999997
0.5700000000000002 0.36599999999999994
0.5710000000000002 0.36579999999999996
0.5720000000000002 0.3656
0.5730000000000002 0.36539999999999995
0.5740000000000002 0.3651999999999999
0.5750000000000002 0.36499999999999994
0.5760000000000002 0.36479999999999996
0.5770000000000002 0.3645999999999999
0.5780000000000002 0.36439999999999995
0.5790000000000002 0.36419999999999997
0.5800000000000002 0.364
0.5810000000000002 0.36379999999999996
0.5820000000000002 0.3635999999999999
0.5830000000000002 0.36339999999999995
0.5840000000000002 0.36319999999999997
0.5850000000000002 0.36299999999999993
0.5860000000000002 0.3627999999999999
0.5870000000000002 0.3625999999999999
0.5880000000000002 0.36239999999999994
0.5890000000000002 0.36219999999999997
0.5900000000000002 0.36199999999999993
0.5910000000000002 0.36179999999999995
0.5920000000000002 0.3616
0.5930000000000002 0.36139999999999994
0.5940000000000002 0.3611999999999999
0.5950000000000002 0.36099999999999993
0.5960000000000002 0.36079999999999995
0.5970000000000002 0.3605999999999999
0.5980000000000002 0.36039999999999994
0.5990000000000002 0.36019999999999996
0.6000000000000002 0.36
0.6010000000000002 0.35979999999999995
0.6020000000000002 0.3595999999999999
0.6030000000000002 0.35939999999999994
0.6040000000000002 0.35919999999999996
0.6050000000000002 0.35899999999999993
0.6060000000000002 0.3587999999999999
0.6070000000000002 0.3585999999999999
0.6080000000000002 0.35839999999999994
0.6090000000000002 0.35819999999999996
0.6100000000000002 0.35799999999999993
0.6110000000000002 0.35779999999999995
0.6120000000000002 0.3576
0.6130000000000002 0.35739999999999994
0.6140000000000002 0.3571999999999999
0.6150000000000002 0.35699999999999993
0.6160000000000002 0.35679999999999995
0.6170000000000002 0.3565999999999999
0.6180000000000002 0.35639999999999994
0.6190000000000002 0.35619999999999996
0.6200000000000002 0.356
0.6210000000000002 0.35579999999999995
0.6220000000000002 0.3555999999999999
0.6230000000000002 0.35539999999999994
0.6240000000000002 0.35519999999999996
0.6250000000000002 0.3549999999999999
0.6260000000000002 0.3547999999999999
0.6270000000000002 0.3545999999999999
0.6280000000000002 0.35439999999999994
0.6290000000000002 0.35419999999999996
0.6300000000000002 0.3539999999999999
0.6310000000000002 0.35379999999999995
0.6320000000000002 0.35359999999999997
0.6330000000000002 0.35339999999999994
0.6340000000000002 0.3531999999999999
0.6350000000000002 0.3529999999999999
0.6360000000000002 0.35279999999999995
0.6370000000000002 0.3525999999999999
0.6380000000000002 0.35239999999999994
0.6390000000000002 0.35219999999999996
0.6400000000000002 0.352
0.6410000000000002 0.35179999999999995
0.6420000000000002 0.3515999999999999
0.6430000000000002 0.35139999999999993
0.6440000000000002 0.35119999999999996
0.6450000000000002 0.3509999999999999
0.6460000000000002 0.3507999999999999
0.6470000000000002 0.3505999999999999
0.6480000000000002 0.35039999999999993
0.6490000000000002 0.35019999999999996
0.6500000000000002 0.3499999999999999
0.6510000000000002 0.34979999999999994
0.6520000000000002 0.34959999999999997
0.6530000000000002 0.34939999999999993
0.6540000000000002 0.3491999999999999
0.6550000000000002 0.3489999999999999
0.6560000000000002 0.34879999999999994
0.6570000000000003 0.3485999999999999
0.6580000000000003 0.34839999999999993
0.6590000000000003 0.34819999999999995
0.6600000000000003 0.348
0.6610000000000003 0.34779999999999994
0.6620000000000003 0.3475999999999999
0.6630000000000003 0.34739999999999993
0.6640000000000003 0.34719999999999995
0.6650000000000003 0.3469999999999999
0.6660000000000003 0.3467999999999999
0.6670000000000003 0.3465999999999999
0.6680000000000003 0.34639999999999993
0.6690000000000003 0.34619999999999995
0.6700000000000003 0.3459999999999999
0.6710000000000003 0.34579999999999994
0.6720000000000003 0.34559999999999996
0.6730000000000003 0.34539999999999993
0.6740000000000003 0.3451999999999999
0.6750000000000003 0.3449999999999999
0.6760000000000003 0.34479999999999994
0.6770000000000003 0.3445999999999999
0.6780000000000003 0.34439999999999993
0.6790000000000003 0.34419999999999995
0.6800000000000003 0.344
0.6810000000000003 0.34379999999999994
0.6820000000000003 0.3435999999999999
0.6830000000000003 0.3433999999999999
0.6840000000000003 0.34319999999999995
0.6850000000000003 0.3429999999999999
0.6860000000000003 0.3427999999999999
0.6870000000000003 0.3425999999999999
0.6880000000000003 0.3423999999999999
0.6890000000000003 0.34219999999999995
0.6900000000000003 0.3419999999999999
0.6910000000000003 0.34179999999999994
0.6920000000000003 0.34159999999999996
0.6930000000000003 0.3413999999999999
0.6940000000000003 0.3411999999999999
0.6950000000000003 0.3409999999999999
0.6960000000000003 0.34079999999999994
0.6970000000000003 0.3405999999999999
0.6980000000000003 0.3403999999999999
0.6990000000000003 0.34019999999999995
0.7000000000000003 0.33999999999999997
0.7010000000000003 0.33979999999999994
0.7020000000000003 0.3395999999999999
0.7030000000000003 0.3393999999999999
0.7040000000000003 0.33919999999999995
0.7050000000000003 0.3389999999999999
0.7060000000000003 0.3387999999999999
0.7070000000000003 0.3385999999999999
0.7080000000000003 0.3383999999999999
0.7090000000000003 0.33819999999999995
0.7100000000000003 0.3379999999999999
0.7110000000000003 0.33779999999999993
0.7120000000000003 0.33759999999999996
0.7130000000000003 0.3373999999999999
0.7140000000000003 0.3371999999999999
0.7150000000000003 0.3369999999999999
0.7160000000000003 0.33679999999999993
0.7170000000000003 0.3365999999999999
0.7180000000000003 0.3363999999999999
0.7190000000000003 0.33619999999999994
0.7200000000000003 0.33599999999999997
0.7210000000000003 0.33579999999999993
0.7220000000000003 0.3355999999999999
0.7230000000000003 0.3353999999999999
0.7240000000000003 0.33519999999999994
0.7250000000000003 0.3349999999999999
0.7260000000000003 0.3347999999999999
0.7270000000000003 0.3345999999999999
0.7280000000000003 0.3343999999999999
0.7290000000000003 0.33419999999999994
0.7300000000000003 0.3339999999999999
0.7310000000000003 0.33379999999999993
0.7320000000000003 0.33359999999999995
0.7330000000000003 0.3333999999999999
0.7340000000000003 0.3331999999999999
0.7350000000000003 0.3329999999999999
0.7360000000000003 0.33279999999999993
0.7370000000000003 0.3325999999999999
0.7380000000000003 0.3323999999999999
0.7390000000000003 0.33219999999999994
0.7400000000000003 0.33199999999999996
0.7410000000000003 0.33179999999999993
0.7420000000000003 0.3315999999999999
0.7430000000000003 0.3313999999999999
0.7440000000000003 0.33119999999999994
0.7450000000000003 0.3309999999999999
0.7460000000000003 0.33079999999999987
0.7470000000000003 0.3305999999999999
0.7480000000000003 0.3303999999999999
0.7490000000000003 0.33019999999999994
0.7500000000000003 0.3299999999999999
0.7510000000000003 0.3297999999999999
0.7520000000000003 0.32959999999999995
0.7530000000000003 0.3293999999999999
0.7540000000000003 0.3291999999999999
0.7550000000000003 0.3289999999999999
0.7560000000000003 0.3287999999999999
0.7570000000000003 0.3285999999999999
0.7580000000000003 0.3283999999999999
0.7590000000000003 0.32819999999999994
0.7600000000000003 0.32799999999999996
0.7610000000000003 0.3277999999999999
0.7620000000000003 0.3275999999999999
0.7630000000000003 0.3273999999999999
0.7640000000000003 0.32719999999999994
0.7650000000000003 0.3269999999999999
0.7660000000000003 0.32679999999999987
0.7670000000000003 0.3265999999999999
0.7680000000000003 0.3263999999999999
0.7690000000000003 0.32619999999999993
0.7700000000000004 0.3259999999999999
0.7710000000000004 0.3257999999999999
0.7720000000000004 0.32559999999999995
0.7730000000000004 0.3253999999999999
0.7740000000000004 0.3251999999999999
0.7750000000000004 0.3249999999999999
0.7760000000000004 0.3247999999999999
0.7770000000000004 0.3245999999999999
0.7780000000000004 0.3243999999999999
0.7790000000000004 0.32419999999999993
0.7800000000000004 0.32399999999999995
0.7810000000000004 0.3237999999999999
0.7820000000000004 0.3235999999999999
0.7830000000000004 0.3233999999999999
0.7840000000000004 0.32319999999999993
0.7850000000000004 0.3229999999999999
0.7860000000000004 0.32279999999999986
0.7870000000000004 0.3225999999999999
0.7880000000000004 0.3223999999999999
0.7890000000000004 0.32219999999999993
0.7900000000000004 0.3219999999999999
0.7910000000000004 0.3217999999999999
0.7920000000000004 0.32159999999999994
0.7930000000000004 0.3213999999999999
0.7940000000000004 0.3211999999999999
0.7950000000000004 0.3209999999999999
0.7960000000000004 0.3207999999999999
0.7970000000000004 0.3205999999999999
0.7980000000000004 0.3203999999999999
0.7990000000000004 0.32019999999999993
0.8000000000000004 0.31999999999999995
0.8010000000000004 0.3197999999999999
0.8020000000000004 0.3195999999999999
0.8030000000000004 0.3193999999999999
0.8040000000000004 0.31919999999999993
0.8050000000000004 0.3189999999999999
0.8060000000000004 0.31879999999999986
0.8070000000000004 0.3185999999999999
0.8080000000000004 0.3183999999999999
0.8090000000000004 0.3181999999999999
0.8100000000000004 0.3179999999999999
0.8110000000000004 0.3177999999999999
0.8120000000000004 0.31759999999999994
0.8130000000000004 0.3173999999999999
0.8140000000000004 0.31719999999999987
0.8150000000000004 0.3169999999999999
0.8160000000000004 0.3167999999999999
0.8170000000000004 0.3165999999999999
0.8180000000000004 0.3163999999999999
0.8190000000000004 0.3161999999999999
0.8200000000000004 0.31599999999999995
0.8210000000000004 0.3157999999999999
0.8220000000000004 0.3155999999999999
0.8230000000000004 0.3153999999999999
0.8240000000000004 0.3151999999999999
0.8250000000000004 0.3149999999999999
0.8260000000000004 0.31479999999999986
0.8270000000000004 0.3145999999999999
0.8280000000000004 0.3143999999999999
0.8290000000000004 0.3141999999999999
0.8300000000000004 0.3139999999999999
0.8310000000000004 0.3137999999999999
0.8320000000000004 0.31359999999999993
0.8330000000000004 0.3133999999999999
0.8340000000000004 0.31319999999999987
0.8350000000000004 0.3129999999999999
0.8360000000000004 0.3127999999999999
0.8370000000000004 0.3125999999999999
0.8380000000000004 0.3123999999999999
0.8390000000000004 0.3121999999999999
0.8400000000000004 0.31199999999999994
0.8410000000000004 0.3117999999999999
0.8420000000000004 0.3115999999999999
0.8430000000000004 0.3113999999999999
0.8440000000000004 0.3111999999999999
0.8450000000000004 0.3109999999999999
0.8460000000000004 0.31079999999999985
0.8470000000000004 0.3105999999999999
0.8480000000000004 0.3103999999999999
0.8490000000000004 0.3101999999999999
0.8500000000000004 0.3099999999999999
0.8510000000000004 0.3097999999999999
0.8520000000000004 0.30959999999999993
0.8530000000000004 0.3093999999999999
0.8540000000000004 0.30919999999999986
0.8550000000000004 0.3089999999999999
0.8560000000000004 0.3087999999999999
0.8570000000000004 0.3085999999999999
0.8580000000000004 0.3083999999999999
0.8590000000000004 0.3081999999999999
0.8600000000000004 0.30799999999999994
0.8610000000000004 0.3077999999999999
0.8620000000000004 0.3075999999999999
0.8630000000000004 0.3073999999999999
0.8640000000000004 0.3071999999999999
0.8650000000000004 0.3069999999999999
0.8660000000000004 0.30679999999999985
0.8670000000000004 0.3065999999999999
0.8680000000000004 0.3063999999999999
0.8690000000000004 0.3061999999999999
0.8700000000000004 0.3059999999999999
0.8710000000000004 0.3057999999999999
0.8720000000000004 0.3055999999999999
0.8730000000000004 0.3053999999999999
0.8740000000000004 0.30519999999999986
0.8750000000000004 0.3049999999999999
0.8760000000000004 0.3047999999999999
0.8770000000000004 0.30459999999999987
0.8780000000000004 0.3043999999999999
0.8790000000000004 0.3041999999999999
0.8800000000000004 0.30399999999999994
0.8810000000000004 0.3037999999999999
0.8820000000000005 0.30359999999999987
0.8830000000000005 0.3033999999999999
0.8840000000000005 0.3031999999999999
0.8850000000000005 0.3029999999999999
0.8860000000000005 0.30279999999999985
0.8870000000000005 0.30259999999999987
0.8880000000000005 0.3023999999999999
0.8890000000000005 0.3021999999999999
0.8900000000000005 0.3019999999999999
0.8910000000000005 0.3017999999999999
0.8920000000000005 0.3015999999999999
0.8930000000000005 0.3013999999999999
0.8940000000000005 0.30119999999999986
0.8950000000000005 0.3009999999999999
0.8960000000000005 0.3007999999999999
0.8970000000000005 0.30059999999999987
0.8980000000000005 0.3003999999999999
0.8990000000000005 0.3001999999999999
0.9000000000000005 0.29999999999999993
0.9010000000000005 0.2997999999999999
0.9020000000000005 0.29959999999999987
0.9030000000000005 0.2993999999999999
0.9040000000000005 0.2991999999999999
0.9050000000000005 0.2989999999999999
0.9060000000000005 0.29879999999999984
0.9070000000000005 0.29859999999999987
0.9080000000000005 0.2983999999999999
0.9090000000000005 0.2981999999999999
0.9100000000000005 0.2979999999999999
0.9110000000000005 0.2977999999999999
0.9120000000000005 0.2975999999999999
0.9130000000000005 0.2973999999999999
0.9140000000000005 0.29719999999999985
0.9150000000000005 0.2969999999999999
0.9160000000000005 0.2967999999999999
0.9170000000000005 0.29659999999999986
0.9180000000000005 0.2963999999999999
0.9190000000000005 0.2961999999999999
0.9200000000000005 0.29599999999999993
0.9210000000000005 0.2957999999999999
0.9220000000000005 0.29559999999999986
0.9230000000000005 0.2953999999999999
0.9240000000000005 0.2951999999999999
0.9250000000000005 0.2949999999999999
0.9260000000000005 0.29479999999999984
0.9270000000000005 0.29459999999999986
0.9280000000000005 0.2943999999999999
0.9290000000000005 0.2941999999999999
0.9300000000000005 0.2939999999999999
0.9310000000000005 0.2937999999999999
0.9320000000000005 0.2935999999999999
0.9330000000000005 0.2933999999999999
0.9340000000000005 0.29319999999999985
0.9350000000000005 0.29299999999999987
0.9360000000000005 0.2927999999999999
0.9370000000000005 0.29259999999999986
0.9380000000000005 0.2923999999999999
0.9390000000000005 0.2921999999999999
0.9400000000000005 0.2919999999999999
0.9410000000000005 0.2917999999999999
0.9420000000000005 0.29159999999999986
0.9430000000000005 0.2913999999999999
0.9440000000000005 0.2911999999999999
0.9450000000000005 0.29099999999999987
0.9460000000000005 0.29079999999999984
0.9470000000000005 0.29059999999999986
0.9480000000000005 0.2903999999999999
0.9490000000000005 0.2901999999999999
0.9500000000000005 0.28999999999999987
0.9510000000000005 0.2897999999999999
0.9520000000000005 0.2895999999999999
0.9530000000000005 0.2893999999999999
0.9540000000000005 0.28919999999999985
0.9550000000000005 0.28899999999999987
0.9560000000000005 0.2887999999999999
0.9570000000000005 0.28859999999999986
0.9580000000000005 0.2883999999999999
0.9590000000000005 0.2881999999999999
0.9600000000000005 0.2879999999999999
0.9610000000000005 0.2877999999999999
0.9620000000000005 0.28759999999999986
0.9630000000000005 0.2873999999999999
0.9640000000000005 0.2871999999999999
0.9650000000000005 0.28699999999999987
0.9660000000000005 0.28679999999999983
0.9670000000000005 0.28659999999999985
0.9680000000000005 0.2863999999999999
0.9690000000000005 0.2861999999999999
0.9700000000000005 0.28599999999999987
0.9710000000000005 0.2857999999999999
0.9720000000000005 0.2855999999999999
0.9730000000000005 0.2853999999999999
0.9740000000000005 0.28519999999999984
0.9750000000000005 0.28499999999999986
0.9760000000000005 0.2847999999999999
0.9770000000000005 0.28459999999999985
0.9780000000000005 0.2843999999999999
0.9790000000000005 0.2841999999999999
0.9800000000000005 0.2839999999999999
0.9810000000000005 0.2837999999999999
0.9820000000000005 0.28359999999999985
0.9830000000000005 0.2833999999999999
0.9840000000000005 0.2831999999999999
0.9850000000000005 0.28299999999999986
0.9860000000000005 0.28279999999999983
0.9870000000000005 0.28259999999999985
0.9880000000000005 0.2823999999999999
0.9890000000000005 0.2821999999999999
0.9900000000000005 0.28199999999999986
0.9910000000000005 0.2817999999999999
0.9920000000000005 0.2815999999999999
0.9930000000000005 0.2813999999999999
0.9940000000000005 0.28119999999999984
0.9950000000000006 0.28099999999999986
0.9960000000000006 0.2807999999999999
0.9970000000000006 0.28059999999999985
0.9980000000000006 0.28039999999999987
0.9990000000000006 0.2801999999999999
1.0000000000000004 0.2799999999999999
1.0010000000000003 0.27979999999999994
1.0020000000000002 0.27959999999999996
1.0030000000000001 0.2794
1.004 0.2792
1.005 0.279
1.0059999999999998 0.27880000000000005
1.0069999999999997 0.27860000000000007
1.0079999999999996 0.2784000000000001
1.0089999999999995 0.2782000000000001
1.0099999999999993 0.27800000000000014
1.0109999999999992 0.27780000000000016
1.0119999999999991 0.2776000000000002
1.012999999999999 0.2774000000000002
1.013999999999999 0.2772000000000002
1.0149999999999988 0.27700000000000025
1.0159999999999987 0.27680000000000027
1.0169999999999986 0.2766000000000003
1.0179999999999985 0.2764000000000003
1.0189999999999984 0.27620000000000033
1.0199999999999982 0.27600000000000036
1.0209999999999981 0.2758000000000004
1.021999999999998 0.2756000000000004
1.022999999999998 0.2754000000000004
1.0239999999999978 0.27520000000000044
1.0249999999999977 0.27500000000000047
1.0259999999999976 0.2748000000000005
1.0269999999999975 0.2746000000000005
1.0279999999999974 0.27440000000000053
1.0289999999999973 0.27420000000000055
1.0299999999999971 0.2740000000000006
1.030999999999997 0.2738000000000006
1.031999999999997 0.2736000000000006
1.0329999999999968 0.27340000000000064
1.0339999999999967 0.27320000000000066
1.0349999999999966 0.2730000000000007
1.0359999999999965 0.2728000000000007
1.0369999999999964 0.27260000000000073
1.0379999999999963 0.27240000000000075
1.0389999999999961 0.2722000000000008
1.039999999999996 0.2720000000000008
1.040999999999996 0.2718000000000008
1.0419999999999958 0.27160000000000084
1.0429999999999957 0.27140000000000086
1.0439999999999956 0.2712000000000009
1.0449999999999955 0.2710000000000009
1.0459999999999954 0.27080000000000093
1.0469999999999953 0.27060000000000095
1.0479999999999952 0.270400000000001
1.048999999999995 0.270200000000001
1.049999999999995 0.270000000000001
1.0509999999999948 0.26980000000000104
1.0519999999999947 0.26960000000000106
1.0529999999999946 0.2694000000000011
1.0539999999999945 0.2692000000000011
1.0549999999999944 0.2690000000000011
1.0559999999999943 0.26880000000000115
1.0569999999999942 0.26860000000000117
1.057999999999994 0.2684000000000012
1.058999999999994 0.2682000000000012
1.0599999999999938 0.26800000000000124
1.0609999999999937 0.26780000000000126
1.0619999999999936 0.2676000000000013
1.0629999999999935 0.2674000000000013
1.0639999999999934 0.2672000000000013
1.0649999999999933 0.26700000000000135
1.0659999999999932 0.26680000000000137
1.066999999999993 0.2666000000000014
1.067999999999993 0.2664000000000014
1.0689999999999928 0.26620000000000144
1.0699999999999927 0.26600000000000146
1.0709999999999926 0.2658000000000015
1.0719999999999925 0.2656000000000015
1.0729999999999924 0.2654000000000015
1.0739999999999923 0.26520000000000155
1.0749999999999922 0.26500000000000157
1.075999999999992 0.2648000000000016
1.076999999999992 0.2646000000000016
1.0779999999999919 0.26440000000000163
1.0789999999999917 0.26420000000000166
1.0799999999999916 0.2640000000000017
1.0809999999999915 0.2638000000000017
1.0819999999999914 0.2636000000000017
1.0829999999999913 0.26340000000000174
1.0839999999999912 0.26320000000000177
1.084999999999991 0.2630000000000018
1.085999999999991 0.2628000000000018
1.0869999999999909 0.26260000000000183
1.0879999999999908 0.26240000000000185
1.0889999999999906 0.2622000000000019
1.0899999999999905 0.2620000000000019
1.0909999999999904 0.2618000000000019
1.0919999999999903 0.26160000000000194
1.0929999999999902 0.26140000000000196
1.09399999999999 0.261200000000002
1.09499999999999 0.261000000000002
1.0959999999999899 0.26080000000000203
1.0969999999999898 0.26060000000000205
1.0979999999999897 0.2604000000000021
1.0989999999999895 0.2602000000000021
1.0999999999999894 0.2600000000000021
1.1009999999999893 0.25980000000000214
1.1019999999999892 0.25960000000000216
1.102999999999989 0.2594000000000022
1.103999999999989 0.2592000000000022
1.1049999999999889 0.25900000000000223
1.1059999999999888 0.25880000000000225
1.1069999999999887 0.2586000000000023
1.1079999999999885 0.2584000000000023
1.1089999999999884 0.2582000000000023
1.1099999999999883 0.25800000000000234
1.1109999999999882 0.25780000000000236
1.111999999999988 0.2576000000000024
1.112999999999988 0.2574000000000024
1.1139999999999879 0.2572000000000024
1.1149999999999878 0.25700000000000245
1.1159999999999877 0.25680000000000247
1.1169999999999876 0.2566000000000025
1.1179999999999874 0.2564000000000025
1.1189999999999873 0.25620000000000254
1.1199999999999872 0.25600000000000256
1.1209999999999871 0.2558000000000026
1.121999999999987 0.2556000000000026
1.122999999999987 0.2554000000000026
1.1239999999999868 0.25520000000000265
1.1249999999999867 0.25500000000000267
1.1259999999999866 0.2548000000000027
1.1269999999999865 0.2546000000000027
1.1279999999999863 0.25440000000000274
1.1289999999999862 0.25420000000000276
1.1299999999999861 0.2540000000000028
1.130999999999986 0.2538000000000028
1.131999999999986 0.2536000000000028
1.1329999999999858 0.25340000000000285
1.1339999999999857 0.25320000000000287
1.1349999999999856 0.2530000000000029
1.1359999999999855 0.2528000000000029
1.1369999999999854 0.25260000000000293
1.1379999999999852 0.25240000000000296
1.1389999999999851 0.252200000000003
1.139999999999985 0.252000000000003
1.140999999999985 0.251800000000003
1.1419999999999848 0.25160000000000304
1.1429999999999847 0.25140000000000307
1.1439999999999846 0.2512000000000031
1.1449999999999845 0.2510000000000031
1.1459999999999844 0.25080000000000313
1.1469999999999843 0.25060000000000315
1.1479999999999841 0.2504000000000032
1.148999999999984 0.2502000000000032
1.149999999999984 0.2500000000000032
1.1509999999999838 0.24980000000000321
1.1519999999999837 0.24960000000000324
1.1529999999999836 0.24940000000000326
1.1539999999999835 0.24920000000000328
1.1549999999999834 0.2490000000000033
1.1559999999999833 0.24880000000000332
1.1569999999999832 0.24860000000000335
1.157999999999983 0.24840000000000337
1.158999999999983 0.2482000000000034
1.1599999999999828 0.2480000000000034
1.1609999999999827 0.24780000000000343
1.1619999999999826 0.24760000000000346
1.1629999999999825 0.24740000000000348
1.1639999999999824 0.2472000000000035
1.1649999999999823 0.24700000000000352
1.1659999999999822 0.24680000000000354
1.166999999999982 0.24660000000000357
1.167999999999982 0.2464000000000036
1.1689999999999818 0.2462000000000036
1.1699999999999817 0.24600000000000363
1.1709999999999816 0.24580000000000365
1.1719999999999815 0.24560000000000368
1.1729999999999814 0.2454000000000037
1.1739999999999813 0.24520000000000372
1.1749999999999812 0.24500000000000374
1.175999999999981 0.24480000000000376
1.176999999999981 0.2446000000000038
1.1779999999999808 0.2444000000000038
1.1789999999999807 0.24420000000000383
1.1799999999999806 0.24400000000000385
1.1809999999999805 0.24380000000000387
1.1819999999999804 0.2436000000000039
1.1829999999999803 0.24340000000000392
1.1839999999999802 0.24320000000000394
1.18499999999998 0.24300000000000396
1.18599999999998 0.24280000000000398
1.1869999999999798 0.242600000000004
1.1879999999999797 0.24240000000000403
1.1889999999999796 0.24220000000000405
1.1899999999999795 0.24200000000000407
1.1909999999999794 0.2418000000000041
1.1919999999999793 0.24160000000000412
1.1929999999999792 0.24140000000000414
1.193999999999979 0.24120000000000416
1.194999999999979 0.24100000000000418
1.1959999999999789 0.2408000000000042
1.1969999999999787 0.24060000000000423
1.1979999999999786 0.24040000000000425
1.1989999999999785 0.24020000000000427
1.1999999999999784 0.2400000000000043
1.2009999999999783 0.23980000000000432
1.2019999999999782 0.23960000000000434
1.202999999999978 0.23940000000000436
1.203999999999978 0.23920000000000438
1.2049999999999779 0.2390000000000044
1.2059999999999778 0.23880000000000443
1.2069999999999776 0.23860000000000445
1.2079999999999775 0.23840000000000447
1.2089999999999774 0.2382000000000045
1.2099999999999773 0.2380000000000045
1.2109999999999772 0.23780000000000454
1.211999999999977 0.23760000000000456
1.212999999999977 0.23740000000000458
1.2139999999999769 0.2372000000000046
1.2149999999999768 0.23700000000000462
1.2159999999999767 0.23680000000000465
1.2169999999999765 0.23660000000000467
1.2179999999999764 0.2364000000000047
1.2189999999999763 0.2362000000000047
1.2199999999999762 0.23600000000000473
1.220999999999976 0.23580000000000476
1.221999999999976 0.23560000000000478
1.2229999999999759 0.2354000000000048
1.2239999999999758 0.23520000000000482
1.2249999999999757 0.23500000000000484
1.2259999999999756 0.23480000000000487
1.2269999999999754 0.2346000000000049
1.2279999999999753 0.2344000000000049
1.2289999999999752 0.23420000000000493
1.2299999999999751 0.23400000000000495
1.230999999999975 0.23380000000000498
1.231999999999975 0.233600000000005
1.2329999999999748 0.23340000000000502
1.2339999999999747 0.23320000000000504
1.2349999999999746 0.23300000000000506
1.2359999999999745 0.2328000000000051
1.2369999999999743 0.2326000000000051
1.2379999999999742 0.23240000000000513
1.2389999999999741 0.23220000000000515
1.239999999999974 0.23200000000000517
1.240999999999974 0.2318000000000052
1.2419999999999738 0.23160000000000522
1.2429999999999737 0.23140000000000524
1.2439999999999736 0.23120000000000526
1.2449999999999735 0.23100000000000528
1.2459999999999734 0.2308000000000053
1.2469999999999732 0.23060000000000533
1.2479999999999731 0.23040000000000535
1.248999999999973 0.23020000000000537
1.249999999999973 0.2300000000000054
1.2509999999999728 0.22980000000000542
1.2519999999999727 0.22960000000000544
1.2529999999999726 0.22940000000000546
1.2539999999999725 0.22920000000000548
1.2549999999999724 0.2290000000000055
1.2559999999999722 0.22880000000000553
1.2569999999999721 0.22860000000000555
1.257999999999972 0.22840000000000557
1.258999999999972 0.2282000000000056
1.2599999999999718 0.22800000000000561
1.2609999999999717 0.22780000000000564
1.2619999999999716 0.22760000000000566
1.2629999999999715 0.22740000000000568
1.2639999999999714 0.2272000000000057
1.2649999999999713 0.22700000000000572
1.2659999999999711 0.22680000000000575
1.266999999999971 0.22660000000000577
1.267999999999971 0.2264000000000058
1.2689999999999708 0.2262000000000058
1.2699999999999707 0.22600000000000584
1.2709999999999706 0.22580000000000586
1.2719999999999705 0.22560000000000588
1.2729999999999704 0.2254000000000059
1.2739999999999703 0.22520000000000592
1.2749999999999702 0.22500000000000595
1.27599999999997 0.22480000000000597
1.27699999999997 0.224600000000006
1.2779999999999698 0.224400000000006
1.2789999999999697 0.22420000000000603
1.2799999999999696 0.22400000000000606
1.2809999999999695 0.22380000000000608
1.2819999999999694 0.2236000000000061
1.2829999999999693 0.22340000000000612
1.2839999999999692 0.22320000000000614
1.284999999999969 0.22300000000000617
1.285999999999969 0.2228000000000062
1.2869999999999688 0.2226000000000062
1.2879999999999687 0.22240000000000623
1.2889999999999686 0.22220000000000625
1.2899999999999685 0.22200000000000628
1.2909999999999684 0.2218000000000063
1.2919999999999683 0.22160000000000632
1.2929999999999682 0.22140000000000634
1.293999999999968 0.22120000000000636
1.294999999999968 0.22100000000000639
1.2959999999999678 0.2208000000000064
1.2969999999999677 0.22060000000000643
1.2979999999999676 0.22040000000000645
1.2989999999999675 0.22020000000000647
1.2999999999999674 0.2200000000000065
1.3009999999999673 0.21980000000000652
1.3019999999999672 0.21960000000000654
1.302999999999967 0.21940000000000656
1.303999999999967 0.21920000000000658
1.3049999999999669 0.2190000000000066
1.3059999999999667 0.21880000000000663
1.3069999999999666 0.21860000000000665
1.3079999999999665 0.21840000000000667
1.3089999999999664 0.2182000000000067
1.3099999999999663 0.21800000000000672
1.3109999999999662 0.21780000000000674
1.311999999999966 0.21760000000000676
1.312999999999966 0.21740000000000678
1.3139999999999659 0.2172000000000068
1.3149999999999658 0.21700000000000683
1.3159999999999656 0.21680000000000685
1.3169999999999655 0.21660000000000687
1.3179999999999654 0.2164000000000069
1.3189999999999653 0.21620000000000691
1.3199999999999652 0.21600000000000694
1.320999999999965 0.21580000000000696
1.321999999999965 0.21560000000000698
1.3229999999999649 0.215400000000007
1.3239999999999648 0.21520000000000702
1.3249999999999647 0.21500000000000705
1.3259999999999645 0.21480000000000707
1.3269999999999644 0.2146000000000071
1.3279999999999643 0.2144000000000071
1.3289999999999642 0.21420000000000713
1.329999999999964 0.21400000000000716
1.330999999999964 0.21380000000000718
1.3319999999999639 0.2136000000000072
1.3329999999999638 0.21340000000000722
1.3339999999999637 0.21320000000000724
1.3349999999999635 0.21300000000000727
1.3359999999999634 0.2128000000000073
1.3369999999999633 0.2126000000000073
1.3379999999999632 0.21240000000000733
1.338999999999963 0.21220000000000735
1.339999999999963 0.21200000000000738
1.3409999999999629 0.2118000000000074
1.3419999999999628 0.21160000000000742
1.3429999999999627 0.21140000000000744
1.3439999999999626 0.21120000000000747
1.3449999999999624 0.2110000000000075
1.3459999999999623 0.2108000000000075
1.3469999999999622 0.21060000000000753
1.3479999999999621 0.21040000000000755
1.348999999999962 0.21020000000000758
1.349999999999962 0.2100000000000076
1.3509999999999618 0.20980000000000762
1.3519999999999617 0.20960000000000764
1.3529999999999616 0.20940000000000766
1.3539999999999615 0.20920000000000769
1.3549999999999613 0.2090000000000077
1.3559999999999612 0.20880000000000773
1.3569999999999611 0.20860000000000775
1.357999999999961 0.20840000000000777
1.358999999999961 0.2082000000000078
1.3599999999999608 0.20800000000000782
1.3609999999999607 0.20780000000000784
1.3619999999999606 0.20760000000000786
1.3629999999999605 0.20740000000000788
1.3639999999999604 0.2072000000000079
1.3649999999999602 0.20700000000000793
1.3659999999999601 0.20680000000000795
1.36699999999996 0.20660000000000797
1.36799999999996 0.206400000000008
1.3689999999999598 0.20620000000000802
1.3699999999999597 0.20600000000000804
1.3709999999999596 0.20580000000000806
1.3719999999999595 0.20560000000000808
1.3729999999999594 0.2054000000000081
1.3739999999999593 0.20520000000000813
1.3749999999999591 0.20500000000000815
1.375999999999959 0.20480000000000817
1.376999999999959 0.2046000000000082
1.3779999999999588 0.20440000000000821
1.3789999999999587 0.20420000000000824
1.3799999999999586 0.20400000000000826
1.3809999999999585 0.20380000000000828
1.3819999999999584 0.2036000000000083
1.3829999999999583 0.20340000000000832
1.3839999999999582 0.20320000000000835
1.384999999999958 0.20300000000000837
1.385999999999958 0.2028000000000084
1.3869999999999578 0.2026000000000084
1.3879999999999577 0.20240000000000843
1.3889999999999576 0.20220000000000846
1.3899999999999575 0.20200000000000848
1.3909999999999574 0.2018000000000085
1.3919999999999573 0.20160000000000852
1.3929999999999572 0.20140000000000854
1.393999999999957 0.20120000000000857
1.394999999999957 0.2010000000000086
1.3959999999999568 0.2008000000000086
1.3969999999999567 0.20060000000000863
1.3979999999999566 0.20040000000000865
1.3989999999999565 0.20020000000000868
1.3999999999999564 0.2000000000000087
1.4009999999999563 0.19980000000000872
1.4019999999999562 0.19960000000000874
1.402999999999956 0.19940000000000876
1.403999999999956 0.1992000000000088
1.4049999999999558 0.1990000000000088
1.4059999999999557 0.19880000000000883
1.4069999999999556 0.19860000000000885
1.4079999999999555 0.19840000000000887
1.4089999999999554 0.1982000000000089
1.4099999999999553 0.19800000000000892
1.4109999999999552 0.19780000000000894
1.411999999999955 0.19760000000000896
1.412999999999955 0.19740000000000898
1.4139999999999548 0.197200000000009
1.4149999999999547 0.19700000000000903
1.4159999999999546 0.19680000000000905
1.4169999999999545 0.19660000000000907
1.4179999999999544 0.1964000000000091
1.4189999999999543 0.19620000000000912
1.4199999999999542 0.19600000000000914
1.420999999999954 0.19580000000000916
1.421999999999954 0.19560000000000918
1.4229999999999539 0.1954000000000092
1.4239999999999537 0.19520000000000923
1.4249999999999536 0.19500000000000925
1.4259999999999535 0.19480000000000927
1.4269999999999534 0.1946000000000093
1.4279999999999533 0.19440000000000932
1.4289999999999532 0.19420000000000934
1.429999999999953 0.19400000000000936
1.430999999999953 0.19380000000000938
1.4319999999999529 0.1936000000000094
1.4329999999999528 0.19340000000000943
1.4339999999999526 0.19320000000000945
1.4349999999999525 0.19300000000000947
1.4359999999999524 0.1928000000000095
1.4369999999999523 0.1926000000000095
1.4379999999999522 0.19240000000000954
1.438999999999952 0.19220000000000956
1.439999999999952 0.19200000000000958
1.4409999999999519 0.1918000000000096
1.4419999999999518 0.19160000000000962
1.4429999999999517 0.19140000000000965
1.4439999999999515 0.19120000000000967
1.4449999999999514 0.1910000000000097
1.4459999999999513 0.1908000000000097
1.4469999999999512 0.19060000000000973
1.447999999999951 0.19040000000000976
1.448999999999951 0.19020000000000978
1.4499999999999509 0.1900000000000098
1.4509999999999508 0.18980000000000982
1.4519999999999507 0.18960000000000984
1.4529999999999506 0.18940000000000987
1.4539999999999504 0.1892000000000099
1.4549999999999503 0.1890000000000099
1.4559999999999502 0.18880000000000993
1.4569999999999501 0.18860000000000995
1.45799999999995 0.18840000000000998
1.45899999999995 0.18820000000001
1.4599999999999498 0.18800000000001002
1.4609999999999497 0.18780000000001004
1.4619999999999496 0.18760000000001006
1.4629999999999495 0.1874000000000101
1.4639999999999493 0.1872000000000101
1.4649999999999492 0.18700000000001013
1.4659999999999491 0.18680000000001015
1.466999999999949 0.18660000000001017
1.467999999999949 0.1864000000000102
1.4689999999999488 0.18620000000001022
1.4699999999999487 0.18600000000001024
1.4709999999999486 0.18580000000001026
1.4719999999999485 0.18560000000001028
1.4729999999999484 0.1854000000000103
1.4739999999999482 0.18520000000001033
1.4749999999999481 0.18500000000001035
1.475999999999948 0.18480000000001037
1.476999999999948 0.1846000000000104
1.4779999999999478 0.18440000000001042
1.4789999999999477 0.18420000000001044
1.4799999999999476 0.18400000000001046
1.4809999999999475 0.18380000000001048
1.4819999999999474 0.1836000000000105
1.4829999999999472 0.18340000000001053
1.4839999999999471 0.18320000000001055
1.484999999999947 0.18300000000001057
1.485999999999947 0.1828000000000106
1.4869999999999468 0.18260000000001061
1.4879999999999467 0.18240000000001064
1.4889999999999466 0.18220000000001066
1.4899999999999465 0.18200000000001068
1.4909999999999464 0.1818000000000107
1.4919999999999463 0.18160000000001073
1.4929999999999461 0.18140000000001075
1.493999999999946 0.18120000000001077
1.494999999999946 0.1810000000000108
1.4959999999999458 0.1808000000000108
1.4969999999999457 0.18060000000001084
1.4979999999999456 0.18040000000001086
1.4989999999999455 0.18020000000001088
1.4999999999999454 0.1800000000000109
1.5009999999999453 0.17980000000001092
1.5019999999999452 0.17960000000001095
1.502999999999945 0.17940000000001097
1.503999999999945 0.179200000000011
1.5049999999999448 0.179000000000011
1.5059999999999447 0.17880000000001103
1.5069999999999446 0.17860000000001106
1.5079999999999445 0.17840000000001108
1.5089999999999444 0.1782000000000111
1.5099999999999443 0.17800000000001112
1.5109999999999442 0.17780000000001114
1.511999999999944 0.17760000000001117
1.512999999999944 0.1774000000000112
1.5139999999999438 0.1772000000000112
1.5149999999999437 0.17700000000001123
1.5159999999999436 0.17680000000001125
1.5169999999999435 0.17660000000001128
1.5179999999999434 0.1764000000000113
1.5189999999999433 0.17620000000001132
1.5199999999999432 0.17600000000001134
1.520999999999943 0.17580000000001136
1.521999999999943 0.17560000000001139
1.5229999999999428 0.1754000000000114
1.5239999999999427 0.17520000000001143
1.5249999999999426 0.17500000000001145
1.5259999999999425 0.17480000000001147
1.5269999999999424 0.1746000000000115
1.5279999999999423 0.17440000000001152
1.5289999999999422 0.17420000000001154
1.529999999999942 0.17400000000001156
1.530999999999942 0.17380000000001158
1.5319999999999419 0.1736000000000116
1.5329999999999417 0.17340000000001163
1.5339999999999416 0.17320000000001165
1.5349999999999415 0.17300000000001167
1.5359999999999414 0.1728000000000117
1.5369999999999413 0.17260000000001172
1.5379999999999412 0.17240000000001174
1.538999999999941 0.17220000000001176
1.539999999999941 0.17200000000001178
1.5409999999999409 0.1718000000000118
1.5419999999999408 0.17160000000001183
1.5429999999999406 0.17140000000001185
1.5439999999999405 0.17120000000001187
1.5449999999999404 0.1710000000000119
1.5459999999999403 0.17080000000001191
1.5469999999999402 0.17060000000001194
1.54799999999994 0.17040000000001196
1.54899999999994 0.17020000000001198
1.5499999999999399 0.170000000000012
1.5509999999999398 0.16980000000001202
1.5519999999999397 0.16960000000001205
1.5529999999999395 0.16940000000001207
1.5539999999999394 0.1692000000000121
1.5549999999999393 0.1690000000000121
1.5559999999999392 0.16880000000001213
1.556999999999939 0.16860000000001216
1.557999999999939 0.16840000000001218
1.5589999999999389 0.1682000000000122
1.5599999999999388 0.16800000000001222
1.5609999999999387 0.16780000000001224
1.5619999999999385 0.16760000000001227
1.5629999999999384 0.1674000000000123
1.5639999999999383 0.1672000000000123
1.5649999999999382 0.16700000000001233
1.565999999999938 0.16680000000001236
1.566999999999938 0.16660000000001238
1.5679999999999379 0.1664000000000124
1.5689999999999378 0.16620000000001242
1.5699999999999377 0.16600000000001244
1.5709999999999376 0.16580000000001247
1.5719999999999374 0.1656000000000125
1.5729999999999373 0.1654000000000125
1.5739999999999372 0.16520000000001253
1.5749999999999371 0.16500000000001255
1.575999999999937 0.16480000000001258
1.576999999999937 0.1646000000000126
1.5779999999999368 0.16440000000001262
1.5789999999999367 0.16420000000001264
1.5799999999999366 0.16400000000001266
1.5809999999999365 0.16380000000001269
1.5819999999999363 0.1636000000000127
1.5829999999999362 0.16340000000001273
1.5839999999999361 0.16320000000001275
1.584999999999936 0.16300000000001277
1.585999999999936 0.1628000000000128
1.5869999999999358 0.16260000000001282
1.5879999999999357 0.16240000000001284
1.5889999999999356 0.16220000000001286
1.5899999999999355 0.16200000000001288
1.5909999999999354 0.1618000000000129
1.5919999999999352 0.16160000000001293
1.5929999999999351 0.16140000000001295
1.593999999999935 0.16120000000001297
1.594999999999935 0.161000000000013
1.5959999999999348 0.16080000000001302
1.5969999999999347 0.16060000000001304
1.5979999999999346 0.16040000000001306
1.5989999999999345 0.16020000000001308
1.5999999999999344 0.1600000000000131
