1.6009999999999343 0.15980000000001313
1.6019999999999341 0.15960000000001315
1.602999999999934 0.15940000000001317
1.603999999999934 0.1592000000000132
1.6049999999999338 0.15900000000001321
1.6059999999999337 0.15880000000001324
1.6069999999999336 0.15860000000001326
1.6079999999999335 0.15840000000001328
1.6089999999999334 0.1582000000000133
1.6099999999999333 0.15800000000001332
1.6109999999999332 0.15780000000001335
1.611999999999933 0.15760000000001337
1.612999999999933 0.1574000000000134
1.6139999999999328 0.1572000000000134
1.6149999999999327 0.15700000000001343
1.6159999999999326 0.15680000000001346
1.6169999999999325 0.15660000000001348
1.6179999999999324 0.1564000000000135
1.6189999999999323 0.15620000000001352
1.6199999999999322 0.15600000000001354
1.620999999999932 0.15580000000001357
1.621999999999932 0.1556000000000136
1.6229999999999318 0.1554000000000136
1.6239999999999317 0.15520000000001363
1.6249999999999316 0.15500000000001365
1.6259999999999315 0.15480000000001368
1.6269999999999314 0.1546000000000137
1.6279999999999313 0.15440000000001372
1.6289999999999312 0.15420000000001374
1.629999999999931 0.15400000000001376
1.630999999999931 0.1538000000000138
1.6319999999999308 0.1536000000000138
1.6329999999999307 0.15340000000001383
1.6339999999999306 0.15320000000001385
1.6349999999999305 0.15300000000001387
1.6359999999999304 0.1528000000000139
1.6369999999999303 0.15260000000001392
1.6379999999999302 0.15240000000001394
1.63899999999993 0.15220000000001396
1.63999999999993 0.15200000000001399
1.6409999999999298 0.151800000000014
1.6419999999999297 0.15160000000001403
1.6429999999999296 0.15140000000001405
1.6439999999999295 0.15120000000001407
1.6449999999999294 0.1510000000000141
1.6459999999999293 0.15080000000001412
1.6469999999999292 0.15060000000001414
1.647999999999929 0.15040000000001416
1.648999999999929 0.15020000000001418
1.6499999999999289 0.1500000000000142
1.6509999999999287 0.14980000000001423
1.6519999999999286 0.14960000000001425
1.6529999999999285 0.14940000000001427
1.6539999999999284 0.1492000000000143
1.6549999999999283 0.14900000000001432
1.6559999999999282 0.14880000000001434
1.656999999999928 0.14860000000001436
1.657999999999928 0.14840000000001438
1.6589999999999279 0.1482000000000144
1.6599999999999278 0.14800000000001443
1.6609999999999276 0.14780000000001445
1.6619999999999275 0.14760000000001447
1.6629999999999274 0.1474000000000145
1.6639999999999273 0.1472000000000145
1.6649999999999272 0.14700000000001454
1.665999999999927 0.14680000000001456
1.666999999999927 0.14660000000001458
1.6679999999999269 0.1464000000000146
1.6689999999999268 0.14620000000001462
1.6699999999999267 0.14600000000001465
1.6709999999999265 0.14580000000001467
1.6719999999999264 0.1456000000000147
1.6729999999999263 0.1454000000000147
1.6739999999999262 0.14520000000001473
1.674999999999926 0.14500000000001476
1.675999999999926 0.14480000000001478
1.6769999999999259 0.1446000000000148
1.6779999999999258 0.14440000000001482
1.6789999999999257 0.14420000000001484
1.6799999999999256 0.14400000000001487
1.6809999999999254 0.1438000000000149
1.6819999999999253 0.1436000000000149
1.6829999999999252 0.14340000000001493
1.6839999999999251 0.14320000000001495
1.684999999999925 0.14300000000001498
1.685999999999925 0.142800000000015
1.6869999999999248 0.14260000000001502
1.6879999999999247 0.14240000000001504
1.6889999999999246 0.14220000000001506
1.6899999999999245 0.1420000000000151
1.6909999999999243 0.1418000000000151
1.6919999999999242 0.14160000000001513
1.6929999999999241 0.14140000000001515
1.693999999999924 0.14120000000001517
1.694999999999924 0.1410000000000152
1.6959999999999238 0.14080000000001522
1.6969999999999237 0.14060000000001524
1.6979999999999236 0.14040000000001526
1.6989999999999235 0.14020000000001528
1.6999999999999234 0.1400000000000153
1.7009999999999232 0.13980000000001533
1.7019999999999231 0.13960000000001535
1.702999999999923 0.13940000000001537
1.703999999999923 0.1392000000000154
1.7049999999999228 0.13900000000001542
1.7059999999999227 0.13880000000001544
1.7069999999999226 0.13860000000001546
1.7079999999999225 0.13840000000001548
1.7089999999999224 0.1382000000000155
1.7099999999999222 0.13800000000001553
1.7109999999999221 0.13780000000001555
1.711999999999922 0.13760000000001557
1.712999999999922 0.1374000000000156
1.7139999999999218 0.13720000000001562
1.7149999999999217 0.13700000000001564
1.7159999999999216 0.13680000000001566
1.7169999999999215 0.13660000000001568
1.7179999999999214 0.1364000000000157
1.7189999999999213 0.13620000000001573
1.7199999999999211 0.13600000000001575
1.720999999999921 0.13580000000001577
1.721999999999921 0.1356000000000158
1.7229999999999208 0.1354000000000158
1.7239999999999207 0.13520000000001584
1.7249999999999206 0.13500000000001586
1.7259999999999205 0.13480000000001588
1.7269999999999204 0.1346000000000159
1.7279999999999203 0.13440000000001592
1.7289999999999202 0.13420000000001595
1.72999999999992 0.13400000000001597
1.73099999999992 0.133800000000016
1.7319999999999198 0.133600000000016
1.7329999999999197 0.13340000000001603
1.7339999999999196 0.13320000000001606
1.7349999999999195 0.13300000000001608
1.7359999999999194 0.1328000000000161
1.7369999999999193 0.13260000000001612
1.7379999999999192 0.13240000000001614
1.738999999999919 0.13220000000001617
1.739999999999919 0.1320000000000162
1.7409999999999188 0.1318000000000162
1.7419999999999187 0.13160000000001623
1.7429999999999186 0.13140000000001625
1.7439999999999185 0.13120000000001628
1.7449999999999184 0.1310000000000163
1.7459999999999183 0.13080000000001632
1.7469999999999182 0.13060000000001634
1.747999999999918 0.13040000000001636
1.748999999999918 0.13020000000001639
1.7499999999999178 0.1300000000000164
1.7509999999999177 0.12980000000001643
1.7519999999999176 0.12960000000001645
1.7529999999999175 0.12940000000001647
1.7539999999999174 0.1292000000000165
1.7549999999999173 0.12900000000001652
1.7559999999999172 0.12880000000001654
1.756999999999917 0.12860000000001656
1.757999999999917 0.12840000000001658
1.7589999999999169 0.1282000000000166
1.7599999999999167 0.12800000000001663
1.7609999999999166 0.12780000000001665
1.7619999999999165 0.12760000000001667
1.7629999999999164 0.1274000000000167
1.7639999999999163 0.12720000000001672
1.7649999999999162 0.12700000000001674
1.765999999999916 0.12680000000001676
1.766999999999916 0.12660000000001678
1.7679999999999159 0.1264000000000168
1.7689999999999158 0.12620000000001683
1.7699999999999156 0.12600000000001685
1.7709999999999155 0.12580000000001687
1.7719999999999154 0.1256000000000169
1.7729999999999153 0.12540000000001691
1.7739999999999152 0.12520000000001694
1.774999999999915 0.12500000000001696
1.775999999999915 0.12480000000001698
1.7769999999999149 0.124600000000017
1.7779999999999148 0.12440000000001702
1.7789999999999146 0.12420000000001705
1.7799999999999145 0.12400000000001707
1.7809999999999144 0.12380000000001709
1.7819999999999143 0.12360000000001711
1.7829999999999142 0.12340000000001713
1.783999999999914 0.12320000000001716
1.784999999999914 0.12300000000001718
1.7859999999999139 0.1228000000000172
1.7869999999999138 0.12260000000001722
1.7879999999999137 0.12240000000001725
1.7889999999999135 0.12220000000001727
1.7899999999999134 0.12200000000001729
1.7909999999999133 0.12180000000001731
1.7919999999999132 0.12160000000001733
1.792999999999913 0.12140000000001736
1.793999999999913 0.12120000000001738
1.7949999999999129 0.1210000000000174
1.7959999999999128 0.12080000000001742
1.7969999999999127 0.12060000000001744
1.7979999999999126 0.12040000000001747
1.7989999999999124 0.12020000000001749
1.7999999999999123 0.12000000000001751
1.8009999999999122 0.11980000000001753
1.8019999999999121 0.11960000000001755
1.802999999999912 0.11940000000001758
1.803999999999912 0.1192000000000176
1.8049999999999118 0.11900000000001762
1.8059999999999117 0.11880000000001764
1.8069999999999116 0.11860000000001766
1.8079999999999115 0.11840000000001769
1.8089999999999113 0.11820000000001771
1.8099999999999112 0.11800000000001773
1.8109999999999111 0.11780000000001775
1.811999999999911 0.11760000000001777
1.812999999999911 0.1174000000000178
1.8139999999999108 0.11720000000001782
1.8149999999999107 0.11700000000001784
1.8159999999999106 0.11680000000001786
1.8169999999999105 0.11660000000001788
1.8179999999999104 0.1164000000000179
1.8189999999999102 0.11620000000001793
1.8199999999999101 0.11600000000001795
1.82099999999991 0.11580000000001797
1.82199999999991 0.115600000000018
1.8229999999999098 0.11540000000001802
1.8239999999999097 0.11520000000001804
1.8249999999999096 0.11500000000001806
1.8259999999999095 0.11480000000001808
1.8269999999999094 0.1146000000000181
1.8279999999999093 0.11440000000001813
1.8289999999999091 0.11420000000001815
1.829999999999909 0.11400000000001817
1.830999999999909 0.11380000000001819
1.8319999999999088 0.11360000000001821
1.8329999999999087 0.11340000000001824
1.8339999999999086 0.11320000000001826
1.8349999999999085 0.11300000000001828
1.8359999999999084 0.1128000000000183
1.8369999999999083 0.11260000000001832
1.8379999999999082 0.11240000000001835
1.838999999999908 0.11220000000001837
1.839999999999908 0.11200000000001839
1.8409999999999078 0.11180000000001841
1.8419999999999077 0.11160000000001843
1.8429999999999076 0.11140000000001846
1.8439999999999075 0.11120000000001848
1.8449999999999074 0.1110000000000185
1.8459999999999073 0.11080000000001852
1.8469999999999072 0.11060000000001854
1.847999999999907 0.11040000000001857
1.848999999999907 0.11020000000001859
1.8499999999999068 0.11000000000001861
1.8509999999999067 0.10980000000001863
1.8519999999999066 0.10960000000001865
1.8529999999999065 0.10940000000001868
1.8539999999999064 0.1092000000000187
1.8549999999999063 0.10900000000001872
1.8559999999999062 0.10880000000001874
1.856999999999906 0.10860000000001876
1.857999999999906 0.10840000000001879
1.8589999999999058 0.10820000000001881
1.8599999999999057 0.10800000000001883
1.8609999999999056 0.10780000000001885
1.8619999999999055 0.10760000000001887
1.8629999999999054 0.1074000000000189
1.8639999999999053 0.10720000000001892
1.8649999999999052 0.10700000000001894
1.865999999999905 0.10680000000001896
1.866999999999905 0.10660000000001899
1.8679999999999048 0.10640000000001901
1.8689999999999047 0.10620000000001903
1.8699999999999046 0.10600000000001905
1.8709999999999045 0.10580000000001907
1.8719999999999044 0.1056000000000191
1.8729999999999043 0.10540000000001912
1.8739999999999042 0.10520000000001914
1.874999999999904 0.10500000000001916
1.875999999999904 0.10480000000001918
1.8769999999999039 0.1046000000000192
1.8779999999999037 0.10440000000001923
1.8789999999999036 0.10420000000001925
1.8799999999999035 0.10400000000001927
1.8809999999999034 0.1038000000000193
1.8819999999999033 0.10360000000001932
1.8829999999999032 0.10340000000001934
1.883999999999903 0.10320000000001936
1.884999999999903 0.10300000000001938
1.8859999999999029 0.1028000000000194
1.8869999999999028 0.10260000000001943
1.8879999999999026 0.10240000000001945
1.8889999999999025 0.10220000000001947
1.8899999999999024 0.10200000000001949
1.8909999999999023 0.10180000000001951
1.8919999999999022 0.10160000000001954
1.892999999999902 0.10140000000001956
1.893999999999902 0.10120000000001958
1.8949999999999019 0.1010000000000196
1.8959999999999018 0.10080000000001962
1.8969999999999017 0.10060000000001965
1.8979999999999015 0.10040000000001967
1.8989999999999014 0.10020000000001969
1.8999999999999013 0.10000000000001971
1.9009999999999012 0.09980000000001973
1.901999999999901 0.09960000000001976
1.902999999999901 0.09940000000001978
1.9039999999999009 0.0992000000000198
1.9049999999999008 0.09900000000001982
1.9059999999999007 0.09880000000001984
1.9069999999999006 0.09860000000001987
1.9079999999999004 0.09840000000001989
1.9089999999999003 0.09820000000001991
1.9099999999999002 0.09800000000001993
1.9109999999999001 0.09780000000001995
1.9119999999999 0.09760000000001998
1.9129999999999 0.09740000000002
1.9139999999998998 0.09720000000002002
1.9149999999998997 0.09700000000002004
1.9159999999998996 0.09680000000002006
1.9169999999998995 0.09660000000002009
1.9179999999998993 0.09640000000002011
1.9189999999998992 0.09620000000002013
1.9199999999998991 0.09600000000002015
1.920999999999899 0.09580000000002017
1.921999999999899 0.0956000000000202
1.9229999999998988 0.09540000000002022
1.9239999999998987 0.09520000000002024
1.9249999999998986 0.09500000000002026
1.9259999999998985 0.09480000000002028
1.9269999999998983 0.0946000000000203
1.9279999999998982 0.09440000000002033
1.9289999999998981 0.09420000000002035
1.929999999999898 0.09400000000002037
1.930999999999898 0.0938000000000204
1.9319999999998978 0.09360000000002042
1.9329999999998977 0.09340000000002044
1.9339999999998976 0.09320000000002046
1.9349999999998975 0.09300000000002048
1.9359999999998974 0.0928000000000205
1.9369999999998972 0.09260000000002053
1.9379999999998971 0.09240000000002055
1.938999999999897 0.09220000000002057
1.939999999999897 0.0920000000000206
1.9409999999998968 0.09180000000002062
1.9419999999998967 0.09160000000002064
1.9429999999998966 0.09140000000002066
1.9439999999998965 0.09120000000002068
1.9449999999998964 0.0910000000000207
1.9459999999998963 0.09080000000002073
1.9469999999998961 0.09060000000002075
1.947999999999896 0.09040000000002077
1.948999999999896 0.09020000000002079
1.9499999999998958 0.09000000000002081
1.9509999999998957 0.08980000000002084
1.9519999999998956 0.08960000000002086
1.9529999999998955 0.08940000000002088
1.9539999999998954 0.0892000000000209
1.9549999999998953 0.08900000000002092
1.9559999999998952 0.08880000000002095
1.956999999999895 0.08860000000002097
1.957999999999895 0.08840000000002099
1.9589999999998948 0.08820000000002101
1.9599999999998947 0.08800000000002103
1.9609999999998946 0.08780000000002106
1.9619999999998945 0.08760000000002108
1.9629999999998944 0.0874000000000211
1.9639999999998943 0.08720000000002112
1.9649999999998942 0.08700000000002114
1.965999999999894 0.08680000000002117
1.966999999999894 0.08660000000002119
1.9679999999998938 0.08640000000002121
1.9689999999998937 0.08620000000002123
1.9699999999998936 0.08600000000002125
1.9709999999998935 0.08580000000002128
1.9719999999998934 0.0856000000000213
1.9729999999998933 0.08540000000002132
1.9739999999998932 0.08520000000002134
1.974999999999893 0.08500000000002136
1.975999999999893 0.08480000000002139
1.9769999999998928 0.08460000000002141
1.9779999999998927 0.08440000000002143
1.9789999999998926 0.08420000000002145
1.9799999999998925 0.08400000000002147
1.9809999999998924 0.0838000000000215
1.9819999999998923 0.08360000000002152
1.9829999999998922 0.08340000000002154
1.983999999999892 0.08320000000002156
1.984999999999892 0.08300000000002158
1.9859999999998919 0.0828000000000216
1.9869999999998917 0.08260000000002163
1.9879999999998916 0.08240000000002165
1.9889999999998915 0.08220000000002167
1.9899999999998914 0.0820000000000217
1.9909999999998913 0.08180000000002172
1.9919999999998912 0.08160000000002174
1.992999999999891 0.08140000000002176
1.993999999999891 0.08120000000002178
1.9949999999998909 0.0810000000000218
1.9959999999998908 0.08080000000002183
1.9969999999998906 0.08060000000002185
1.9979999999998905 0.08040000000002187
1.9989999999998904 0.08020000000002189
1.9999999999998903 0.08000000000002191
2.00099999999989 0.07980000000002194
2.00199999999989 0.07960000000002196
2.00299999999989 0.07940000000002198
2.00399999999989 0.079200000000022
2.0049999999998898 0.07900000000002202
2.0059999999998896 0.07880000000002205
2.0069999999998895 0.07860000000002207
2.0079999999998894 0.07840000000002209
2.0089999999998893 0.07820000000002211
2.009999999999889 0.07800000000002213
2.010999999999889 0.07780000000002216
2.011999999999889 0.07760000000002218
2.012999999999889 0.0774000000000222
2.0139999999998888 0.07720000000002222
2.0149999999998887 0.07700000000002225
2.0159999999998885 0.07680000000002227
2.0169999999998884 0.07660000000002229
2.0179999999998883 0.07640000000002231
2.018999999999888 0.07620000000002233
2.019999999999888 0.07600000000002236
2.020999999999888 0.07580000000002238
2.021999999999888 0.0756000000000224
2.0229999999998878 0.07540000000002242
2.0239999999998877 0.07520000000002244
2.0249999999998876 0.07500000000002247
2.0259999999998874 0.07480000000002249
2.0269999999998873 0.07460000000002251
2.0279999999998872 0.07440000000002253
2.028999999999887 0.07420000000002255
2.029999999999887 0.07400000000002258
2.030999999999887 0.0738000000000226
2.031999999999887 0.07360000000002262
2.0329999999998867 0.07340000000002264
2.0339999999998866 0.07320000000002266
2.0349999999998865 0.07300000000002269
2.0359999999998863 0.07280000000002271
2.0369999999998862 0.07260000000002273
2.037999999999886 0.07240000000002275
2.038999999999886 0.07220000000002277
2.039999999999886 0.0720000000000228
2.040999999999886 0.07180000000002282
2.0419999999998857 0.07160000000002284
2.0429999999998856 0.07140000000002286
2.0439999999998855 0.07120000000002288
2.0449999999998854 0.0710000000000229
2.0459999999998852 0.07080000000002293
2.046999999999885 0.07060000000002295
2.047999999999885 0.07040000000002297
2.048999999999885 0.070200000000023
2.049999999999885 0.07000000000002302
2.0509999999998847 0.06980000000002304
2.0519999999998846 0.06960000000002306
2.0529999999998845 0.06940000000002308
2.0539999999998844 0.0692000000000231
2.0549999999998843 0.06900000000002313
2.055999999999884 0.06880000000002315
2.056999999999884 0.06860000000002317
2.057999999999884 0.06840000000002319
2.058999999999884 0.06820000000002321
2.0599999999998837 0.06800000000002324
2.0609999999998836 0.06780000000002326
2.0619999999998835 0.06760000000002328
2.0629999999998834 0.0674000000000233
2.0639999999998833 0.06720000000002332
2.064999999999883 0.06700000000002335
2.065999999999883 0.06680000000002337
2.066999999999883 0.06660000000002339
2.067999999999883 0.06640000000002341
2.0689999999998827 0.06620000000002343
2.0699999999998826 0.06600000000002346
2.0709999999998825 0.06580000000002348
2.0719999999998824 0.0656000000000235
2.0729999999998823 0.06540000000002352
2.073999999999882 0.06520000000002354
2.074999999999882 0.06500000000002357
2.075999999999882 0.06480000000002359
2.076999999999882 0.06460000000002361
2.0779999999998817 0.06440000000002363
2.0789999999998816 0.06420000000002365
2.0799999999998815 0.06400000000002368
2.0809999999998814 0.0638000000000237
2.0819999999998813 0.06360000000002372
2.082999999999881 0.06340000000002374
2.083999999999881 0.06320000000002376
2.084999999999881 0.06300000000002379
2.085999999999881 0.06280000000002381
2.0869999999998807 0.06260000000002383
2.0879999999998806 0.06240000000002386
2.0889999999998805 0.06220000000002388
2.0899999999998804 0.062000000000023904
2.0909999999998803 0.061800000000023926
2.09199999999988 0.06160000000002395
2.09299999999988 0.06140000000002397
2.09399999999988 0.06120000000002399
2.09499999999988 0.061000000000024014
2.0959999999998797 0.060800000000024036
2.0969999999998796 0.06060000000002406
2.0979999999998795 0.06040000000002408
2.0989999999998794 0.0602000000000241
2.0999999999998793 0.060000000000024124
2.100999999999879 0.059800000000024146
2.101999999999879 0.05960000000002417
2.102999999999879 0.05940000000002419
2.103999999999879 0.05920000000002421
2.1049999999998787 0.059000000000024234
2.1059999999998786 0.058800000000024256
2.1069999999998785 0.05860000000002428
2.1079999999998784 0.0584000000000243
2.1089999999998783 0.05820000000002432
2.109999999999878 0.058000000000024345
2.110999999999878 0.05780000000002437
2.111999999999878 0.05760000000002439
2.112999999999878 0.05740000000002441
2.1139999999998778 0.05720000000002443
2.1149999999998776 0.057000000000024455
2.1159999999998775 0.05680000000002448
2.1169999999998774 0.0566000000000245
2.1179999999998773 0.05640000000002452
2.118999999999877 0.05620000000002454
2.119999999999877 0.056000000000024565
2.120999999999877 0.05580000000002459
2.121999999999877 0.05560000000002461
2.1229999999998768 0.05540000000002463
2.1239999999998767 0.05520000000002465
2.1249999999998765 0.055000000000024675
2.1259999999998764 0.0548000000000247
2.1269999999998763 0.05460000000002472
2.127999999999876 0.05440000000002474
2.128999999999876 0.05420000000002476
2.129999999999876 0.054000000000024785
2.130999999999876 0.05380000000002481
2.1319999999998758 0.05360000000002483
2.1329999999998757 0.05340000000002485
2.1339999999998756 0.05320000000002487
2.1349999999998754 0.053000000000024895
2.1359999999998753 0.05280000000002492
2.136999999999875 0.05260000000002494
2.137999999999875 0.05240000000002496
2.138999999999875 0.05220000000002498
2.139999999999875 0.052000000000025005
2.140999999999875 0.05180000000002503
2.1419999999998747 0.05160000000002505
2.1429999999998746 0.05140000000002507
2.1439999999998745 0.051200000000025093
2.1449999999998743 0.051000000000025116
2.1459999999998742 0.05080000000002514
2.146999999999874 0.05060000000002516
2.147999999999874 0.05040000000002518
2.148999999999874 0.050200000000025204
2.149999999999874 0.050000000000025226
2.1509999999998737 0.04980000000002525
2.1519999999998736 0.04960000000002527
2.1529999999998735 0.04940000000002529
2.1539999999998733 0.049200000000025314
2.1549999999998732 0.049000000000025336
2.155999999999873 0.04880000000002536
2.156999999999873 0.04860000000002538
2.157999999999873 0.0484000000000254
2.158999999999873 0.048200000000025424
2.1599999999998727 0.048000000000025446
2.1609999999998726 0.04780000000002547
2.1619999999998725 0.04760000000002549
2.1629999999998724 0.04740000000002551
2.1639999999998722 0.047200000000025534
2.164999999999872 0.047000000000025556
2.165999999999872 0.04680000000002558
2.166999999999872 0.0466000000000256
2.167999999999872 0.04640000000002562
2.1689999999998717 0.046200000000025644
2.1699999999998716 0.046000000000025666
2.1709999999998715 0.04580000000002569
2.1719999999998714 0.04560000000002571
2.1729999999998713 0.04540000000002573
2.173999999999871 0.045200000000025754
2.174999999999871 0.045000000000025776
2.175999999999871 0.0448000000000258
2.176999999999871 0.04460000000002582
2.1779999999998707 0.04440000000002584
2.1789999999998706 0.044200000000025864
2.1799999999998705 0.044000000000025886
2.1809999999998704 0.04380000000002591
2.1819999999998703 0.04360000000002593
2.18299999999987 0.04340000000002595
2.18399999999987 0.043200000000025975
2.18499999999987 0.043000000000026
2.18599999999987 0.04280000000002602
2.1869999999998697 0.04260000000002604
2.1879999999998696 0.04240000000002606
2.1889999999998695 0.042200000000026085
2.1899999999998694 0.04200000000002611
2.1909999999998693 0.04180000000002613
2.191999999999869 0.04160000000002615
2.192999999999869 0.04140000000002617
2.193999999999869 0.041200000000026195
2.194999999999869 0.04100000000002622
2.1959999999998687 0.04080000000002624
2.1969999999998686 0.04060000000002626
2.1979999999998685 0.04040000000002628
2.1989999999998684 0.040200000000026305
2.1999999999998683 0.04000000000002633
2.200999999999868 0.03980000000002635
2.201999999999868 0.03960000000002637
2.202999999999868 0.03940000000002639
2.203999999999868 0.039200000000026415
2.2049999999998677 0.03900000000002644
2.2059999999998676 0.03880000000002646
2.2069999999998675 0.03860000000002648
2.2079999999998674 0.0384000000000265
2.2089999999998673 0.038200000000026525
2.209999999999867 0.03800000000002655
2.210999999999867 0.03780000000002657
2.211999999999867 0.03760000000002659
2.212999999999867 0.03740000000002661
2.2139999999998667 0.037200000000026635
2.2149999999998666 0.03700000000002666
2.2159999999998665 0.03680000000002668
2.2169999999998664 0.0366000000000267
2.2179999999998663 0.036400000000026723
2.218999999999866 0.036200000000026746
2.219999999999866 0.03600000000002677
2.220999999999866 0.03580000000002679
2.221999999999866 0.03560000000002681
2.2229999999998658 0.035400000000026834
2.2239999999998656 0.035200000000026856
2.2249999999998655 0.03500000000002688
2.2259999999998654 0.0348000000000269
2.2269999999998653 0.03460000000002692
2.227999999999865 0.034400000000026944
2.228999999999865 0.034200000000026966
2.229999999999865 0.03400000000002699
2.230999999999865 0.03380000000002701
2.2319999999998648 0.03360000000002703
2.2329999999998646 0.033400000000027054
2.2339999999998645 0.033200000000027076
2.2349999999998644 0.0330000000000271
2.2359999999998643 0.03280000000002712
2.236999999999864 0.03260000000002714
2.237999999999864 0.032400000000027164
2.238999999999864 0.032200000000027186
2.239999999999864 0.03200000000002721
2.2409999999998638 0.03180000000002723
2.2419999999998637 0.03160000000002725
2.2429999999998635 0.031400000000027274
2.2439999999998634 0.031200000000027296
2.2449999999998633 0.031000000000027318
2.245999999999863 0.03080000000002734
2.246999999999863 0.030600000000027362
2.247999999999863 0.030400000000027384
2.248999999999863 0.030200000000027406
2.2499999999998628 0.03000000000002743
2.2509999999998627 0.02980000000002745
2.2519999999998626 0.029600000000027472
2.2529999999998624 0.029400000000027494
2.2539999999998623 0.029200000000027516
2.2549999999998622 0.02900000000002754
2.255999999999862 0.02880000000002756
2.256999999999862 0.028600000000027583
2.257999999999862 0.028400000000027605
2.258999999999862 0.028200000000027627
2.2599999999998617 0.02800000000002765
2.2609999999998616 0.02780000000002767
2.2619999999998615 0.027600000000027693
2.2629999999998613 0.027400000000027715
2.2639999999998612 0.027200000000027737
2.264999999999861 0.02700000000002776
2.265999999999861 0.02680000000002778
2.266999999999861 0.026600000000027803
2.267999999999861 0.026400000000027825
2.2689999999998607 0.026200000000027847
2.2699999999998606 0.02600000000002787
2.2709999999998605 0.02580000000002789
2.2719999999998604 0.025600000000027913
2.2729999999998602 0.025400000000027935
2.27399999999986 0.025200000000027957
2.27499999999986 0.02500000000002798
2.27599999999986 0.024800000000028
2.27699999999986 0.024600000000028023
2.2779999999998597 0.024400000000028045
2.2789999999998596 0.024200000000028067
2.2799999999998595 0.02400000000002809
2.2809999999998594 0.02380000000002811
2.2819999999998593 0.023600000000028133
2.282999999999859 0.023400000000028155
2.283999999999859 0.023200000000028177
2.284999999999859 0.0230000000000282
2.285999999999859 0.02280000000002822
2.2869999999998587 0.022600000000028243
2.2879999999998586 0.022400000000028265
2.2889999999998585 0.022200000000028287
2.2899999999998584 0.02200000000002831
2.2909999999998583 0.02180000000002833
2.291999999999858 0.021600000000028353
2.292999999999858 0.021400000000028375
2.293999999999858 0.021200000000028398
2.294999999999858 0.02100000000002842
2.2959999999998577 0.02080000000002844
2.2969999999998576 0.020600000000028464
2.2979999999998575 0.020400000000028486
2.2989999999998574 0.020200000000028508
2.2999999999998573 0.02000000000002853
2.300999999999857 0.01980000000002855
2.301999999999857 0.019600000000028574
2.302999999999857 0.019400000000028596
2.303999999999857 0.019200000000028618
2.3049999999998567 0.01900000000002864
2.3059999999998566 0.018800000000028662
2.3069999999998565 0.018600000000028684
2.3079999999998564 0.018400000000028706
2.3089999999998563 0.018200000000028728
2.309999999999856 0.01800000000002875
2.310999999999856 0.017800000000028772
2.311999999999856 0.017600000000028794
2.312999999999856 0.017400000000028816
2.3139999999998557 0.017200000000028838
2.3149999999998556 0.01700000000002886
2.3159999999998555 0.016800000000028882
2.3169999999998554 0.016600000000028904
2.3179999999998553 0.016400000000028926
2.318999999999855 0.016200000000028948
2.319999999999855 0.01600000000002897
2.320999999999855 0.015800000000028992
2.321999999999855 0.015600000000029013
2.3229999999998547 0.015400000000029035
2.3239999999998546 0.015200000000029057
2.3249999999998545 0.015000000000029079
2.3259999999998544 0.0148000000000291
2.3269999999998543 0.014600000000029123
2.327999999999854 0.014400000000029145
2.328999999999854 0.014200000000029167
2.329999999999854 0.014000000000029189
2.330999999999854 0.01380000000002921
2.3319999999998537 0.013600000000029233
2.3329999999998536 0.013400000000029255
2.3339999999998535 0.013200000000029277
2.3349999999998534 0.013000000000029299
2.3359999999998533 0.012800000000029321
2.336999999999853 0.012600000000029343
2.337999999999853 0.012400000000029365
2.338999999999853 0.012200000000029387
2.339999999999853 0.012000000000029409
2.3409999999998528 0.011800000000029431
2.3419999999998526 0.011600000000029453
2.3429999999998525 0.011400000000029475
2.3439999999998524 0.011200000000029497
2.3449999999998523 0.01100000000002952
2.345999999999852 0.010800000000029541
2.346999999999852 0.010600000000029563
2.347999999999852 0.010400000000029585
2.348999999999852 0.010200000000029607
2.3499999999998518 0.01000000000002963
2.3509999999998517 0.009800000000029651
2.3519999999998515 0.009600000000029673
2.3529999999998514 0.009400000000029695
2.3539999999998513 0.009200000000029717
2.354999999999851 0.00900000000002974
2.355999999999851 0.008800000000029761
2.356999999999851 0.008600000000029783
2.357999999999851 0.008400000000029805
2.3589999999998508 0.008200000000029828
2.3599999999998507 0.00800000000002985
2.3609999999998506 0.007800000000029872
2.3619999999998504 0.007600000000029894
2.3629999999998503 0.007400000000029916
2.36399999999985 0.007200000000029938
2.36499999999985 0.00700000000002996
2.36599999999985 0.006800000000029982
2.36699999999985 0.006600000000030004
2.36799999999985 0.006400000000030026
2.3689999999998497 0.006200000000030048
2.3699999999998496 0.00600000000003007
2.3709999999998495 0.005800000000030092
2.3719999999998493 0.005600000000030114
2.3729999999998492 0.005400000000030136
2.373999999999849 0.005200000000030158
2.374999999999849 0.00500000000003018
2.375999999999849 0.004800000000030202
2.376999999999849 0.004600000000030224
2.3779999999998487 0.004400000000030246
2.3789999999998486 0.004200000000030268
2.3799999999998485 0.00400000000003029
2.3809999999998483 0.0038000000000303126
2.3819999999998482 0.0036000000000303346
2.382999999999848 0.0034000000000303566
2.383999999999848 0.0032000000000303786
2.384999999999848 0.0030000000000304007
2.385999999999848 0.0028000000000304227
2.3869999999998477 0.0026000000000304447
2.3879999999998476 0.0024000000000304667
2.3889999999998475 0.0022000000000304888
2.3899999999998474 0.002000000000030511
2.3909999999998472 0.0018000000000305328
2.391999999999847 0.0016000000000305548
2.392999999999847 0.0014000000000305769
2.393999999999847 0.001200000000030599
2.394999999999847 0.001000000000030621
2.3959999999998467 0.0008000000000306428
2.3969999999998466 0.0006000000000306649
2.3979999999998465 0.0004000000000306869
2.3989999999998464 0.00020000000003070895
2.3999999999998463 3.0730973321624334e-14
