1.9279999999998985 0.29092682926829017
1.9289999999998984 0.29095121951219266
1.9299999999998982 0.2909756097560951
1.9309999999998981 0.2909999999999975
1.931999999999898 0.2910243902438999
1.932999999999898 0.2910487804878024
1.9339999999998978 0.29107317073170486
1.9349999999998977 0.29109756097560724
1.9359999999998976 0.2911219512195097
1.9369999999998975 0.2911463414634122
1.9379999999998974 0.29117073170731456
1.9389999999998973 0.291195121951217
1.9399999999998971 0.29121951219511943
1.940999999999897 0.2912439024390219
1.941999999999897 0.2912682926829243
1.9429999999998968 0.29129268292682675
1.9439999999998967 0.2913170731707292
1.9449999999998966 0.29134146341463163
1.9459999999998965 0.29136585365853407
1.9469999999998964 0.2913902439024365
1.9479999999998963 0.2914146341463389
1.9489999999998961 0.2914390243902414
1.949999999999896 0.2914634146341438
1.950999999999896 0.29148780487804626
1.9519999999998958 0.29151219512194865
1.9529999999998957 0.29153658536585114
1.9539999999998956 0.2915609756097536
1.9549999999998955 0.29158536585365596
1.9559999999998954 0.2916097560975584
1.9569999999998953 0.2916341463414609
1.9579999999998952 0.2916585365853633
1.958999999999895 0.2916829268292657
1.959999999999895 0.29170731707316816
1.9609999999998948 0.2917317073170706
1.9619999999998947 0.29175609756097304
1.9629999999998946 0.2917804878048755
1.9639999999998945 0.2918048780487779
1.9649999999998944 0.29182926829268035
1.9659999999998943 0.2918536585365828
1.9669999999998942 0.29187804878048523
1.967999999999894 0.2919024390243876
1.968999999999894 0.2919268292682901
1.9699999999998938 0.29195121951219255
1.9709999999998937 0.291975609756095
1.9719999999998936 0.2919999999999974
1.9729999999998935 0.29202439024389987
1.9739999999998934 0.2920487804878023
1.9749999999998933 0.2920731707317047
1.9759999999998932 0.29209756097560713
1.976999999999893 0.2921219512195096
1.977999999999893 0.292146341463412
1.9789999999998928 0.29217073170731445
1.9799999999998927 0.2921951219512169
1.9809999999998926 0.2922195121951193
1.9819999999998925 0.29224390243902176
1.9829999999998924 0.2922682926829242
1.9839999999998923 0.29229268292682664
1.9849999999998922 0.2923170731707291
1.985999999999892 0.2923414634146315
1.986999999999892 0.29236585365853396
1.9879999999998919 0.2923902439024364
1.9889999999998917 0.29241463414633884
1.9899999999998916 0.2924390243902413
1.9909999999998915 0.2924634146341437
1.9919999999998914 0.2924878048780461
1.9929999999998913 0.2925121951219486
1.9939999999998912 0.29253658536585103
1.994999999999891 0.2925609756097534
1.995999999999891 0.29258536585365585
1.9969999999998909 0.29260975609755835
1.9979999999998908 0.29263414634146073
1.9989999999998906 0.29265853658536317
1.9999999999998905 0.2926829268292656
2.0009999999998906 0.29270731707316805
2.0019999999998905 0.2927317073170705
2.0029999999998904 0.2927560975609729
2.0039999999998903 0.2927804878048754
2.00499999999989 0.2928048780487778
2.00599999999989 0.29282926829268024
2.00699999999989 0.2928536585365827
2.00799999999989 0.2928780487804851
2.0089999999998898 0.29290243902438756
2.0099999999998897 0.29292682926829
2.0109999999998895 0.29295121951219244
2.0119999999998894 0.2929756097560949
2.0129999999998893 0.2929999999999973
2.013999999999889 0.29302439024389976
2.014999999999889 0.29304878048780214
2.015999999999889 0.2930731707317046
2.016999999999889 0.2930975609756071
2.0179999999998888 0.29312195121950946
2.0189999999998887 0.2931463414634119
2.0199999999998886 0.2931707317073144
2.0209999999998884 0.2931951219512168
2.0219999999998883 0.2932195121951192
2.022999999999888 0.29324390243902165
2.023999999999888 0.2932682926829241
2.024999999999888 0.29329268292682653
2.025999999999888 0.29331707317072897
2.026999999999888 0.2933414634146314
2.0279999999998877 0.29336585365853385
2.0289999999998876 0.2933902439024363
2.0299999999998875 0.2934146341463387
2.0309999999998873 0.29343902439024117
2.0319999999998872 0.29346341463414355
2.032999999999887 0.29348780487804604
2.033999999999887 0.2935121951219485
2.034999999999887 0.29353658536585087
2.035999999999887 0.29356097560975336
2.0369999999998867 0.2935853658536558
2.0379999999998866 0.2936097560975582
2.0389999999998865 0.2936341463414606
2.0399999999998863 0.29365853658536306
2.0409999999998862 0.29368292682926556
2.041999999999886 0.29370731707316794
2.042999999999886 0.2937317073170704
2.043999999999886 0.2937560975609729
2.044999999999886 0.29378048780487526
2.0459999999998857 0.2938048780487777
2.0469999999998856 0.29382926829268013
2.0479999999998855 0.2938536585365826
2.0489999999998854 0.293878048780485
2.0499999999998852 0.29390243902438745
2.050999999999885 0.2939268292682899
2.051999999999885 0.29395121951219233
2.052999999999885 0.29397560975609477
2.053999999999885 0.2939999999999972
2.0549999999998847 0.2940243902438996
2.0559999999998846 0.29404878048780203
2.0569999999998845 0.2940731707317045
2.0579999999998844 0.2940975609756069
2.0589999999998843 0.29412195121950935
2.059999999999884 0.29414634146341184
2.060999999999884 0.2941707317073143
2.061999999999884 0.29419512195121666
2.062999999999884 0.2942195121951191
2.0639999999998837 0.29424390243902154
2.0649999999998836 0.294268292682924
2.0659999999998835 0.2942926829268264
2.0669999999998834 0.29431707317072886
2.0679999999998833 0.2943414634146313
2.068999999999883 0.29436585365853374
2.069999999999883 0.2943902439024362
2.070999999999883 0.2944146341463386
2.071999999999883 0.294439024390241
2.0729999999998827 0.2944634146341435
2.0739999999998826 0.29448780487804593
2.0749999999998825 0.2945121951219483
2.0759999999998824 0.2945365853658508
2.0769999999998823 0.29456097560975325
2.077999999999882 0.2945853658536557
2.078999999999882 0.2946097560975581
2.079999999999882 0.2946341463414605
2.080999999999882 0.294658536585363
2.0819999999998817 0.2946829268292654
2.0829999999998816 0.29470731707316783
2.0839999999998815 0.2947317073170703
2.0849999999998814 0.2947560975609727
2.0859999999998813 0.29478048780487515
2.086999999999881 0.2948048780487776
2.087999999999881 0.29482926829268
2.088999999999881 0.29485365853658246
2.089999999999881 0.2948780487804849
2.0909999999998807 0.29490243902438734
2.0919999999998806 0.2949268292682898
2.0929999999998805 0.2949512195121922
2.0939999999998804 0.29497560975609466
2.0949999999998803 0.29499999999999704
2.09599999999988 0.2950243902438995
2.09699999999988 0.295048780487802
2.09799999999988 0.2950731707317044
2.09899999999988 0.2950975609756068
2.0999999999998797 0.2951219512195093
2.1009999999998796 0.29514634146341173
2.1019999999998795 0.2951707317073141
2.1029999999998794 0.29519512195121655
2.1039999999998793 0.295219512195119
2.104999999999879 0.29524390243902143
2.105999999999879 0.29526829268292387
2.106999999999879 0.2952926829268263
2.107999999999879 0.29531707317072875
2.1089999999998787 0.2953414634146312
2.1099999999998786 0.29536585365853363
2.1109999999998785 0.29539024390243607
2.1119999999998784 0.29541463414633845
2.1129999999998783 0.29543902439024095
2.113999999999878 0.2954634146341434
2.114999999999878 0.2954878048780458
2.115999999999878 0.29551219512194826
2.116999999999878 0.2955365853658507
2.1179999999998778 0.29556097560975314
2.1189999999998776 0.2955853658536555
2.1199999999998775 0.29560975609755796
2.1209999999998774 0.29563414634146046
2.1219999999998773 0.29565853658536284
2.122999999999877 0.2956829268292653
2.123999999999877 0.2957073170731678
2.124999999999877 0.29573170731707016
2.125999999999877 0.2957560975609726
2.1269999999998768 0.29578048780487504
2.1279999999998767 0.2958048780487775
2.1289999999998765 0.2958292682926799
2.1299999999998764 0.29585365853658235
2.1309999999998763 0.2958780487804848
2.131999999999876 0.29590243902438723
2.132999999999876 0.29592682926828967
2.133999999999876 0.2959512195121921
2.134999999999876 0.29597560975609455
2.1359999999998758 0.29599999999999693
2.1369999999998757 0.2960243902438994
2.1379999999998756 0.29604878048780187
2.1389999999998754 0.29607317073170425
2.1399999999998753 0.29609756097560674
2.1409999999998752 0.2961219512195092
2.141999999999875 0.29614634146341157
2.142999999999875 0.296170731707314
2.143999999999875 0.29619512195121644
2.144999999999875 0.2962195121951189
2.1459999999998747 0.2962439024390213
2.1469999999998746 0.29626829268292376
2.1479999999998745 0.2962926829268262
2.1489999999998743 0.29631707317072864
2.1499999999998742 0.2963414634146311
2.150999999999874 0.2963658536585335
2.151999999999874 0.29639024390243596
2.152999999999874 0.2964146341463384
2.153999999999874 0.29643902439024084
2.1549999999998737 0.2964634146341433
2.1559999999998736 0.2964878048780457
2.1569999999998735 0.29651219512194815
2.1579999999998734 0.2965365853658506
2.1589999999998732 0.296560975609753
2.159999999999873 0.2965853658536554
2.160999999999873 0.2966097560975579
2.161999999999873 0.2966341463414603
2.162999999999873 0.29665853658536273
2.1639999999998727 0.2966829268292652
2.1649999999998726 0.2967073170731676
2.1659999999998725 0.29673170731707005
2.1669999999998724 0.2967560975609725
2.1679999999998723 0.2967804878048749
2.168999999999872 0.29680487804877737
2.169999999999872 0.2968292682926798
2.170999999999872 0.29685365853658224
2.171999999999872 0.2968780487804847
2.1729999999998717 0.2969024390243871
2.1739999999998716 0.29692682926828956
2.1749999999998715 0.296951219512192
2.1759999999998714 0.2969756097560944
2.1769999999998713 0.2969999999999969
2.177999999999871 0.2970243902438993
2.178999999999871 0.2970487804878017
2.179999999999871 0.2970731707317042
2.180999999999871 0.29709756097560663
2.1819999999998707 0.297121951219509
2.1829999999998706 0.29714634146341146
2.1839999999998705 0.2971707317073139
2.1849999999998704 0.29719512195121633
2.1859999999998703 0.2972195121951188
2.18699999999987 0.2972439024390212
2.18799999999987 0.2972682926829237
2.18899999999987 0.2972926829268261
2.18999999999987 0.29731707317072853
2.1909999999998697 0.29734146341463097
2.1919999999998696 0.2973658536585334
2.1929999999998695 0.29739024390243585
2.1939999999998694 0.2974146341463383
2.1949999999998693 0.2974390243902407
2.195999999999869 0.29746341463414316
2.196999999999869 0.2974878048780456
2.197999999999869 0.29751219512194804
2.198999999999869 0.2975365853658504
2.1999999999998687 0.29756097560975286
2.2009999999998686 0.29758536585365536
2.2019999999998685 0.29760975609755774
2.2029999999998684 0.2976341463414602
2.2039999999998683 0.2976585365853627
2.204999999999868 0.2976829268292651
2.205999999999868 0.2977073170731675
2.206999999999868 0.29773170731706994
2.207999999999868 0.2977560975609724
2.2089999999998677 0.2977804878048748
2.2099999999998676 0.29780487804877726
2.2109999999998675 0.2978292682926797
2.2119999999998674 0.29785365853658213
2.2129999999998673 0.29787804878048457
2.213999999999867 0.297902439024387
2.214999999999867 0.29792682926828945
2.215999999999867 0.29795121951219183
2.216999999999867 0.29797560975609433
2.2179999999998667 0.29799999999999677
2.2189999999998666 0.29802439024389915
2.2199999999998665 0.29804878048780165
2.2209999999998664 0.2980731707317041
2.2219999999998663 0.29809756097560647
2.222999999999866 0.2981219512195089
2.223999999999866 0.29814634146341135
2.224999999999866 0.29817073170731384
2.225999999999866 0.2981951219512162
2.2269999999998658 0.29821951219511866
2.2279999999998656 0.29824390243902116
2.2289999999998655 0.29826829268292354
2.2299999999998654 0.298292682926826
2.2309999999998653 0.2983170731707284
2.231999999999865 0.29834146341463086
2.232999999999865 0.2983658536585333
2.233999999999865 0.29839024390243574
2.234999999999865 0.2984146341463382
2.2359999999998648 0.2984390243902406
2.2369999999998647 0.29846341463414305
2.2379999999998645 0.2984878048780455
2.2389999999998644 0.2985121951219479
2.2399999999998643 0.2985365853658503
2.240999999999864 0.2985609756097528
2.241999999999864 0.29858536585365525
2.242999999999864 0.29860975609755763
2.243999999999864 0.2986341463414601
2.2449999999998638 0.29865853658536257
2.2459999999998637 0.29868292682926495
2.2469999999998636 0.2987073170731674
2.2479999999998634 0.29873170731706983
2.2489999999998633 0.29875609756097227
2.249999999999863 0.2987804878048747
2.250999999999863 0.29880487804877714
2.251999999999863 0.2988292682926796
2.252999999999863 0.298853658536582
2.253999999999863 0.29887804878048446
2.2549999999998627 0.2989024390243869
2.2559999999998626 0.2989268292682893
2.2569999999998624 0.2989512195121918
2.2579999999998623 0.2989756097560942
2.2589999999998622 0.2989999999999966
2.259999999999862 0.2990243902438991
2.260999999999862 0.29904878048780154
2.261999999999862 0.299073170731704
2.262999999999862 0.29909756097560636
2.2639999999998617 0.2991219512195088
2.2649999999998616 0.2991463414634113
2.2659999999998615 0.2991707317073137
2.2669999999998613 0.2991951219512161
2.2679999999998612 0.2992195121951186
2.268999999999861 0.299243902439021
2.269999999999861 0.29926829268292343
2.270999999999861 0.29929268292682587
2.271999999999861 0.2993170731707283
2.2729999999998607 0.29934146341463075
2.2739999999998606 0.2993658536585332
2.2749999999998605 0.2993902439024356
2.2759999999998604 0.29941463414633807
2.2769999999998602 0.2994390243902405
2.27799999999986 0.29946341463414294
2.27899999999986 0.2994878048780454
2.27999999999986 0.29951219512194777
2.28099999999986 0.29953658536585026
2.2819999999998597 0.2995609756097527
2.2829999999998596 0.2995853658536551
2.2839999999998595 0.2996097560975576
2.2849999999998594 0.29963414634146
2.2859999999998593 0.2996585365853624
2.286999999999859 0.29968292682926484
2.287999999999859 0.2997073170731673
2.288999999999859 0.2997317073170697
2.289999999999859 0.29975609756097216
2.2909999999998587 0.2997804878048746
2.2919999999998586 0.29980487804877703
2.2929999999998585 0.2998292682926795
2.2939999999998584 0.2998536585365819
2.2949999999998583 0.29987804878048435
2.295999999999858 0.29990243902438674
2.296999999999858 0.29992682926828923
2.297999999999858 0.29995121951219167
2.298999999999858 0.2999756097560941
2.2999999999998577 0.29999999999999655
2.3009999999998576 0.300024390243899
2.3019999999998575 0.3000487804878014
2.3029999999998574 0.3000731707317038
2.3039999999998573 0.30009756097560625
2.304999999999857 0.30012195121950874
2.305999999999857 0.3001463414634111
2.306999999999857 0.30017073170731357
2.307999999999857 0.30019512195121606
2.3089999999998567 0.30021951219511844
2.3099999999998566 0.3002439024390209
2.3109999999998565 0.3002682926829233
2.3119999999998564 0.30029268292682576
2.3129999999998563 0.3003170731707282
2.313999999999856 0.30034146341463064
2.314999999999856 0.3003658536585331
2.315999999999856 0.3003902439024355
2.316999999999856 0.30041463414633796
2.3179999999998557 0.3004390243902404
2.3189999999998556 0.30046341463414283
2.3199999999998555 0.3004878048780452
2.3209999999998554 0.3005121951219477
2.3219999999998553 0.30053658536585015
2.322999999999855 0.30056097560975253
2.323999999999855 0.30058536585365503
2.324999999999855 0.30060975609755747
2.325999999999855 0.30063414634145985
2.3269999999998547 0.3006585365853623
2.3279999999998546 0.30068292682926473
2.3289999999998545 0.30070731707316717
2.3299999999998544 0.3007317073170696
2.3309999999998543 0.30075609756097205
2.331999999999854 0.30078048780487454
2.332999999999854 0.3008048780487769
2.333999999999854 0.30082926829267936
2.334999999999854 0.3008536585365818
2.3359999999998537 0.30087804878048424
2.3369999999998536 0.3009024390243867
2.3379999999998535 0.3009268292682891
2.3389999999998534 0.30095121951219156
2.3399999999998533 0.300975609756094
2.340999999999853 0.30099999999999644
2.341999999999853 0.3010243902438989
2.342999999999853 0.30104878048780126
2.343999999999853 0.3010731707317037
2.3449999999998528 0.3010975609756062
2.3459999999998526 0.3011219512195086
2.3469999999998525 0.301146341463411
2.3479999999998524 0.3011707317073135
2.3489999999998523 0.3011951219512159
2.349999999999852 0.30121951219511833
2.350999999999852 0.30124390243902077
2.351999999999852 0.3012682926829232
2.352999999999852 0.30129268292682565
2.3539999999998518 0.3013170731707281
2.3549999999998517 0.30134146341463053
2.3559999999998515 0.30136585365853297
2.3569999999998514 0.3013902439024354
2.3579999999998513 0.30141463414633785
2.358999999999851 0.3014390243902403
2.359999999999851 0.30146341463414267
2.360999999999851 0.30148780487804516
2.361999999999851 0.3015121951219476
2.3629999999998508 0.30153658536585
2.3639999999998507 0.3015609756097525
2.3649999999998506 0.3015853658536549
2.3659999999998504 0.3016097560975573
2.3669999999998503 0.30163414634145974
2.3679999999998502 0.3016585365853622
2.36899999999985 0.3016829268292647
2.36999999999985 0.30170731707316706
2.37099999999985 0.3017317073170695
2.37199999999985 0.301756097560972
2.3729999999998497 0.3017804878048744
2.3739999999998496 0.3018048780487768
2.3749999999998495 0.30182926829267925
2.3759999999998493 0.3018536585365817
2.3769999999998492 0.30187804878048413
2.377999999999849 0.30190243902438657
2.378999999999849 0.301926829268289
2.379999999999849 0.30195121951219145
2.380999999999849 0.3019756097560939
2.3819999999998487 0.3019999999999963
2.3829999999998486 0.3020243902438987
2.3839999999998485 0.30204878048780115
2.3849999999998484 0.30207317073170364
2.3859999999998482 0.302097560975606
2.386999999999848 0.30212195121950847
2.387999999999848 0.30214634146341096
2.388999999999848 0.3021707317073134
2.389999999999848 0.3021951219512158
2.3909999999998477 0.3022195121951182
2.3919999999998476 0.30224390243902066
2.3929999999998475 0.3022682926829231
2.3939999999998474 0.30229268292682554
2.3949999999998473 0.302317073170728
2.395999999999847 0.3023414634146304
2.396999999999847 0.30236585365853286
2.397999999999847 0.3023902439024353
2.398999999999847 0.30241463414633774
2.3999999999998467 0.3024390243902401
2.4009999999998466 0.3024634146341426
2.4019999999998465 0.30248780487804505
2.4029999999998464 0.30251219512194744
2.4039999999998463 0.30253658536584993
2.404999999999846 0.30256097560975237
2.405999999999846 0.3025853658536548
2.406999999999846 0.3026097560975572
2.407999999999846 0.30263414634145963
2.4089999999998457 0.3026585365853621
2.4099999999998456 0.3026829268292645
2.4109999999998455 0.30270731707316695
2.4119999999998454 0.30273170731706944
2.4129999999998453 0.3027560975609718
2.413999999999845 0.30278048780487427
2.414999999999845 0.3028048780487767
2.415999999999845 0.30282926829267914
2.416999999999845 0.3028536585365816
2.4179999999998447 0.302878048780484
2.4189999999998446 0.30290243902438646
2.4199999999998445 0.3029268292682889
2.4209999999998444 0.30295121951219134
2.4219999999998443 0.3029756097560938
2.422999999999844 0.30299999999999616
2.423999999999844 0.3030243902438986
2.424999999999844 0.3030487804878011
2.425999999999844 0.30307317073170353
2.4269999999998437 0.3030975609756059
2.4279999999998436 0.3031219512195084
2.4289999999998435 0.30314634146341085
2.4299999999998434 0.30317073170731323
2.4309999999998433 0.3031951219512157
2.431999999999843 0.3032195121951181
2.432999999999843 0.30324390243902055
2.433999999999843 0.303268292682923
2.434999999999843 0.30329268292682543
2.4359999999998427 0.30331707317072787
2.4369999999998426 0.3033414634146303
2.4379999999998425 0.30336585365853275
2.4389999999998424 0.3033902439024352
2.4399999999998423 0.30341463414633757
2.440999999999842 0.30343902439024006
2.441999999999842 0.3034634146341425
2.442999999999842 0.30348780487804494
2.443999999999842 0.3035121951219474
2.4449999999998417 0.3035365853658498
2.4459999999998416 0.30356097560975226
2.4469999999998415 0.30358536585365464
2.4479999999998414 0.3036097560975571
2.4489999999998413 0.3036341463414596
2.449999999999841 0.30365853658536196
2.450999999999841 0.3036829268292644
2.451999999999841 0.3037073170731669
2.452999999999841 0.3037317073170693
2.4539999999998408 0.3037560975609717
2.4549999999998406 0.30378048780487416
2.4559999999998405 0.3038048780487766
2.4569999999998404 0.30382926829267903
2.4579999999998403 0.3038536585365815
2.45899999999984 0.3038780487804839
2.45999999999984 0.30390243902438635
2.46099999999984 0.3039268292682888
2.46199999999984 0.30395121951219123
2.4629999999998398 0.30397560975609367
2.4639999999998397 0.30399999999999605
2.4649999999998395 0.30402439024389855
2.4659999999998394 0.304048780487801
2.4669999999998393 0.30407317073170337
2.467999999999839 0.30409756097560586
2.468999999999839 0.3041219512195083
2.469999999999839 0.3041463414634107
2.470999999999839 0.3041707317073131
2.4719999999998388 0.30419512195121556
2.4729999999998387 0.304219512195118
2.4739999999998386 0.30424390243902044
2.4749999999998384 0.3042682926829229
2.4759999999998383 0.3042926829268253
2.476999999999838 0.30431707317072776
2.477999999999838 0.3043414634146302
2.478999999999838 0.30436585365853264
2.479999999999838 0.3043902439024351
2.480999999999838 0.3044146341463375
2.4819999999998377 0.30443902439023995
2.4829999999998376 0.3044634146341424
2.4839999999998374 0.30448780487804483
2.4849999999998373 0.30451219512194727
2.4859999999998372 0.3045365853658497
2.486999999999837 0.3045609756097521
2.487999999999837 0.30458536585365453
2.488999999999837 0.304609756097557
2.489999999999837 0.3046341463414594
2.4909999999998367 0.30465853658536185
2.4919999999998366 0.30468292682926434
2.4929999999998365 0.30470731707316673
2.4939999999998363 0.30473170731706917
2.4949999999998362 0.3047560975609716
2.495999999999836 0.30478048780487405
2.496999999999836 0.3048048780487765
2.497999999999836 0.3048292682926789
2.498999999999836 0.30485365853658136
2.4999999999998357 0.3048780487804838
2.5009999999998356 0.30490243902438624
2.5019999999998355 0.3049268292682887
2.5029999999998354 0.3049512195121911
2.5039999999998352 0.3049756097560935
2.504999999999835 0.304999999999996
2.505999999999835 0.30502439024389844
2.506999999999835 0.3050487804878008
2.507999999999835 0.3050731707317033
2.5089999999998347 0.30509756097560575
2.5099999999998346 0.30512195121950814
2.5109999999998345 0.3051463414634106
2.5119999999998344 0.305170731707313
2.5129999999998343 0.30519512195121545
2.513999999999834 0.3052195121951179
2.514999999999834 0.30524390243902033
2.515999999999834 0.3052682926829228
2.516999999999834 0.3052926829268252
2.5179999999998337 0.30531707317072765
2.5189999999998336 0.3053414634146301
2.5199999999998335 0.3053658536585325
2.5209999999998334 0.30539024390243497
2.5219999999998333 0.3054146341463374
2.522999999999833 0.30543902439023984
2.523999999999833 0.3054634146341423
2.524999999999833 0.3054878048780447
2.525999999999833 0.30551219512194716
2.5269999999998327 0.30553658536584954
2.5279999999998326 0.305560975609752
2.5289999999998325 0.3055853658536545
2.5299999999998324 0.30560975609755686
2.5309999999998323 0.3056341463414593
2.531999999999832 0.3056585365853618
2.532999999999832 0.30568292682926423
2.533999999999832 0.3057073170731666
2.534999999999832 0.30573170731706906
2.5359999999998317 0.3057560975609715
2.5369999999998316 0.30578048780487393
2.5379999999998315 0.3058048780487764
2.5389999999998314 0.3058292682926788
2.5399999999998313 0.30585365853658125
2.540999999999831 0.3058780487804837
2.541999999999831 0.30590243902438613
2.542999999999831 0.30592682926828857
2.543999999999831 0.30595121951219095
2.5449999999998307 0.30597560975609345
2.5459999999998306 0.3059999999999959
2.5469999999998305 0.30602439024389827
2.5479999999998304 0.30604878048780076
2.5489999999998303 0.3060731707317032
2.54999999999983 0.3060975609756056
2.55099999999983 0.306121951219508
2.55199999999983 0.30614634146341047
2.55299999999983 0.30617073170731296
2.5539999999998297 0.30619512195121534
2.5549999999998296 0.3062195121951178
2.5559999999998295 0.3062439024390203
2.5569999999998294 0.30626829268292266
2.5579999999998293 0.3062926829268251
2.558999999999829 0.30631707317072754
2.559999999999829 0.30634146341463
2.560999999999829 0.3063658536585324
2.561999999999829 0.30639024390243486
2.5629999999998287 0.3064146341463373
2.5639999999998286 0.30643902439023973
2.5649999999998285 0.3064634146341422
2.5659999999998284 0.3064878048780446
2.5669999999998283 0.306512195121947
2.567999999999828 0.30653658536584943
2.568999999999828 0.30656097560975193
2.569999999999828 0.30658536585365437
2.570999999999828 0.30660975609755675
2.5719999999998278 0.30663414634145925
2.5729999999998276 0.3066585365853617
2.5739999999998275 0.30668292682926407
2.5749999999998274 0.3067073170731665
2.5759999999998273 0.30673170731706895
2.576999999999827 0.3067560975609714
2.577999999999827 0.3067804878048738
2.578999999999827 0.30680487804877626
2.579999999999827 0.3068292682926787
2.5809999999998268 0.30685365853658114
2.5819999999998267 0.3068780487804836
2.5829999999998265 0.306902439024386
2.5839999999998264 0.3069268292682884
2.5849999999998263 0.3069512195121909
2.585999999999826 0.30697560975609334
2.586999999999826 0.3069999999999957
2.587999999999826 0.3070243902438982
2.588999999999826 0.30704878048780065
2.5899999999998258 0.3070731707317031
2.5909999999998257 0.3070975609756055
2.5919999999998256 0.3071219512195079
2.5929999999998254 0.3071463414634104
2.5939999999998253 0.3071707317073128
2.5949999999998252 0.30719512195121523
2.595999999999825 0.3072195121951177
2.596999999999825 0.3072439024390201
2.597999999999825 0.30726829268292255
2.598999999999825 0.307292682926825
2.5999999999998247 0.30731707317072743
2.6009999999998246 0.30734146341462987
2.6019999999998245 0.3073658536585323
2.6029999999998243 0.30739024390243475
2.6039999999998242 0.3074146341463372
2.604999999999824 0.3074390243902396
2.605999999999824 0.30746341463414206
2.606999999999824 0.3074878048780445
2.607999999999824 0.3075121951219469
2.6089999999998237 0.3075365853658494
2.6099999999998236 0.3075609756097518
2.6109999999998235 0.3075853658536542
2.6119999999998234 0.3076097560975567
2.6129999999998232 0.30763414634145914
2.613999999999823 0.3076585365853615
2.614999999999823 0.30768292682926396
2.615999999999823 0.3077073170731664
2.616999999999823 0.30773170731706884
2.6179999999998227 0.3077560975609713
2.6189999999998226 0.3077804878048737
2.6199999999998225 0.30780487804877615
2.6209999999998224 0.3078292682926786
2.6219999999998223 0.30785365853658103
2.622999999999822 0.30787804878048347
2.623999999999822 0.30790243902438585
2.624999999999822 0.30792682926828835
2.625999999999822 0.3079512195121908
2.6269999999998217 0.3079756097560932
2.6279999999998216 0.30799999999999567
2.6289999999998215 0.3080243902438981
2.6299999999998214 0.30804878048780054
2.6309999999998213 0.30807317073170293
2.631999999999821 0.30809756097560537
2.632999999999821 0.30812195121950786
2.633999999999821 0.30814634146341024
2.634999999999821 0.3081707317073127
2.6359999999998207 0.3081951219512152
2.6369999999998206 0.30821951219511756
2.6379999999998205 0.30824390243902
2.6389999999998204 0.30826829268292244
2.6399999999998203 0.3082926829268249
2.64099999999982 0.3083170731707273
2.64199999999982 0.30834146341462976
2.64299999999982 0.3083658536585322
2.64399999999982 0.30839024390243464
2.6449999999998197 0.3084146341463371
2.6459999999998196 0.3084390243902395
2.6469999999998195 0.30846341463414195
2.6479999999998194 0.30848780487804434
2.6489999999998193 0.30851219512194683
2.649999999999819 0.30853658536584927
2.650999999999819 0.30856097560975165
2.651999999999819 0.30858536585365415
2.652999999999819 0.3086097560975566
2.6539999999998187 0.30863414634145897
2.6549999999998186 0.3086585365853614
2.6559999999998185 0.30868292682926385
2.6569999999998184 0.3087073170731663
2.6579999999998183 0.3087317073170687
2.658999999999818 0.30875609756097117
2.659999999999818 0.30878048780487366
2.660999999999818 0.30880487804877604
2.661999999999818 0.3088292682926785
2.6629999999998177 0.3088536585365809
2.6639999999998176 0.30887804878048336
2.6649999999998175 0.3089024390243858
2.6659999999998174 0.30892682926828824
2.6669999999998173 0.3089512195121907
2.667999999999817 0.3089756097560931
2.668999999999817 0.30899999999999556
2.669999999999817 0.309024390243898
2.670999999999817 0.3090487804878004
2.6719999999998167 0.3090731707317028
2.6729999999998166 0.3090975609756053
2.6739999999998165 0.3091219512195077
2.6749999999998164 0.30914634146341013
2.6759999999998163 0.30917073170731263
2.676999999999816 0.309195121951215
2.677999999999816 0.30921951219511745
2.678999999999816 0.3092439024390199
2.679999999999816 0.30926829268292233
2.6809999999998158 0.30929268292682477
2.6819999999998156 0.3093170731707272
2.6829999999998155 0.30934146341462965
2.6839999999998154 0.3093658536585321
2.6849999999998153 0.3093902439024345
2.685999999999815 0.30941463414633696
2.686999999999815 0.3094390243902394
2.687999999999815 0.3094634146341418
2.688999999999815 0.3094878048780443
2.6899999999998148 0.3095121951219467
2.6909999999998147 0.3095365853658491
2.6919999999998145 0.3095609756097516
2.6929999999998144 0.30958536585365404
2.6939999999998143 0.3096097560975564
2.694999999999814 0.30963414634145886
2.695999999999814 0.3096585365853613
2.696999999999814 0.3096829268292638
2.697999999999814 0.3097073170731662
2.6989999999998138 0.3097317073170686
2.6999999999998137 0.3097560975609711
2.7009999999998136 0.3097804878048735
2.7019999999998134 0.30980487804877593
2.7029999999998133 0.3098292682926784
2.703999999999813 0.3098536585365808
2.704999999999813 0.30987804878048325
2.705999999999813 0.3099024390243857
2.706999999999813 0.30992682926828813
2.707999999999813 0.30995121951219057
2.7089999999998127 0.309975609756093
2.7099999999998126 0.30999999999999545
2.7109999999998124 0.31002439024389783
2.7119999999998123 0.31004878048780027
2.7129999999998122 0.31007317073170276
2.713999999999812 0.31009756097560515
2.714999999999812 0.3101219512195076
2.715999999999812 0.3101463414634101
2.716999999999812 0.3101707317073125
2.7179999999998117 0.3101951219512149
2.7189999999998116 0.31021951219511734
2.7199999999998115 0.3102439024390198
2.7209999999998113 0.3102682926829222
2.7219999999998112 0.31029268292682466
2.722999999999811 0.3103170731707271
2.723999999999811 0.31034146341462954
2.724999999999811 0.310365853658532
2.725999999999811 0.3103902439024344
2.7269999999998107 0.31041463414633685
2.7279999999998106 0.31043902439023924
2.7289999999998105 0.31046341463414173
2.7299999999998104 0.31048780487804417
2.7309999999998102 0.31051219512194655
2.73199999999981 0.31053658536584905
2.73299999999981 0.3105609756097515
2.73399999999981 0.3105853658536539
2.73499999999981 0.3106097560975563
2.7359999999998097 0.31063414634145875
2.7369999999998096 0.31065853658536124
2.7379999999998095 0.31068292682926363
2.7389999999998094 0.31070731707316607
2.7399999999998093 0.31073170731706856
2.740999999999809 0.31075609756097095
2.741999999999809 0.3107804878048734
2.742999999999809 0.3108048780487758
2.743999999999809 0.31082926829267826
2.7449999999998087 0.3108536585365807
2.7459999999998086 0.31087804878048314
2.7469999999998085 0.3109024390243856
2.7479999999998084 0.310926829268288
2.7489999999998083 0.31095121951219046
2.749999999999808 0.3109756097560929
2.750999999999808 0.3109999999999953
2.751999999999808 0.3110243902438977
2.752999999999808 0.3110487804878002
2.7539999999998077 0.31107317073170265
2.7549999999998076 0.31109756097560504
2.7559999999998075 0.31112195121950753
2.7569999999998074 0.31114634146340997
2.7579999999998073 0.31117073170731235
2.758999999999807 0.3111951219512148
2.759999999999807 0.31121951219511723
2.760999999999807 0.31124390243901967
2.761999999999807 0.3112682926829221
2.7629999999998067 0.31129268292682455
2.7639999999998066 0.311317073170727
2.7649999999998065 0.3113414634146294
2.7659999999998064 0.31136585365853187
2.7669999999998063 0.3113902439024343
2.767999999999806 0.3114146341463367
2.768999999999806 0.3114390243902392
2.769999999999806 0.3114634146341416
2.770999999999806 0.31148780487804406
2.7719999999998057 0.3115121951219465
2.7729999999998056 0.31153658536584894
2.7739999999998055 0.3115609756097514
2.7749999999998054 0.31158536585365376
2.7759999999998053 0.3116097560975562
2.776999999999805 0.3116341463414587
2.777999999999805 0.3116585365853611
2.778999999999805 0.3116829268292635
2.779999999999805 0.311707317073166
2.7809999999998047 0.3117317073170684
2.7819999999998046 0.31175609756097084
2.7829999999998045 0.3117804878048733
2.7839999999998044 0.3118048780487757
2.7849999999998043 0.31182926829267815
2.785999999999804 0.3118536585365806
2.786999999999804 0.31187804878048303
2.787999999999804 0.31190243902438547
2.788999999999804 0.3119268292682879
2.7899999999998037 0.31195121951219035
2.7909999999998036 0.3119756097560928
2.7919999999998035 0.31199999999999517
2.7929999999998034 0.31202439024389766
2.7939999999998033 0.3120487804878001
2.794999999999803 0.3120731707317025
2.795999999999803 0.312097560975605
2.796999999999803 0.3121219512195074
2.797999999999803 0.3121463414634098
2.7989999999998028 0.31217073170731224
2.7999999999998026 0.3121951219512147
2.8009999999998025 0.3122195121951171
2.8019999999998024 0.31224390243901956
2.8029999999998023 0.312268292682922
2.803999999999802 0.31229268292682444
2.804999999999802 0.3123170731707269
2.805999999999802 0.3123414634146293
2.806999999999802 0.31236585365853176
2.8079999999998018 0.3123902439024342
2.8089999999998017 0.31241463414633663
2.8099999999998015 0.3124390243902391
2.8109999999998014 0.3124634146341415
2.8119999999998013 0.31248780487804395
2.812999999999801 0.3125121951219464
2.813999999999801 0.31253658536584883
2.814999999999801 0.3125609756097512
2.815999999999801 0.31258536585365365
2.8169999999998008 0.31260975609755615
2.8179999999998007 0.31263414634145853
2.8189999999998006 0.31265853658536097
2.8199999999998004 0.31268292682926346
2.8209999999998003 0.31270731707316585
2.8219999999998002 0.3127317073170683
2.8229999999998 0.3127560975609707
2.8239999999998 0.31278048780487316
2.8249999999998 0.3128048780487756
2.8259999999998 0.31282926829267804
2.8269999999997997 0.3128536585365805
2.8279999999997996 0.3128780487804829
2.8289999999997995 0.31290243902438536
2.8299999999997993 0.3129268292682878
2.8309999999997992 0.31295121951219024
2.831999999999799 0.3129756097560926
2.832999999999799 0.3129999999999951
2.833999999999799 0.31302439024389755
2.834999999999799 0.31304878048779994
2.8359999999997987 0.31307317073170243
2.8369999999997986 0.31309756097560487
2.8379999999997985 0.31312195121950726
2.8389999999997984 0.3131463414634097
2.8399999999997982 0.31317073170731213
2.840999999999798 0.3131951219512146
2.841999999999798 0.313219512195117
2.842999999999798 0.31324390243901945
2.843999999999798 0.31326829268292194
2.8449999999997977 0.31329268292682433
2.8459999999997976 0.31331707317072677
2.8469999999997975 0.3133414634146292
2.8479999999997974 0.31336585365853165
2.8489999999997973 0.3133902439024341
2.849999999999797 0.3134146341463365
2.850999999999797 0.31343902439023896
2.851999999999797 0.3134634146341414
2.852999999999797 0.31348780487804384
2.8539999999997967 0.3135121951219463
2.8549999999997966 0.31353658536584866
2.8559999999997965 0.3135609756097511
2.8569999999997964 0.3135853658536536
2.8579999999997963 0.313609756097556
2.858999999999796 0.3136341463414584
2.859999999999796 0.3136585365853609
2.860999999999796 0.31368292682926335
2.861999999999796 0.31370731707316574
2.8629999999997957 0.3137317073170682
2.8639999999997956 0.3137560975609706
2.8649999999997955 0.31378048780487305
2.8659999999997954 0.3138048780487755
2.8669999999997953 0.31382926829267793
2.867999999999795 0.31385365853658037
2.868999999999795 0.3138780487804828
2.869999999999795 0.31390243902438525
2.870999999999795 0.3139268292682877
2.8719999999997947 0.31395121951219007
2.8729999999997946 0.31397560975609257
2.8739999999997945 0.313999999999995
2.8749999999997944 0.3140243902438974
2.8759999999997943 0.3140487804877999
2.876999999999794 0.3140731707317023
2.877999999999794 0.3140975609756047
2.878999999999794 0.31412195121950715
2.879999999999794 0.3141463414634096
2.8809999999997937 0.3141707317073121
2.8819999999997936 0.31419512195121446
2.8829999999997935 0.3142195121951169
2.8839999999997934 0.3142439024390194
2.8849999999997933 0.3142682926829218
2.885999999999793 0.3142926829268242
2.886999999999793 0.31431707317072666
2.887999999999793 0.3143414634146291
2.888999999999793 0.31436585365853154
2.8899999999997927 0.314390243902434
2.8909999999997926 0.3144146341463364
2.8919999999997925 0.31443902439023885
2.8929999999997924 0.3144634146341413
2.8939999999997923 0.31448780487804373
2.894999999999792 0.3145121951219461
2.895999999999792 0.31453658536584855
2.896999999999792 0.31456097560975105
2.897999999999792 0.3145853658536535
2.8989999999997917 0.31460975609755587
2.8999999999997916 0.31463414634145837
2.9009999999997915 0.3146585365853608
2.9019999999997914 0.3146829268292632
2.9029999999997913 0.3147073170731656
2.903999999999791 0.31473170731706807
2.904999999999791 0.3147560975609705
2.905999999999791 0.31478048780487294
2.906999999999791 0.3148048780487754
2.9079999999997908 0.3148292682926778
2.9089999999997906 0.31485365853658026
2.9099999999997905 0.3148780487804827
2.9109999999997904 0.31490243902438514
2.9119999999997903 0.3149268292682875
2.91299999999979 0.31495121951219
2.91399999999979 0.31497560975609246
2.91499999999979 0.31499999999999484
2.91599999999979 0.31502439024389733
2.9169999999997898 0.3150487804877998
2.9179999999997897 0.3150731707317022
2.9189999999997895 0.3150975609756046
2.9199999999997894 0.31512195121950703
2.9209999999997893 0.31514634146340953
2.921999999999789 0.3151707317073119
2.922999999999789 0.31519512195121435
2.923999999999789 0.31521951219511685
2.924999999999789 0.31524390243901923
2.9259999999997888 0.31526829268292167
2.9269999999997887 0.3152926829268241
2.9279999999997885 0.31531707317072655
2.9289999999997884 0.315341463414629
2.9299999999997883 0.3153658536585314
2.930999999999788 0.31539024390243386
2.931999999999788 0.3154146341463363
2.932999999999788 0.31543902439023874
2.933999999999788 0.3154634146341412
2.934999999999788 0.3154878048780436
2.9359999999997877 0.315512195121946
2.9369999999997876 0.3155365853658485
2.9379999999997874 0.31556097560975094
2.9389999999997873 0.3155853658536533
2.9399999999997872 0.3156097560975558
2.940999999999787 0.31563414634145825
2.941999999999787 0.31565853658536064
2.942999999999787 0.3156829268292631
2.943999999999787 0.3157073170731655
2.9449999999997867 0.31573170731706796
2.9459999999997866 0.3157560975609704
2.9469999999997865 0.31578048780487283
2.9479999999997863 0.3158048780487753
2.9489999999997862 0.3158292682926777
2.949999999999786 0.31585365853658015
2.950999999999786 0.3158780487804826
2.951999999999786 0.315902439024385
2.952999999999786 0.31592682926828747
2.9539999999997857 0.3159512195121899
2.9549999999997856 0.31597560975609235
2.9559999999997855 0.3159999999999948
2.9569999999997854 0.3160243902438972
2.9579999999997852 0.31604878048779966
2.958999999999785 0.31607317073170205
2.959999999999785 0.3160975609756045
2.960999999999785 0.316121951219507
2.961999999999785 0.31614634146340936
2.9629999999997847 0.3161707317073118
2.9639999999997846 0.3161951219512143
2.9649999999997845 0.3162195121951167
2.9659999999997844 0.3162439024390191
2.9669999999997843 0.31626829268292156
2.967999999999784 0.316292682926824
2.968999999999784 0.31631707317072644
2.969999999999784 0.3163414634146289
2.970999999999784 0.3163658536585313
2.9719999999997837 0.31639024390243375
2.9729999999997836 0.3164146341463362
2.9739999999997835 0.31643902439023863
2.9749999999997834 0.31646341463414107
2.9759999999997833 0.31648780487804345
2.976999999999783 0.31651219512194595
2.977999999999783 0.3165365853658484
2.978999999999783 0.31656097560975077
2.979999999999783 0.31658536585365327
2.9809999999997827 0.3166097560975557
2.9819999999997826 0.3166341463414581
2.9829999999997825 0.31665853658536053
2.9839999999997824 0.31668292682926297
2.9849999999997823 0.3167073170731654
2.985999999999782 0.31673170731706785
2.986999999999782 0.3167560975609703
2.987999999999782 0.3167804878048728
2.988999999999782 0.31680487804877516
2.9899999999997817 0.3168292682926776
2.9909999999997816 0.31685365853658004
2.9919999999997815 0.3168780487804825
2.9929999999997814 0.3169024390243849
2.9939999999997813 0.31692682926828736
2.994999999999781 0.3169512195121898
2.995999999999781 0.31697560975609224
2.996999999999781 0.3169999999999947
2.997999999999781 0.3170243902438971
2.9989999999997807 0.3170487804877995
2.9999999999997806 0.31707317073170194
