0.25 0.25
0.251 0.25002439024390244
0.252 0.2500487804878049
0.253 0.2500731707317073
0.254 0.25009756097560976
0.255 0.2501219512195122
0.256 0.25014634146341463
0.257 0.2501707317073171
0.258 0.2501951219512195
0.259 0.25021951219512195
0.26 0.2502439024390244
0.261 0.25026829268292683
0.262 0.25029268292682927
0.263 0.2503170731707317
0.264 0.25034146341463415
0.265 0.2503658536585366
0.266 0.250390243902439
0.267 0.25041463414634146
0.268 0.2504390243902439
0.269 0.25046341463414634
0.27 0.2504878048780488
0.271 0.2505121951219512
0.272 0.25053658536585366
0.273 0.2505609756097561
0.274 0.25058536585365854
0.275 0.250609756097561
0.276 0.2506341463414634
0.277 0.25065853658536585
0.278 0.2506829268292683
0.279 0.25070731707317073
0.28 0.25073170731707317
0.281 0.2507560975609756
0.28200000000000003 0.25078048780487805
0.28300000000000003 0.2508048780487805
0.28400000000000003 0.2508292682926829
0.28500000000000003 0.25085365853658537
0.28600000000000003 0.2508780487804878
0.28700000000000003 0.25090243902439024
0.28800000000000003 0.2509268292682927
0.28900000000000003 0.2509512195121951
0.29000000000000004 0.25097560975609756
0.29100000000000004 0.251
0.29200000000000004 0.25102439024390244
0.29300000000000004 0.2510487804878049
0.29400000000000004 0.2510731707317073
0.29500000000000004 0.25109756097560976
0.29600000000000004 0.2511219512195122
0.29700000000000004 0.25114634146341464
0.29800000000000004 0.2511707317073171
0.29900000000000004 0.2511951219512195
0.30000000000000004 0.25121951219512195
0.30100000000000005 0.2512439024390244
0.30200000000000005 0.25126829268292683
0.30300000000000005 0.25129268292682927
0.30400000000000005 0.2513170731707317
0.30500000000000005 0.25134146341463415
0.30600000000000005 0.2513658536585366
0.30700000000000005 0.251390243902439
0.30800000000000005 0.25141463414634146
0.30900000000000005 0.2514390243902439
0.31000000000000005 0.25146341463414634
0.31100000000000005 0.2514878048780488
0.31200000000000006 0.2515121951219512
0.31300000000000006 0.25153658536585366
0.31400000000000006 0.2515609756097561
0.31500000000000006 0.25158536585365854
0.31600000000000006 0.251609756097561
0.31700000000000006 0.2516341463414634
0.31800000000000006 0.25165853658536586
0.31900000000000006 0.2516829268292683
0.32000000000000006 0.25170731707317073
0.32100000000000006 0.2517317073170732
0.32200000000000006 0.2517560975609756
0.32300000000000006 0.25178048780487805
0.32400000000000007 0.2518048780487805
0.32500000000000007 0.25182926829268293
0.32600000000000007 0.25185365853658537
0.32700000000000007 0.2518780487804878
0.32800000000000007 0.25190243902439025
0.32900000000000007 0.2519268292682927
0.33000000000000007 0.2519512195121951
0.33100000000000007 0.25197560975609756
0.3320000000000001 0.252
0.3330000000000001 0.25202439024390244
0.3340000000000001 0.2520487804878049
0.3350000000000001 0.2520731707317073
0.3360000000000001 0.25209756097560976
0.3370000000000001 0.2521219512195122
0.3380000000000001 0.25214634146341464
0.3390000000000001 0.2521707317073171
0.3400000000000001 0.2521951219512195
0.3410000000000001 0.25221951219512195
0.3420000000000001 0.2522439024390244
0.3430000000000001 0.25226829268292683
0.3440000000000001 0.25229268292682927
0.3450000000000001 0.2523170731707317
0.3460000000000001 0.25234146341463415
0.3470000000000001 0.2523658536585366
0.3480000000000001 0.252390243902439
0.3490000000000001 0.25241463414634147
0.3500000000000001 0.2524390243902439
0.3510000000000001 0.25246341463414634
0.3520000000000001 0.2524878048780488
0.3530000000000001 0.2525121951219512
0.3540000000000001 0.25253658536585366
0.3550000000000001 0.2525609756097561
0.3560000000000001 0.25258536585365854
0.3570000000000001 0.252609756097561
0.3580000000000001 0.2526341463414634
0.3590000000000001 0.25265853658536586
0.3600000000000001 0.2526829268292683
0.3610000000000001 0.25270731707317073
0.3620000000000001 0.2527317073170732
0.3630000000000001 0.2527560975609756
0.3640000000000001 0.25278048780487805
0.3650000000000001 0.2528048780487805
0.3660000000000001 0.25282926829268293
0.3670000000000001 0.25285365853658537
0.3680000000000001 0.2528780487804878
0.3690000000000001 0.25290243902439025
0.3700000000000001 0.2529268292682927
0.3710000000000001 0.2529512195121951
0.3720000000000001 0.25297560975609756
0.3730000000000001 0.253
0.3740000000000001 0.25302439024390244
0.3750000000000001 0.2530487804878049
0.3760000000000001 0.2530731707317073
0.3770000000000001 0.25309756097560976
0.3780000000000001 0.2531219512195122
0.3790000000000001 0.25314634146341464
0.3800000000000001 0.2531707317073171
0.3810000000000001 0.2531951219512195
0.3820000000000001 0.25321951219512195
0.3830000000000001 0.2532439024390244
0.3840000000000001 0.25326829268292683
0.3850000000000001 0.25329268292682927
0.3860000000000001 0.2533170731707317
0.3870000000000001 0.25334146341463415
0.3880000000000001 0.2533658536585366
0.3890000000000001 0.253390243902439
0.3900000000000001 0.25341463414634147
0.3910000000000001 0.2534390243902439
0.3920000000000001 0.25346341463414634
0.3930000000000001 0.2534878048780488
0.39400000000000013 0.2535121951219512
0.39500000000000013 0.25353658536585366
0.39600000000000013 0.2535609756097561
0.39700000000000013 0.25358536585365854
0.39800000000000013 0.253609756097561
0.39900000000000013 0.2536341463414634
0.40000000000000013 0.25365853658536586
0.40100000000000013 0.2536829268292683
0.40200000000000014 0.25370731707317074
0.40300000000000014 0.2537317073170732
0.40400000000000014 0.2537560975609756
0.40500000000000014 0.25378048780487805
0.40600000000000014 0.2538048780487805
0.40700000000000014 0.25382926829268293
0.40800000000000014 0.25385365853658537
0.40900000000000014 0.2538780487804878
0.41000000000000014 0.25390243902439025
0.41100000000000014 0.2539268292682927
0.41200000000000014 0.2539512195121951
0.41300000000000014 0.25397560975609756
0.41400000000000015 0.254
0.41500000000000015 0.25402439024390244
0.41600000000000015 0.2540487804878049
0.41700000000000015 0.2540731707317073
0.41800000000000015 0.25409756097560976
0.41900000000000015 0.2541219512195122
0.42000000000000015 0.25414634146341464
0.42100000000000015 0.2541707317073171
0.42200000000000015 0.2541951219512195
0.42300000000000015 0.25421951219512195
0.42400000000000015 0.2542439024390244
0.42500000000000016 0.25426829268292683
0.42600000000000016 0.25429268292682927
0.42700000000000016 0.2543170731707317
0.42800000000000016 0.25434146341463415
0.42900000000000016 0.2543658536585366
0.43000000000000016 0.25439024390243903
0.43100000000000016 0.25441463414634147
0.43200000000000016 0.2544390243902439
0.43300000000000016 0.25446341463414635
0.43400000000000016 0.2544878048780488
0.43500000000000016 0.2545121951219512
0.43600000000000017 0.25453658536585366
0.43700000000000017 0.2545609756097561
0.43800000000000017 0.25458536585365854
0.43900000000000017 0.254609756097561
0.44000000000000017 0.2546341463414634
0.44100000000000017 0.25465853658536586
0.44200000000000017 0.2546829268292683
0.44300000000000017 0.25470731707317074
0.4440000000000002 0.2547317073170732
0.4450000000000002 0.2547560975609756
0.4460000000000002 0.25478048780487805
0.4470000000000002 0.2548048780487805
0.4480000000000002 0.25482926829268293
0.4490000000000002 0.25485365853658537
0.4500000000000002 0.2548780487804878
0.4510000000000002 0.25490243902439025
0.4520000000000002 0.2549268292682927
0.4530000000000002 0.2549512195121951
0.4540000000000002 0.25497560975609757
0.4550000000000002 0.255
0.4560000000000002 0.25502439024390244
0.4570000000000002 0.2550487804878049
0.4580000000000002 0.2550731707317073
0.4590000000000002 0.25509756097560976
0.4600000000000002 0.2551219512195122
0.4610000000000002 0.25514634146341464
0.4620000000000002 0.2551707317073171
0.4630000000000002 0.2551951219512195
0.4640000000000002 0.25521951219512196
0.4650000000000002 0.2552439024390244
0.4660000000000002 0.25526829268292683
0.4670000000000002 0.2552926829268293
0.4680000000000002 0.2553170731707317
0.4690000000000002 0.25534146341463415
0.4700000000000002 0.2553658536585366
0.4710000000000002 0.25539024390243903
0.4720000000000002 0.25541463414634147
0.4730000000000002 0.2554390243902439
0.4740000000000002 0.25546341463414635
0.4750000000000002 0.2554878048780488
0.4760000000000002 0.2555121951219512
0.4770000000000002 0.25553658536585366
0.4780000000000002 0.2555609756097561
0.4790000000000002 0.25558536585365854
0.4800000000000002 0.255609756097561
0.4810000000000002 0.2556341463414634
0.4820000000000002 0.25565853658536586
0.4830000000000002 0.2556829268292683
0.4840000000000002 0.25570731707317074
0.4850000000000002 0.2557317073170732
0.4860000000000002 0.2557560975609756
0.4870000000000002 0.25578048780487805
0.4880000000000002 0.2558048780487805
0.4890000000000002 0.25582926829268293
0.4900000000000002 0.25585365853658537
0.4910000000000002 0.2558780487804878
0.4920000000000002 0.25590243902439025
0.4930000000000002 0.2559268292682927
0.4940000000000002 0.2559512195121951
0.4950000000000002 0.25597560975609757
0.4960000000000002 0.256
0.4970000000000002 0.25602439024390244
0.4980000000000002 0.2560487804878049
0.4990000000000002 0.2560731707317073
0.5000000000000002 0.25609756097560976
0.5010000000000002 0.2561219512195122
0.5020000000000002 0.25614634146341464
0.5030000000000002 0.2561707317073171
0.5040000000000002 0.2561951219512195
0.5050000000000002 0.25621951219512196
0.5060000000000002 0.2562439024390244
0.5070000000000002 0.25626829268292683
0.5080000000000002 0.2562926829268293
0.5090000000000002 0.2563170731707317
0.5100000000000002 0.25634146341463415
0.5110000000000002 0.2563658536585366
0.5120000000000002 0.25639024390243903
0.5130000000000002 0.25641463414634147
0.5140000000000002 0.2564390243902439
0.5150000000000002 0.25646341463414635
0.5160000000000002 0.2564878048780488
0.5170000000000002 0.2565121951219512
0.5180000000000002 0.25653658536585366
0.5190000000000002 0.2565609756097561
0.5200000000000002 0.25658536585365854
0.5210000000000002 0.256609756097561
0.5220000000000002 0.2566341463414634
0.5230000000000002 0.25665853658536586
0.5240000000000002 0.2566829268292683
0.5250000000000002 0.25670731707317074
0.5260000000000002 0.2567317073170732
0.5270000000000002 0.2567560975609756
0.5280000000000002 0.25678048780487805
0.5290000000000002 0.2568048780487805
0.5300000000000002 0.25682926829268293
0.5310000000000002 0.25685365853658537
0.5320000000000003 0.2568780487804878
0.5330000000000003 0.25690243902439025
0.5340000000000003 0.2569268292682927
0.5350000000000003 0.25695121951219513
0.5360000000000003 0.25697560975609757
0.5370000000000003 0.257
0.5380000000000003 0.25702439024390245
0.5390000000000003 0.2570487804878049
0.5400000000000003 0.2570731707317073
0.5410000000000003 0.25709756097560976
0.5420000000000003 0.2571219512195122
0.5430000000000003 0.25714634146341464
0.5440000000000003 0.2571707317073171
0.5450000000000003 0.2571951219512195
0.5460000000000003 0.25721951219512196
0.5470000000000003 0.2572439024390244
0.5480000000000003 0.25726829268292684
0.5490000000000003 0.2572926829268293
0.5500000000000003 0.2573170731707317
0.5510000000000003 0.25734146341463415
0.5520000000000003 0.2573658536585366
0.5530000000000003 0.25739024390243903
0.5540000000000003 0.25741463414634147
0.5550000000000003 0.2574390243902439
0.5560000000000003 0.25746341463414635
0.5570000000000003 0.2574878048780488
0.5580000000000003 0.2575121951219512
0.5590000000000003 0.25753658536585367
0.5600000000000003 0.2575609756097561
0.5610000000000003 0.25758536585365854
0.5620000000000003 0.257609756097561
0.5630000000000003 0.2576341463414634
0.5640000000000003 0.25765853658536586
0.5650000000000003 0.2576829268292683
0.5660000000000003 0.25770731707317074
0.5670000000000003 0.2577317073170732
0.5680000000000003 0.2577560975609756
0.5690000000000003 0.25778048780487806
0.5700000000000003 0.2578048780487805
0.5710000000000003 0.25782926829268293
0.5720000000000003 0.2578536585365854
0.5730000000000003 0.2578780487804878
0.5740000000000003 0.25790243902439025
0.5750000000000003 0.2579268292682927
0.5760000000000003 0.25795121951219513
0.5770000000000003 0.25797560975609757
0.5780000000000003 0.258
0.5790000000000003 0.25802439024390245
0.5800000000000003 0.2580487804878049
0.5810000000000003 0.2580731707317073
0.5820000000000003 0.25809756097560976
0.5830000000000003 0.2581219512195122
0.5840000000000003 0.25814634146341464
0.5850000000000003 0.2581707317073171
0.5860000000000003 0.2581951219512195
0.5870000000000003 0.25821951219512196
0.5880000000000003 0.2582439024390244
0.5890000000000003 0.25826829268292684
0.5900000000000003 0.2582926829268293
0.5910000000000003 0.2583170731707317
0.5920000000000003 0.25834146341463415
0.5930000000000003 0.2583658536585366
0.5940000000000003 0.25839024390243903
0.5950000000000003 0.25841463414634147
0.5960000000000003 0.2584390243902439
0.5970000000000003 0.25846341463414635
0.5980000000000003 0.2584878048780488
0.5990000000000003 0.2585121951219512
0.6000000000000003 0.25853658536585367
0.6010000000000003 0.2585609756097561
0.6020000000000003 0.25858536585365854
0.6030000000000003 0.258609756097561
0.6040000000000003 0.2586341463414634
0.6050000000000003 0.25865853658536586
0.6060000000000003 0.2586829268292683
0.6070000000000003 0.25870731707317074
0.6080000000000003 0.2587317073170732
0.6090000000000003 0.2587560975609756
0.6100000000000003 0.25878048780487806
0.6110000000000003 0.2588048780487805
0.6120000000000003 0.25882926829268293
0.6130000000000003 0.2588536585365854
0.6140000000000003 0.2588780487804878
0.6150000000000003 0.25890243902439025
0.6160000000000003 0.2589268292682927
0.6170000000000003 0.25895121951219513
0.6180000000000003 0.25897560975609757
0.6190000000000003 0.259
0.6200000000000003 0.25902439024390245
0.6210000000000003 0.2590487804878049
0.6220000000000003 0.2590731707317073
0.6230000000000003 0.25909756097560976
0.6240000000000003 0.2591219512195122
0.6250000000000003 0.25914634146341464
0.6260000000000003 0.2591707317073171
0.6270000000000003 0.2591951219512195
0.6280000000000003 0.25921951219512196
0.6290000000000003 0.2592439024390244
0.6300000000000003 0.25926829268292684
0.6310000000000003 0.2592926829268293
0.6320000000000003 0.2593170731707317
0.6330000000000003 0.25934146341463415
0.6340000000000003 0.2593658536585366
0.6350000000000003 0.25939024390243903
0.6360000000000003 0.25941463414634147
0.6370000000000003 0.2594390243902439
0.6380000000000003 0.25946341463414635
0.6390000000000003 0.2594878048780488
0.6400000000000003 0.25951219512195123
0.6410000000000003 0.25953658536585367
0.6420000000000003 0.2595609756097561
0.6430000000000003 0.25958536585365855
0.6440000000000003 0.259609756097561
0.6450000000000004 0.2596341463414634
0.6460000000000004 0.25965853658536586
0.6470000000000004 0.2596829268292683
0.6480000000000004 0.25970731707317074
0.6490000000000004 0.2597317073170732
0.6500000000000004 0.2597560975609756
0.6510000000000004 0.25978048780487806
0.6520000000000004 0.2598048780487805
0.6530000000000004 0.25982926829268294
0.6540000000000004 0.2598536585365854
0.6550000000000004 0.2598780487804878
0.6560000000000004 0.25990243902439025
0.6570000000000004 0.2599268292682927
0.6580000000000004 0.25995121951219513
0.6590000000000004 0.25997560975609757
0.6600000000000004 0.26
0.6610000000000004 0.26002439024390245
0.6620000000000004 0.2600487804878049
0.6630000000000004 0.2600731707317073
0.6640000000000004 0.26009756097560977
0.6650000000000004 0.2601219512195122
0.6660000000000004 0.26014634146341464
0.6670000000000004 0.2601707317073171
0.6680000000000004 0.2601951219512195
0.6690000000000004 0.26021951219512196
0.6700000000000004 0.2602439024390244
0.6710000000000004 0.26026829268292684
0.6720000000000004 0.2602926829268293
0.6730000000000004 0.2603170731707317
0.6740000000000004 0.26034146341463416
0.6750000000000004 0.2603658536585366
0.6760000000000004 0.26039024390243903
0.6770000000000004 0.2604146341463415
0.6780000000000004 0.2604390243902439
0.6790000000000004 0.26046341463414635
0.6800000000000004 0.2604878048780488
0.6810000000000004 0.26051219512195123
0.6820000000000004 0.26053658536585367
0.6830000000000004 0.2605609756097561
0.6840000000000004 0.26058536585365855
0.6850000000000004 0.260609756097561
0.6860000000000004 0.2606341463414634
0.6870000000000004 0.26065853658536586
0.6880000000000004 0.2606829268292683
0.6890000000000004 0.26070731707317074
0.6900000000000004 0.2607317073170732
0.6910000000000004 0.2607560975609756
0.6920000000000004 0.26078048780487806
0.6930000000000004 0.2608048780487805
0.6940000000000004 0.26082926829268294
0.6950000000000004 0.2608536585365854
0.6960000000000004 0.2608780487804878
0.6970000000000004 0.26090243902439025
0.6980000000000004 0.2609268292682927
0.6990000000000004 0.26095121951219513
0.7000000000000004 0.26097560975609757
0.7010000000000004 0.261
0.7020000000000004 0.26102439024390245
0.7030000000000004 0.2610487804878049
0.7040000000000004 0.2610731707317073
0.7050000000000004 0.26109756097560977
0.7060000000000004 0.2611219512195122
0.7070000000000004 0.26114634146341464
0.7080000000000004 0.2611707317073171
0.7090000000000004 0.2611951219512195
0.7100000000000004 0.26121951219512196
0.7110000000000004 0.2612439024390244
0.7120000000000004 0.26126829268292684
0.7130000000000004 0.2612926829268293
0.7140000000000004 0.2613170731707317
0.7150000000000004 0.26134146341463416
0.7160000000000004 0.2613658536585366
0.7170000000000004 0.26139024390243903
0.7180000000000004 0.2614146341463415
0.7190000000000004 0.2614390243902439
0.7200000000000004 0.26146341463414635
0.7210000000000004 0.2614878048780488
0.7220000000000004 0.26151219512195123
0.7230000000000004 0.26153658536585367
0.7240000000000004 0.2615609756097561
0.7250000000000004 0.26158536585365855
0.7260000000000004 0.261609756097561
0.7270000000000004 0.2616341463414634
0.7280000000000004 0.26165853658536586
0.7290000000000004 0.2616829268292683
0.7300000000000004 0.26170731707317074
0.7310000000000004 0.2617317073170732
0.7320000000000004 0.2617560975609756
0.7330000000000004 0.26178048780487806
0.7340000000000004 0.2618048780487805
0.7350000000000004 0.26182926829268294
0.7360000000000004 0.2618536585365854
0.7370000000000004 0.2618780487804878
0.7380000000000004 0.26190243902439025
0.7390000000000004 0.2619268292682927
0.7400000000000004 0.26195121951219513
0.7410000000000004 0.26197560975609757
0.7420000000000004 0.262
0.7430000000000004 0.26202439024390245
0.7440000000000004 0.2620487804878049
0.7450000000000004 0.26207317073170733
0.7460000000000004 0.26209756097560977
0.7470000000000004 0.2621219512195122
0.7480000000000004 0.26214634146341464
0.7490000000000004 0.2621707317073171
0.7500000000000004 0.2621951219512195
0.7510000000000004 0.26221951219512196
0.7520000000000004 0.2622439024390244
0.7530000000000004 0.26226829268292684
0.7540000000000004 0.2622926829268293
0.7550000000000004 0.2623170731707317
0.7560000000000004 0.26234146341463416
0.7570000000000005 0.2623658536585366
0.7580000000000005 0.26239024390243904
0.7590000000000005 0.2624146341463415
0.7600000000000005 0.2624390243902439
0.7610000000000005 0.26246341463414635
0.7620000000000005 0.2624878048780488
0.7630000000000005 0.26251219512195123
0.7640000000000005 0.26253658536585367
0.7650000000000005 0.2625609756097561
0.7660000000000005 0.26258536585365855
0.7670000000000005 0.262609756097561
0.7680000000000005 0.2626341463414634
0.7690000000000005 0.26265853658536586
0.7700000000000005 0.2626829268292683
0.7710000000000005 0.26270731707317074
0.7720000000000005 0.2627317073170732
0.7730000000000005 0.2627560975609756
0.7740000000000005 0.26278048780487806
0.7750000000000005 0.2628048780487805
0.7760000000000005 0.26282926829268294
0.7770000000000005 0.2628536585365854
0.7780000000000005 0.2628780487804878
0.7790000000000005 0.26290243902439026
0.7800000000000005 0.2629268292682927
0.7810000000000005 0.26295121951219513
0.7820000000000005 0.2629756097560976
0.7830000000000005 0.263
0.7840000000000005 0.26302439024390245
0.7850000000000005 0.2630487804878049
0.7860000000000005 0.26307317073170733
0.7870000000000005 0.26309756097560977
0.7880000000000005 0.2631219512195122
0.7890000000000005 0.26314634146341465
0.7900000000000005 0.2631707317073171
0.7910000000000005 0.2631951219512195
0.7920000000000005 0.26321951219512196
0.7930000000000005 0.2632439024390244
0.7940000000000005 0.26326829268292684
0.7950000000000005 0.2632926829268293
0.7960000000000005 0.2633170731707317
0.7970000000000005 0.26334146341463416
0.7980000000000005 0.2633658536585366
0.7990000000000005 0.26339024390243904
0.8000000000000005 0.2634146341463415
0.8010000000000005 0.2634390243902439
0.8020000000000005 0.26346341463414635
0.8030000000000005 0.2634878048780488
0.8040000000000005 0.26351219512195123
0.8050000000000005 0.26353658536585367
0.8060000000000005 0.2635609756097561
0.8070000000000005 0.26358536585365855
0.8080000000000005 0.263609756097561
0.8090000000000005 0.2636341463414634
0.8100000000000005 0.26365853658536587
0.8110000000000005 0.2636829268292683
0.8120000000000005 0.26370731707317074
0.8130000000000005 0.2637317073170732
0.8140000000000005 0.2637560975609756
0.8150000000000005 0.26378048780487806
0.8160000000000005 0.2638048780487805
0.8170000000000005 0.26382926829268294
0.8180000000000005 0.2638536585365854
0.8190000000000005 0.2638780487804878
0.8200000000000005 0.26390243902439026
0.8210000000000005 0.2639268292682927
0.8220000000000005 0.26395121951219513
0.8230000000000005 0.2639756097560976
0.8240000000000005 0.264
0.8250000000000005 0.26402439024390245
0.8260000000000005 0.2640487804878049
0.8270000000000005 0.26407317073170733
0.8280000000000005 0.26409756097560977
0.8290000000000005 0.2641219512195122
0.8300000000000005 0.26414634146341465
0.8310000000000005 0.2641707317073171
0.8320000000000005 0.2641951219512195
0.8330000000000005 0.26421951219512196
0.8340000000000005 0.2642439024390244
0.8350000000000005 0.26426829268292684
0.8360000000000005 0.2642926829268293
0.8370000000000005 0.2643170731707317
0.8380000000000005 0.26434146341463416
0.8390000000000005 0.2643658536585366
0.8400000000000005 0.26439024390243904
0.8410000000000005 0.2644146341463415
0.8420000000000005 0.2644390243902439
0.8430000000000005 0.26446341463414635
0.8440000000000005 0.2644878048780488
0.8450000000000005 0.26451219512195123
0.8460000000000005 0.26453658536585367
0.8470000000000005 0.2645609756097561
0.8480000000000005 0.26458536585365855
0.8490000000000005 0.264609756097561
0.8500000000000005 0.2646341463414634
0.8510000000000005 0.26465853658536587
0.8520000000000005 0.2646829268292683
0.8530000000000005 0.26470731707317074
0.8540000000000005 0.2647317073170732
0.8550000000000005 0.2647560975609756
0.8560000000000005 0.26478048780487806
0.8570000000000005 0.2648048780487805
0.8580000000000005 0.26482926829268294
0.8590000000000005 0.2648536585365854
0.8600000000000005 0.2648780487804878
0.8610000000000005 0.26490243902439026
0.8620000000000005 0.2649268292682927
0.8630000000000005 0.26495121951219514
0.8640000000000005 0.2649756097560976
0.8650000000000005 0.265
0.8660000000000005 0.26502439024390245
0.8670000000000005 0.2650487804878049
0.8680000000000005 0.26507317073170733
0.8690000000000005 0.26509756097560977
0.8700000000000006 0.2651219512195122
0.8710000000000006 0.26514634146341465
0.8720000000000006 0.2651707317073171
0.8730000000000006 0.2651951219512195
0.8740000000000006 0.26521951219512196
0.8750000000000006 0.2652439024390244
0.8760000000000006 0.26526829268292684
0.8770000000000006 0.2652926829268293
0.8780000000000006 0.2653170731707317
0.8790000000000006 0.26534146341463416
0.8800000000000006 0.2653658536585366
0.8810000000000006 0.26539024390243904
0.8820000000000006 0.2654146341463415
0.8830000000000006 0.2654390243902439
0.8840000000000006 0.26546341463414636
0.8850000000000006 0.2654878048780488
0.8860000000000006 0.26551219512195123
0.8870000000000006 0.2655365853658537
0.8880000000000006 0.2655609756097561
0.8890000000000006 0.26558536585365855
0.8900000000000006 0.265609756097561
0.8910000000000006 0.26563414634146343
0.8920000000000006 0.26565853658536587
0.8930000000000006 0.2656829268292683
0.8940000000000006 0.26570731707317075
0.8950000000000006 0.2657317073170732
0.8960000000000006 0.2657560975609756
0.8970000000000006 0.26578048780487806
0.8980000000000006 0.2658048780487805
0.8990000000000006 0.26582926829268294
0.9000000000000006 0.2658536585365854
0.9010000000000006 0.2658780487804878
0.9020000000000006 0.26590243902439026
0.9030000000000006 0.2659268292682927
0.9040000000000006 0.26595121951219514
0.9050000000000006 0.2659756097560976
0.9060000000000006 0.266
0.9070000000000006 0.26602439024390245
0.9080000000000006 0.2660487804878049
0.9090000000000006 0.26607317073170733
0.9100000000000006 0.26609756097560977
0.9110000000000006 0.2661219512195122
0.9120000000000006 0.26614634146341465
0.9130000000000006 0.2661707317073171
0.9140000000000006 0.2661951219512195
0.9150000000000006 0.26621951219512197
0.9160000000000006 0.2662439024390244
0.9170000000000006 0.26626829268292684
0.9180000000000006 0.2662926829268293
0.9190000000000006 0.2663170731707317
0.9200000000000006 0.26634146341463416
0.9210000000000006 0.2663658536585366
0.9220000000000006 0.26639024390243904
0.9230000000000006 0.2664146341463415
0.9240000000000006 0.2664390243902439
0.9250000000000006 0.26646341463414636
0.9260000000000006 0.2664878048780488
0.9270000000000006 0.26651219512195123
0.9280000000000006 0.2665365853658537
0.9290000000000006 0.2665609756097561
0.9300000000000006 0.26658536585365855
0.9310000000000006 0.266609756097561
0.9320000000000006 0.26663414634146343
0.9330000000000006 0.26665853658536587
0.9340000000000006 0.2666829268292683
0.9350000000000006 0.26670731707317075
0.9360000000000006 0.2667317073170732
0.9370000000000006 0.2667560975609756
0.9380000000000006 0.26678048780487806
0.9390000000000006 0.2668048780487805
0.9400000000000006 0.26682926829268294
0.9410000000000006 0.2668536585365854
0.9420000000000006 0.2668780487804878
0.9430000000000006 0.26690243902439026
0.9440000000000006 0.2669268292682927
0.9450000000000006 0.26695121951219514
0.9460000000000006 0.2669756097560976
0.9470000000000006 0.267
0.9480000000000006 0.26702439024390245
0.9490000000000006 0.2670487804878049
0.9500000000000006 0.26707317073170733
0.9510000000000006 0.26709756097560977
0.9520000000000006 0.2671219512195122
0.9530000000000006 0.26714634146341465
0.9540000000000006 0.2671707317073171
0.9550000000000006 0.2671951219512195
0.9560000000000006 0.26721951219512197
0.9570000000000006 0.2672439024390244
0.9580000000000006 0.26726829268292684
0.9590000000000006 0.2672926829268293
0.9600000000000006 0.2673170731707317
0.9610000000000006 0.26734146341463416
0.9620000000000006 0.2673658536585366
0.9630000000000006 0.26739024390243904
0.9640000000000006 0.2674146341463415
0.9650000000000006 0.2674390243902439
0.9660000000000006 0.26746341463414636
0.9670000000000006 0.2674878048780488
0.9680000000000006 0.26751219512195124
0.9690000000000006 0.2675365853658537
0.9700000000000006 0.2675609756097561
0.9710000000000006 0.26758536585365855
0.9720000000000006 0.267609756097561
0.9730000000000006 0.26763414634146343
0.9740000000000006 0.26765853658536587
0.9750000000000006 0.2676829268292683
0.9760000000000006 0.26770731707317075
0.9770000000000006 0.2677317073170732
0.9780000000000006 0.2677560975609756
0.9790000000000006 0.26778048780487806
0.9800000000000006 0.2678048780487805
0.9810000000000006 0.26782926829268294
0.9820000000000007 0.2678536585365854
0.9830000000000007 0.2678780487804878
0.9840000000000007 0.26790243902439026
0.9850000000000007 0.2679268292682927
0.9860000000000007 0.26795121951219514
0.9870000000000007 0.2679756097560976
0.9880000000000007 0.268
0.9890000000000007 0.26802439024390246
0.9900000000000007 0.2680487804878049
0.9910000000000007 0.26807317073170733
0.9920000000000007 0.26809756097560977
0.9930000000000007 0.2681219512195122
0.9940000000000007 0.26814634146341465
0.9950000000000007 0.2681707317073171
0.9960000000000007 0.26819512195121953
0.9970000000000007 0.26821951219512197
0.9980000000000007 0.2682439024390244
0.9990000000000007 0.26826829268292685
1.0000000000000007 0.2682926829268293
1.0010000000000006 0.2683170731707317
1.0020000000000004 0.26834146341463416
1.0030000000000003 0.2683658536585366
1.0040000000000002 0.26839024390243904
1.0050000000000001 0.2684146341463415
1.006 0.2684390243902439
1.007 0.26846341463414636
1.0079999999999998 0.26848780487804874
1.0089999999999997 0.26851219512195124
1.0099999999999996 0.2685365853658537
1.0109999999999995 0.26856097560975606
1.0119999999999993 0.2685853658536585
1.0129999999999992 0.268609756097561
1.0139999999999991 0.2686341463414634
1.014999999999999 0.2686585365853658
1.015999999999999 0.26868292682926825
1.0169999999999988 0.2687073170731707
1.0179999999999987 0.26873170731707313
1.0189999999999986 0.26875609756097557
1.0199999999999985 0.268780487804878
1.0209999999999984 0.26880487804878045
1.0219999999999982 0.2688292682926829
1.0229999999999981 0.2688536585365853
1.023999999999998 0.26887804878048777
1.024999999999998 0.2689024390243902
1.0259999999999978 0.26892682926829264
1.0269999999999977 0.2689512195121951
1.0279999999999976 0.26897560975609747
1.0289999999999975 0.26899999999999996
1.0299999999999974 0.2690243902439024
1.0309999999999973 0.2690487804878048
1.0319999999999971 0.2690731707317072
1.032999999999997 0.2690975609756097
1.033999999999997 0.2691219512195121
1.0349999999999968 0.26914634146341454
1.0359999999999967 0.269170731707317
1.0369999999999966 0.2691951219512194
1.0379999999999965 0.26921951219512186
1.0389999999999964 0.2692439024390243
1.0399999999999963 0.26926829268292674
1.0409999999999962 0.2692926829268292
1.041999999999996 0.2693170731707316
1.042999999999996 0.26934146341463405
1.0439999999999958 0.2693658536585365
1.0449999999999957 0.26939024390243893
1.0459999999999956 0.26941463414634137
1.0469999999999955 0.2694390243902438
1.0479999999999954 0.2694634146341462
1.0489999999999953 0.2694878048780487
1.0499999999999952 0.2695121951219511
1.050999999999995 0.2695365853658535
1.051999999999995 0.26956097560975595
1.0529999999999948 0.26958536585365844
1.0539999999999947 0.2696097560975608
1.0549999999999946 0.26963414634146327
1.0559999999999945 0.2696585365853657
1.0569999999999944 0.2696829268292682
1.0579999999999943 0.2697073170731706
1.0589999999999942 0.269731707317073
1.059999999999994 0.26975609756097546
1.060999999999994 0.2697804878048779
1.0619999999999938 0.26980487804878034
1.0629999999999937 0.2698292682926828
1.0639999999999936 0.2698536585365852
1.0649999999999935 0.26987804878048766
1.0659999999999934 0.2699024390243901
1.0669999999999933 0.26992682926829253
1.0679999999999932 0.2699512195121949
1.068999999999993 0.2699756097560974
1.069999999999993 0.26999999999999985
1.0709999999999928 0.27002439024390223
1.0719999999999927 0.2700487804878047
1.0729999999999926 0.27007317073170717
1.0739999999999925 0.27009756097560955
1.0749999999999924 0.270121951219512
1.0759999999999923 0.27014634146341443
1.0769999999999922 0.2701707317073169
1.077999999999992 0.2701951219512193
1.078999999999992 0.27021951219512175
1.0799999999999919 0.2702439024390242
1.0809999999999917 0.2702682926829266
1.0819999999999916 0.27029268292682906
1.0829999999999915 0.2703170731707315
1.0839999999999914 0.27034146341463394
1.0849999999999913 0.2703658536585364
1.0859999999999912 0.2703902439024388
1.086999999999991 0.27041463414634126
1.087999999999991 0.27043902439024364
1.0889999999999909 0.27046341463414614
1.0899999999999908 0.2704878048780486
1.0909999999999906 0.27051219512195096
1.0919999999999905 0.2705365853658534
1.0929999999999904 0.2705609756097559
1.0939999999999903 0.27058536585365833
1.0949999999999902 0.2706097560975607
1.09599999999999 0.27063414634146316
1.09699999999999 0.27065853658536565
1.0979999999999899 0.27068292682926803
1.0989999999999898 0.2707073170731705
1.0999999999999897 0.2707317073170729
1.1009999999999895 0.27075609756097535
1.1019999999999894 0.2707804878048778
1.1029999999999893 0.27080487804878023
1.1039999999999892 0.27082926829268267
1.104999999999989 0.2708536585365851
1.105999999999989 0.27087804878048755
1.1069999999999889 0.27090243902439
1.1079999999999888 0.27092682926829237
1.1089999999999887 0.27095121951219486
1.1099999999999886 0.2709756097560973
1.1109999999999884 0.2709999999999997
1.1119999999999883 0.2710243902439021
1.1129999999999882 0.2710487804878046
1.113999999999988 0.27107317073170706
1.114999999999988 0.27109756097560944
1.115999999999988 0.2711219512195119
1.1169999999999878 0.2711463414634144
1.1179999999999877 0.27117073170731676
1.1189999999999876 0.2711951219512192
1.1199999999999875 0.27121951219512164
1.1209999999999873 0.2712439024390241
1.1219999999999872 0.2712682926829265
1.1229999999999871 0.27129268292682895
1.123999999999987 0.2713170731707314
1.124999999999987 0.27134146341463383
1.1259999999999868 0.27136585365853627
1.1269999999999867 0.2713902439024387
1.1279999999999866 0.2714146341463411
1.1289999999999865 0.2714390243902436
1.1299999999999863 0.271463414634146
1.1309999999999862 0.27148780487804847
1.1319999999999861 0.27151219512195085
1.132999999999986 0.27153658536585334
1.133999999999986 0.2715609756097558
1.1349999999999858 0.27158536585365817
1.1359999999999857 0.2716097560975606
1.1369999999999856 0.2716341463414631
1.1379999999999855 0.2716585365853655
1.1389999999999854 0.2716829268292679
1.1399999999999852 0.27170731707317036
1.1409999999999851 0.2717317073170728
1.141999999999985 0.27175609756097524
1.142999999999985 0.2717804878048777
1.1439999999999848 0.2718048780487801
1.1449999999999847 0.27182926829268256
1.1459999999999846 0.271853658536585
1.1469999999999845 0.27187804878048744
1.1479999999999844 0.2719024390243898
1.1489999999999843 0.2719268292682923
1.1499999999999841 0.27195121951219475
1.150999999999984 0.2719756097560972
1.151999999999984 0.2719999999999996
1.1529999999999838 0.27202439024390207
1.1539999999999837 0.2720487804878045
1.1549999999999836 0.2720731707317069
1.1559999999999835 0.27209756097560933
1.1569999999999834 0.2721219512195118
1.1579999999999833 0.2721463414634142
1.1589999999999832 0.27217073170731665
1.159999999999983 0.2721951219512191
1.160999999999983 0.2722195121951215
1.1619999999999828 0.27224390243902397
1.1629999999999827 0.2722682926829264
1.1639999999999826 0.27229268292682884
1.1649999999999825 0.2723170731707313
1.1659999999999824 0.2723414634146337
1.1669999999999823 0.27236585365853616
1.1679999999999822 0.2723902439024386
1.168999999999982 0.27241463414634104
1.169999999999982 0.2724390243902435
1.1709999999999818 0.2724634146341459
1.1719999999999817 0.2724878048780483
1.1729999999999816 0.2725121951219508
1.1739999999999815 0.27253658536585323
1.1749999999999814 0.2725609756097556
1.1759999999999813 0.27258536585365806
1.1769999999999812 0.27260975609756055
1.177999999999981 0.27263414634146294
1.178999999999981 0.2726585365853654
1.1799999999999808 0.2726829268292678
1.1809999999999807 0.27270731707317025
1.1819999999999806 0.2727317073170727
1.1829999999999805 0.27275609756097513
1.1839999999999804 0.27278048780487757
1.1849999999999803 0.27280487804878
1.1859999999999802 0.27282926829268245
1.18699999999998 0.2728536585365849
1.18799999999998 0.2728780487804873
1.1889999999999799 0.27290243902438976
1.1899999999999797 0.2729268292682922
1.1909999999999796 0.27295121951219464
1.1919999999999795 0.272975609756097
1.1929999999999794 0.2729999999999995
1.1939999999999793 0.27302439024390196
1.1949999999999792 0.27304878048780434
1.195999999999979 0.2730731707317068
1.196999999999979 0.2730975609756093
1.1979999999999789 0.27312195121951166
1.1989999999999787 0.2731463414634141
1.1999999999999786 0.27317073170731654
1.2009999999999785 0.273195121951219
1.2019999999999784 0.2732195121951214
1.2029999999999783 0.27324390243902386
1.2039999999999782 0.2732682926829263
1.204999999999978 0.27329268292682873
1.205999999999978 0.2733170731707312
1.2069999999999779 0.2733414634146336
1.2079999999999778 0.27336585365853605
1.2089999999999776 0.2733902439024385
1.2099999999999775 0.27341463414634093
1.2109999999999774 0.27343902439024337
1.2119999999999773 0.27346341463414575
1.2129999999999772 0.27348780487804825
1.213999999999977 0.2735121951219507
1.214999999999977 0.27353658536585307
1.2159999999999769 0.2735609756097555
1.2169999999999768 0.273585365853658
1.2179999999999767 0.2736097560975604
1.2189999999999765 0.2736341463414628
1.2199999999999764 0.27365853658536526
1.2209999999999763 0.27368292682926776
1.2219999999999762 0.27370731707317014
1.222999999999976 0.2737317073170726
1.223999999999976 0.273756097560975
1.2249999999999759 0.27378048780487746
1.2259999999999758 0.2738048780487799
1.2269999999999757 0.27382926829268234
1.2279999999999756 0.2738536585365848
1.2289999999999754 0.2738780487804872
1.2299999999999753 0.27390243902438965
1.2309999999999752 0.2739268292682921
1.2319999999999751 0.2739512195121945
1.232999999999975 0.27397560975609697
1.233999999999975 0.2739999999999994
1.2349999999999748 0.2740243902439018
1.2359999999999747 0.27404878048780423
1.2369999999999746 0.27407317073170673
1.2379999999999745 0.2740975609756091
1.2389999999999743 0.27412195121951155
1.2399999999999742 0.274146341463414
1.2409999999999741 0.2741707317073165
1.241999999999974 0.27419512195121887
1.242999999999974 0.2742195121951213
1.2439999999999738 0.27424390243902375
1.2449999999999737 0.2742682926829262
1.2459999999999736 0.2742926829268286
1.2469999999999735 0.27431707317073106
1.2479999999999734 0.2743414634146335
1.2489999999999732 0.27436585365853594
1.2499999999999731 0.2743902439024384
1.250999999999973 0.2744146341463408
1.251999999999973 0.2744390243902432
1.2529999999999728 0.2744634146341457
1.2539999999999727 0.27448780487804814
1.2549999999999726 0.2745121951219505
1.2559999999999725 0.27453658536585296
1.2569999999999724 0.27456097560975545
1.2579999999999723 0.2745853658536579
1.2589999999999721 0.2746097560975603
1.259999999999972 0.2746341463414627
1.260999999999972 0.2746585365853652
1.2619999999999718 0.2746829268292676
1.2629999999999717 0.27470731707317003
1.2639999999999716 0.27473170731707247
1.2649999999999715 0.2747560975609749
1.2659999999999714 0.27478048780487735
1.2669999999999713 0.2748048780487798
1.2679999999999712 0.2748292682926822
1.268999999999971 0.27485365853658467
1.269999999999971 0.2748780487804871
1.2709999999999708 0.27490243902438954
1.2719999999999707 0.27492682926829193
1.2729999999999706 0.2749512195121944
1.2739999999999705 0.27497560975609686
1.2749999999999704 0.27499999999999925
1.2759999999999703 0.2750243902439017
1.2769999999999702 0.2750487804878042
1.27799999999997 0.2750731707317066
1.27899999999997 0.275097560975609
1.2799999999999698 0.27512195121951144
1.2809999999999697 0.27514634146341393
1.2819999999999696 0.2751707317073163
1.2829999999999695 0.27519512195121876
1.2839999999999694 0.2752195121951212
1.2849999999999693 0.27524390243902364
1.2859999999999692 0.2752682926829261
1.286999999999969 0.2752926829268285
1.287999999999969 0.27531707317073095
1.2889999999999688 0.2753414634146334
1.2899999999999687 0.27536585365853583
1.2909999999999686 0.27539024390243827
1.2919999999999685 0.27541463414634065
1.2929999999999684 0.27543902439024315
1.2939999999999683 0.2754634146341456
1.2949999999999682 0.275487804878048
1.295999999999968 0.2755121951219504
1.296999999999968 0.2755365853658529
1.2979999999999678 0.27556097560975534
1.2989999999999677 0.2755853658536577
1.2999999999999676 0.27560975609756017
1.3009999999999675 0.27563414634146266
1.3019999999999674 0.27565853658536504
1.3029999999999673 0.2756829268292675
1.3039999999999672 0.2757073170731699
1.304999999999967 0.27573170731707236
1.305999999999967 0.2757560975609748
1.3069999999999669 0.27578048780487724
1.3079999999999667 0.2758048780487797
1.3089999999999666 0.2758292682926821
1.3099999999999665 0.27585365853658456
1.3109999999999664 0.275878048780487
1.3119999999999663 0.2759024390243894
1.3129999999999662 0.2759268292682919
1.313999999999966 0.2759512195121943
1.314999999999966 0.27597560975609675
1.3159999999999659 0.27599999999999913
1.3169999999999658 0.27602439024390163
1.3179999999999656 0.27604878048780407
1.3189999999999655 0.27607317073170645
1.3199999999999654 0.2760975609756089
1.3209999999999653 0.2761219512195114
1.3219999999999652 0.27614634146341377
1.322999999999965 0.2761707317073162
1.323999999999965 0.27619512195121865
1.3249999999999649 0.2762195121951211
1.3259999999999648 0.2762439024390235
1.3269999999999647 0.27626829268292596
1.3279999999999645 0.2762926829268284
1.3289999999999644 0.27631707317073084
1.3299999999999643 0.2763414634146333
1.3309999999999642 0.2763658536585357
1.331999999999964 0.27639024390243816
1.332999999999964 0.2764146341463406
1.3339999999999639 0.27643902439024304
1.3349999999999638 0.2764634146341455
1.3359999999999637 0.27648780487804786
1.3369999999999636 0.27651219512195035
1.3379999999999634 0.2765365853658528
1.3389999999999633 0.2765609756097552
1.3399999999999632 0.2765853658536576
1.340999999999963 0.2766097560975601
1.341999999999963 0.2766341463414625
1.342999999999963 0.27665853658536493
1.3439999999999628 0.2766829268292674
1.3449999999999627 0.2767073170731698
1.3459999999999626 0.27673170731707225
1.3469999999999624 0.2767560975609747
1.3479999999999623 0.27678048780487713
1.3489999999999622 0.27680487804877957
1.3499999999999621 0.276829268292682
1.350999999999962 0.27685365853658445
1.351999999999962 0.2768780487804869
1.3529999999999618 0.2769024390243893
1.3539999999999617 0.27692682926829176
1.3549999999999616 0.2769512195121942
1.3559999999999615 0.2769756097560966
1.3569999999999613 0.2769999999999991
1.3579999999999612 0.2770243902439015
1.3589999999999611 0.2770487804878039
1.359999999999961 0.27707317073170634
1.360999999999961 0.27709756097560884
1.3619999999999608 0.2771219512195112
1.3629999999999607 0.27714634146341366
1.3639999999999606 0.2771707317073161
1.3649999999999605 0.27719512195121854
1.3659999999999604 0.277219512195121
1.3669999999999602 0.2772439024390234
1.3679999999999601 0.27726829268292585
1.36899999999996 0.2772926829268283
1.36999999999996 0.27731707317073073
1.3709999999999598 0.27734146341463317
1.3719999999999597 0.2773658536585356
1.3729999999999596 0.27739024390243805
1.3739999999999595 0.2774146341463405
1.3749999999999594 0.2774390243902429
1.3759999999999593 0.2774634146341453
1.3769999999999591 0.2774878048780478
1.377999999999959 0.27751219512195024
1.378999999999959 0.27753658536585263
1.3799999999999588 0.27756097560975507
1.3809999999999587 0.27758536585365756
1.3819999999999586 0.27760975609755995
1.3829999999999585 0.2776341463414624
1.3839999999999584 0.2776585365853648
1.3849999999999583 0.2776829268292673
1.3859999999999582 0.2777073170731697
1.386999999999958 0.27773170731707214
1.387999999999958 0.2777560975609746
1.3889999999999578 0.277780487804877
1.3899999999999577 0.27780487804877946
1.3909999999999576 0.2778292682926819
1.3919999999999575 0.27785365853658434
1.3929999999999574 0.2778780487804868
1.3939999999999573 0.2779024390243892
1.3949999999999572 0.27792682926829165
1.395999999999957 0.27795121951219404
1.396999999999957 0.27797560975609653
1.3979999999999568 0.27799999999999897
1.3989999999999567 0.27802439024390135
1.3999999999999566 0.2780487804878038
1.4009999999999565 0.2780731707317063
1.4019999999999564 0.27809756097560867
1.4029999999999563 0.2781219512195111
1.4039999999999562 0.27814634146341355
1.404999999999956 0.27817073170731604
1.405999999999956 0.2781951219512184
1.4069999999999558 0.27821951219512087
1.4079999999999557 0.2782439024390233
1.4089999999999556 0.27826829268292574
1.4099999999999555 0.2782926829268282
1.4109999999999554 0.2783170731707306
1.4119999999999553 0.27834146341463306
1.4129999999999552 0.2783658536585355
1.413999999999955 0.27839024390243794
1.414999999999955 0.2784146341463404
1.4159999999999549 0.27843902439024276
1.4169999999999547 0.27846341463414526
1.4179999999999546 0.2784878048780477
1.4189999999999545 0.2785121951219501
1.4199999999999544 0.2785365853658525
1.4209999999999543 0.278560975609755
1.4219999999999542 0.27858536585365745
1.422999999999954 0.27860975609755984
1.423999999999954 0.2786341463414623
1.4249999999999539 0.27865853658536477
1.4259999999999537 0.27868292682926715
1.4269999999999536 0.2787073170731696
1.4279999999999535 0.27873170731707203
1.4289999999999534 0.27875609756097447
1.4299999999999533 0.2787804878048769
1.4309999999999532 0.27880487804877935
1.431999999999953 0.2788292682926818
1.432999999999953 0.2788536585365842
1.4339999999999529 0.27887804878048666
1.4349999999999528 0.2789024390243891
1.4359999999999526 0.2789268292682915
1.4369999999999525 0.278951219512194
1.4379999999999524 0.2789756097560964
1.4389999999999523 0.2789999999999988
1.4399999999999522 0.27902439024390124
1.440999999999952 0.27904878048780374
1.441999999999952 0.2790731707317062
1.4429999999999519 0.27909756097560856
1.4439999999999518 0.279121951219511
1.4449999999999517 0.2791463414634135
1.4459999999999515 0.2791707317073159
1.4469999999999514 0.2791951219512183
1.4479999999999513 0.27921951219512076
1.4489999999999512 0.2792439024390232
1.449999999999951 0.27926829268292563
1.450999999999951 0.2792926829268281
1.4519999999999509 0.2793170731707305
1.4529999999999508 0.27934146341463295
1.4539999999999507 0.2793658536585354
1.4549999999999506 0.27939024390243783
1.4559999999999504 0.2794146341463402
1.4569999999999503 0.2794390243902427
1.4579999999999502 0.27946341463414515
1.4589999999999501 0.2794878048780476
1.45999999999995 0.27951219512194997
1.46099999999995 0.27953658536585246
1.4619999999999498 0.2795609756097549
1.4629999999999497 0.2795853658536573
1.4639999999999496 0.2796097560975597
1.4649999999999495 0.2796341463414622
1.4659999999999493 0.2796585365853646
1.4669999999999492 0.27968292682926704
1.4679999999999491 0.2797073170731695
1.468999999999949 0.2797317073170719
1.469999999999949 0.27975609756097436
1.4709999999999488 0.2797804878048768
1.4719999999999487 0.27980487804877924
1.4729999999999486 0.2798292682926817
1.4739999999999485 0.2798536585365841
1.4749999999999484 0.27987804878048655
1.4759999999999482 0.27990243902438894
1.4769999999999481 0.27992682926829143
1.477999999999948 0.27995121951219387
1.478999999999948 0.2799756097560963
1.4799999999999478 0.2799999999999987
1.4809999999999477 0.2800243902439012
1.4819999999999476 0.28004878048780363
1.4829999999999475 0.280073170731706
1.4839999999999474 0.28009756097560845
1.4849999999999473 0.28012195121951095
1.4859999999999471 0.28014634146341333
1.486999999999947 0.28017073170731577
1.487999999999947 0.2801951219512182
1.4889999999999468 0.28021951219512065
1.4899999999999467 0.2802439024390231
1.4909999999999466 0.2802682926829255
1.4919999999999465 0.28029268292682796
1.4929999999999464 0.2803170731707304
1.4939999999999463 0.28034146341463284
1.4949999999999461 0.2803658536585353
1.495999999999946 0.2803902439024377
1.496999999999946 0.28041463414634016
1.4979999999999458 0.2804390243902426
1.4989999999999457 0.28046341463414504
1.4999999999999456 0.2804878048780474
1.5009999999999455 0.2805121951219499
1.5019999999999454 0.28053658536585235
1.5029999999999453 0.28056097560975474
1.5039999999999452 0.2805853658536572
1.504999999999945 0.28060975609755967
1.505999999999945 0.28063414634146205
1.5069999999999448 0.2806585365853645
1.5079999999999447 0.28068292682926693
1.5089999999999446 0.28070731707316937
1.5099999999999445 0.2807317073170718
1.5109999999999444 0.28075609756097425
1.5119999999999443 0.2807804878048767
1.5129999999999442 0.2808048780487791
1.513999999999944 0.28082926829268157
1.514999999999944 0.280853658536584
1.5159999999999438 0.28087804878048644
1.5169999999999437 0.2809024390243889
1.5179999999999436 0.2809268292682913
1.5189999999999435 0.28095121951219376
1.5199999999999434 0.28097560975609615
1.5209999999999433 0.28099999999999864
1.5219999999999432 0.2810243902439011
1.522999999999943 0.28104878048780346
1.523999999999943 0.2810731707317059
1.5249999999999428 0.2810975609756084
1.5259999999999427 0.2811219512195108
1.5269999999999426 0.2811463414634132
1.5279999999999425 0.28117073170731566
1.5289999999999424 0.2811951219512181
1.5299999999999423 0.28121951219512054
1.5309999999999422 0.281243902439023
1.531999999999942 0.2812682926829254
1.532999999999942 0.28129268292682785
1.5339999999999419 0.2813170731707303
1.5349999999999417 0.28134146341463273
1.5359999999999416 0.28136585365853517
1.5369999999999415 0.2813902439024376
1.5379999999999414 0.28141463414634005
1.5389999999999413 0.2814390243902425
1.5399999999999412 0.28146341463414487
1.540999999999941 0.28148780487804737
1.541999999999941 0.2815121951219498
1.5429999999999409 0.2815365853658522
1.5439999999999408 0.2815609756097546
1.5449999999999406 0.2815853658536571
1.5459999999999405 0.2816097560975595
1.5469999999999404 0.28163414634146194
1.5479999999999403 0.2816585365853644
1.5489999999999402 0.2816829268292669
1.54999999999994 0.28170731707316926
1.55099999999994 0.2817317073170717
1.5519999999999399 0.28175609756097414
1.5529999999999398 0.2817804878048766
1.5539999999999397 0.281804878048779
1.5549999999999395 0.28182926829268146
1.5559999999999394 0.2818536585365839
1.5569999999999393 0.28187804878048633
1.5579999999999392 0.2819024390243888
1.558999999999939 0.2819268292682912
1.559999999999939 0.2819512195121936
1.5609999999999389 0.2819756097560961
1.5619999999999388 0.28199999999999853
1.5629999999999387 0.2820243902439009
1.5639999999999386 0.28204878048780335
1.5649999999999384 0.28207317073170585
1.5659999999999383 0.28209756097560823
1.5669999999999382 0.28212195121951067
1.567999999999938 0.2821463414634131
1.568999999999938 0.2821707317073156
1.569999999999938 0.282195121951218
1.5709999999999378 0.2822195121951204
1.5719999999999377 0.28224390243902286
1.5729999999999376 0.2822682926829253
1.5739999999999374 0.28229268292682774
1.5749999999999373 0.2823170731707302
1.5759999999999372 0.2823414634146326
1.5769999999999371 0.28236585365853506
1.577999999999937 0.2823902439024375
1.578999999999937 0.28241463414633994
1.5799999999999368 0.2824390243902423
1.5809999999999367 0.2824634146341448
1.5819999999999366 0.28248780487804726
1.5829999999999365 0.28251219512194964
1.5839999999999363 0.2825365853658521
1.5849999999999362 0.28256097560975457
1.5859999999999361 0.282585365853657
1.586999999999936 0.2826097560975594
1.587999999999936 0.28263414634146183
1.5889999999999358 0.28265853658536433
1.5899999999999357 0.2826829268292667
1.5909999999999356 0.28270731707316915
1.5919999999999355 0.2827317073170716
1.5929999999999354 0.28275609756097403
1.5939999999999352 0.28278048780487647
1.5949999999999351 0.2828048780487789
1.595999999999935 0.28282926829268135
1.596999999999935 0.2828536585365838
1.5979999999999348 0.2828780487804862
1.5989999999999347 0.28290243902438866
1.5999999999999346 0.28292682926829105
1.6009999999999345 0.28295121951219354
1.6019999999999344 0.282975609756096
1.6029999999999343 0.28299999999999836
1.6039999999999341 0.2830243902439008
1.604999999999934 0.2830487804878033
1.605999999999934 0.28307317073170574
1.6069999999999338 0.2830975609756081
1.6079999999999337 0.28312195121951056
1.6089999999999336 0.28314634146341305
1.6099999999999335 0.28317073170731544
1.6109999999999334 0.2831951219512179
1.6119999999999333 0.2832195121951203
1.6129999999999332 0.28324390243902275
1.613999999999933 0.2832682926829252
1.614999999999933 0.28329268292682763
1.6159999999999328 0.28331707317073007
1.6169999999999327 0.2833414634146325
1.6179999999999326 0.28336585365853495
1.6189999999999325 0.2833902439024374
1.6199999999999324 0.2834146341463398
1.6209999999999323 0.28343902439024227
1.6219999999999322 0.2834634146341447
1.622999999999932 0.28348780487804714
1.623999999999932 0.28351219512194953
1.6249999999999318 0.283536585365852
1.6259999999999317 0.28356097560975446
1.6269999999999316 0.28358536585365685
1.6279999999999315 0.2836097560975593
1.6289999999999314 0.2836341463414618
1.6299999999999313 0.28365853658536416
1.6309999999999312 0.2836829268292666
1.631999999999931 0.28370731707316904
1.632999999999931 0.2837317073170715
1.6339999999999308 0.2837560975609739
1.6349999999999307 0.28378048780487636
1.6359999999999306 0.2838048780487788
1.6369999999999305 0.28382926829268124
1.6379999999999304 0.2838536585365837
1.6389999999999303 0.2838780487804861
1.6399999999999302 0.2839024390243885
1.64099999999993 0.283926829268291
1.64199999999993 0.28395121951219343
1.6429999999999298 0.28397560975609587
1.6439999999999297 0.28399999999999825
1.6449999999999296 0.28402439024390075
1.6459999999999295 0.2840487804878032
1.6469999999999294 0.28407317073170557
1.6479999999999293 0.284097560975608
1.6489999999999292 0.2841219512195105
1.649999999999929 0.2841463414634129
1.650999999999929 0.2841707317073153
1.6519999999999289 0.28419512195121777
1.6529999999999287 0.2842195121951202
1.6539999999999286 0.28424390243902264
1.6549999999999285 0.2842682926829251
1.6559999999999284 0.2842926829268275
1.6569999999999283 0.28431707317072996
1.6579999999999282 0.2843414634146324
1.658999999999928 0.28436585365853484
1.659999999999928 0.2843902439024373
1.6609999999999279 0.2844146341463397
1.6619999999999278 0.28443902439024216
1.6629999999999276 0.2844634146341446
1.6639999999999275 0.284487804878047
1.6649999999999274 0.2845121951219495
1.6659999999999273 0.2845365853658519
1.6669999999999272 0.2845609756097543
1.667999999999927 0.28458536585365674
1.668999999999927 0.28460975609755923
1.6699999999999269 0.2846341463414616
1.6709999999999268 0.28465853658536405
1.6719999999999267 0.2846829268292665
1.6729999999999265 0.28470731707316893
1.6739999999999264 0.28473170731707137
1.6749999999999263 0.2847560975609738
1.6759999999999262 0.28478048780487625
1.676999999999926 0.2848048780487787
1.677999999999926 0.2848292682926811
1.6789999999999259 0.28485365853658356
1.6799999999999258 0.284878048780486
1.6809999999999257 0.28490243902438844
1.6819999999999256 0.2849268292682909
1.6829999999999254 0.2849512195121933
1.6839999999999253 0.2849756097560957
1.6849999999999252 0.2849999999999982
1.6859999999999251 0.28502439024390064
1.686999999999925 0.285048780487803
1.687999999999925 0.28507317073170546
1.6889999999999248 0.28509756097560796
1.6899999999999247 0.28512195121951034
1.6909999999999246 0.2851463414634128
1.6919999999999245 0.2851707317073152
1.6929999999999243 0.28519512195121766
1.6939999999999242 0.2852195121951201
1.6949999999999241 0.28524390243902253
1.695999999999924 0.285268292682925
1.696999999999924 0.2852926829268274
1.6979999999999238 0.28531707317072985
1.6989999999999237 0.2853414634146323
1.6999999999999236 0.28536585365853473
1.7009999999999235 0.28539024390243717
1.7019999999999234 0.2854146341463396
1.7029999999999232 0.28543902439024205
1.7039999999999231 0.28546341463414443
1.704999999999923 0.2854878048780469
1.705999999999923 0.28551219512194936
1.7069999999999228 0.28553658536585175
1.7079999999999227 0.2855609756097542
1.7089999999999226 0.2855853658536567
1.7099999999999225 0.28560975609755906
1.7109999999999224 0.2856341463414615
1.7119999999999223 0.28565853658536394
1.7129999999999221 0.28568292682926644
1.713999999999922 0.2857073170731688
1.714999999999922 0.28573170731707126
1.7159999999999218 0.2857560975609737
1.7169999999999217 0.28578048780487614
1.7179999999999216 0.2858048780487786
1.7189999999999215 0.285829268292681
1.7199999999999214 0.28585365853658345
1.7209999999999213 0.2858780487804859
1.7219999999999211 0.28590243902438833
1.722999999999921 0.28592682926829077
1.723999999999921 0.28595121951219316
1.7249999999999208 0.28597560975609565
1.7259999999999207 0.2859999999999981
1.7269999999999206 0.2860243902439005
1.7279999999999205 0.2860487804878029
1.7289999999999204 0.2860731707317054
1.7299999999999203 0.2860975609756078
1.7309999999999202 0.28612195121951023
1.73199999999992 0.28614634146341267
1.73299999999992 0.28617073170731516
1.7339999999999198 0.28619512195121755
1.7349999999999197 0.28621951219512
1.7359999999999196 0.2862439024390224
1.7369999999999195 0.28626829268292486
1.7379999999999194 0.2862926829268273
1.7389999999999193 0.28631707317072974
1.7399999999999192 0.2863414634146322
1.740999999999919 0.2863658536585346
1.741999999999919 0.28639024390243706
1.7429999999999188 0.2864146341463395
1.7439999999999187 0.2864390243902419
1.7449999999999186 0.2864634146341444
1.7459999999999185 0.2864878048780468
1.7469999999999184 0.2865121951219492
1.7479999999999183 0.28653658536585164
1.7489999999999182 0.28656097560975413
1.749999999999918 0.28658536585365657
1.750999999999918 0.28660975609755895
1.7519999999999178 0.2866341463414614
1.7529999999999177 0.2866585365853639
1.7539999999999176 0.28668292682926627
1.7549999999999175 0.2867073170731687
1.7559999999999174 0.28673170731707115
1.7569999999999173 0.2867560975609736
1.7579999999999172 0.286780487804876
1.758999999999917 0.28680487804877847
1.759999999999917 0.2868292682926809
1.7609999999999169 0.28685365853658334
1.7619999999999167 0.2868780487804858
1.7629999999999166 0.2869024390243882
1.7639999999999165 0.2869268292682906
1.7649999999999164 0.2869512195121931
1.7659999999999163 0.28697560975609554
1.7669999999999162 0.2869999999999979
1.767999999999916 0.28702439024390036
1.768999999999916 0.28704878048780286
1.7699999999999159 0.2870731707317053
1.7709999999999158 0.2870975609756077
1.7719999999999156 0.2871219512195101
1.7729999999999155 0.2871463414634126
1.7739999999999154 0.287170731707315
1.7749999999999153 0.28719512195121744
1.7759999999999152 0.2872195121951199
1.776999999999915 0.2872439024390223
1.777999999999915 0.28726829268292475
1.7789999999999149 0.2872926829268272
1.7799999999999148 0.28731707317072963
1.7809999999999147 0.28734146341463207
1.7819999999999145 0.2873658536585345
1.7829999999999144 0.28739024390243695
1.7839999999999143 0.28741463414633933
1.7849999999999142 0.2874390243902418
1.785999999999914 0.28746341463414427
1.786999999999914 0.2874878048780467
1.7879999999999139 0.2875121951219491
1.7889999999999138 0.2875365853658516
1.7899999999999137 0.287560975609754
1.7909999999999136 0.2875853658536564
1.7919999999999134 0.28760975609755884
1.7929999999999133 0.28763414634146134
1.7939999999999132 0.2876585365853637
1.794999999999913 0.28768292682926616
1.795999999999913 0.2877073170731686
1.796999999999913 0.28773170731707104
1.7979999999999128 0.2877560975609735
1.7989999999999127 0.2877804878048759
1.7999999999999126 0.28780487804877836
1.8009999999999124 0.2878292682926808
1.8019999999999123 0.28785365853658323
1.8029999999999122 0.2878780487804857
1.8039999999999121 0.28790243902438806
1.804999999999912 0.28792682926829055
1.805999999999912 0.287951219512193
1.8069999999999118 0.28797560975609543
1.8079999999999117 0.2879999999999978
1.8089999999999116 0.2880243902439003
1.8099999999999115 0.28804878048780275
1.8109999999999113 0.28807317073170513
1.8119999999999112 0.28809756097560757
1.8129999999999111 0.28812195121951006
1.813999999999911 0.28814634146341245
1.814999999999911 0.2881707317073149
1.8159999999999108 0.2881951219512173
1.8169999999999107 0.28821951219511976
1.8179999999999106 0.2882439024390222
1.8189999999999105 0.28826829268292464
1.8199999999999104 0.2882926829268271
1.8209999999999102 0.2883170731707295
1.8219999999999101 0.28834146341463196
1.82299999999991 0.2883658536585344
1.82399999999991 0.28839024390243684
1.8249999999999098 0.2884146341463393
1.8259999999999097 0.2884390243902417
1.8269999999999096 0.28846341463414416
1.8279999999999095 0.28848780487804654
1.8289999999999094 0.28851219512194903
1.8299999999999093 0.2885365853658515
1.8309999999999091 0.28856097560975386
1.831999999999909 0.2885853658536563
1.832999999999909 0.2886097560975588
1.8339999999999088 0.2886341463414612
1.8349999999999087 0.2886585365853636
1.8359999999999086 0.28868292682926605
1.8369999999999085 0.2887073170731685
1.8379999999999084 0.28873170731707093
1.8389999999999083 0.28875609756097337
1.8399999999999082 0.2887804878048758
1.840999999999908 0.28880487804877825
1.841999999999908 0.2888292682926807
1.8429999999999078 0.2888536585365831
1.8439999999999077 0.28887804878048556
1.8449999999999076 0.288902439024388
1.8459999999999075 0.28892682926829044
1.8469999999999074 0.2889512195121929
1.8479999999999073 0.28897560975609526
1.8489999999999072 0.28899999999999776
1.849999999999907 0.2890243902439002
1.850999999999907 0.2890487804878026
1.8519999999999068 0.289073170731705
1.8529999999999067 0.2890975609756075
1.8539999999999066 0.2891219512195099
1.8549999999999065 0.28914634146341234
1.8559999999999064 0.2891707317073148
1.8569999999999063 0.2891951219512172
1.8579999999999062 0.28921951219511965
1.858999999999906 0.2892439024390221
1.859999999999906 0.28926829268292453
1.8609999999999058 0.28929268292682697
1.8619999999999057 0.2893170731707294
1.8629999999999056 0.28934146341463185
1.8639999999999055 0.2893658536585343
1.8649999999999054 0.28939024390243673
1.8659999999999053 0.28941463414633917
1.8669999999999052 0.2894390243902416
1.867999999999905 0.289463414634144
1.868999999999905 0.2894878048780465
1.8699999999999048 0.2895121951219489
1.8709999999999047 0.2895365853658513
1.8719999999999046 0.28956097560975375
1.8729999999999045 0.28958536585365624
1.8739999999999044 0.2896097560975586
1.8749999999999043 0.28963414634146106
1.8759999999999042 0.2896585365853635
1.876999999999904 0.289682926829266
1.877999999999904 0.2897073170731684
1.8789999999999039 0.2897317073170708
1.8799999999999037 0.28975609756097326
1.8809999999999036 0.2897804878048757
1.8819999999999035 0.28980487804877814
1.8829999999999034 0.2898292682926806
1.8839999999999033 0.289853658536583
1.8849999999999032 0.28987804878048545
1.885999999999903 0.2899024390243879
1.886999999999903 0.28992682926829033
1.8879999999999029 0.2899512195121927
1.8889999999999028 0.2899756097560952
1.8899999999999026 0.28999999999999765
1.8909999999999025 0.29002439024390003
1.8919999999999024 0.29004878048780247
1.8929999999999023 0.29007317073170497
1.8939999999999022 0.29009756097560735
1.894999999999902 0.2901219512195098
1.895999999999902 0.2901463414634122
1.8969999999999019 0.2901707317073147
1.8979999999999018 0.2901951219512171
1.8989999999999017 0.29021951219511954
1.8999999999999015 0.290243902439022
1.9009999999999014 0.2902682926829244
1.9019999999999013 0.29029268292682686
1.9029999999999012 0.2903170731707293
1.903999999999901 0.29034146341463174
1.904999999999901 0.2903658536585342
1.9059999999999009 0.2903902439024366
1.9069999999999008 0.29041463414633906
1.9079999999999007 0.29043902439024144
1.9089999999999006 0.29046341463414393
1.9099999999999004 0.2904878048780464
1.9109999999999003 0.29051219512194876
1.9119999999999002 0.2905365853658512
1.9129999999999001 0.2905609756097537
1.9139999999999 0.29058536585365613
1.9149999999999 0.2906097560975585
1.9159999999998998 0.29063414634146095
1.9169999999998997 0.29065853658536345
1.9179999999998996 0.29068292682926583
1.9189999999998995 0.29070731707316827
1.9199999999998993 0.2907317073170707
1.9209999999998992 0.29075609756097315
1.9219999999998991 0.2907804878048756
1.922999999999899 0.290804878048778
1.923999999999899 0.29082926829268047
1.9249999999998988 0.2908536585365829
1.9259999999998987 0.29087804878048534
1.9269999999998986 0.2909024390243878
