0.25 -0.0
0.251 9.756097560975618e-05
0.252 0.00019512195121951237
0.253 0.00029268292682926855
0.254 0.00039024390243902474
0.255 0.0004878048780487809
0.256 0.0005853658536585371
0.257 0.0006829268292682933
0.258 0.0007804878048780495
0.259 0.0008780487804878057
0.26 0.0009756097560975618
0.261 0.001073170731707318
0.262 0.0011707317073170742
0.263 0.0012682926829268304
0.264 0.0013658536585365866
0.265 0.0014634146341463428
0.266 0.001560975609756099
0.267 0.0016585365853658551
0.268 0.0017560975609756113
0.269 0.0018536585365853675
0.27 0.0019512195121951237
0.271 0.00204878048780488
0.272 0.002146341463414636
0.273 0.0022439024390243922
0.274 0.0023414634146341484
0.275 0.0024390243902439046
0.276 0.002536585365853661
0.277 0.002634146341463417
0.278 0.002731707317073173
0.279 0.0028292682926829293
0.28 0.0029268292682926855
0.281 0.0030243902439024417
0.28200000000000003 0.003121951219512198
0.28300000000000003 0.003219512195121954
0.28400000000000003 0.0033170731707317103
0.28500000000000003 0.0034146341463414664
0.28600000000000003 0.0035121951219512226
0.28700000000000003 0.003609756097560979
0.28800000000000003 0.003707317073170735
0.28900000000000003 0.003804878048780491
0.29000000000000004 0.0039024390243902474
0.29100000000000004 0.0040000000000000036
0.29200000000000004 0.00409756097560976
0.29300000000000004 0.004195121951219516
0.29400000000000004 0.004292682926829272
0.29500000000000004 0.004390243902439028
0.29600000000000004 0.0044878048780487845
0.29700000000000004 0.004585365853658541
0.29800000000000004 0.004682926829268297
0.29900000000000004 0.004780487804878053
0.30000000000000004 0.004878048780487809
0.30100000000000005 0.004975609756097565
0.30200000000000005 0.005073170731707322
0.30300000000000005 0.005170731707317078
0.30400000000000005 0.005268292682926834
0.30500000000000005 0.00536585365853659
0.30600000000000005 0.005463414634146346
0.30700000000000005 0.0055609756097561025
0.30800000000000005 0.005658536585365859
0.30900000000000005 0.005756097560975615
0.31000000000000005 0.005853658536585371
0.31100000000000005 0.005951219512195127
0.31200000000000006 0.006048780487804883
0.31300000000000006 0.00614634146341464
0.31400000000000006 0.006243902439024396
0.31500000000000006 0.006341463414634152
0.31600000000000006 0.006439024390243908
0.31700000000000006 0.006536585365853664
0.31800000000000006 0.0066341463414634205
0.31900000000000006 0.006731707317073177
0.32000000000000006 0.006829268292682933
0.32100000000000006 0.006926829268292689
0.32200000000000006 0.007024390243902445
0.32300000000000006 0.0071219512195122014
0.32400000000000007 0.007219512195121958
0.32500000000000007 0.007317073170731714
0.32600000000000007 0.00741463414634147
0.32700000000000007 0.007512195121951226
0.32800000000000007 0.007609756097560982
0.32900000000000007 0.0077073170731707386
0.33000000000000007 0.007804878048780495
0.33100000000000007 0.007902439024390251
0.3320000000000001 0.008000000000000007
0.3330000000000001 0.008097560975609763
0.3340000000000001 0.00819512195121952
0.3350000000000001 0.008292682926829276
0.3360000000000001 0.008390243902439032
0.3370000000000001 0.008487804878048788
0.3380000000000001 0.008585365853658544
0.3390000000000001 0.0086829268292683
0.3400000000000001 0.008780487804878057
0.3410000000000001 0.008878048780487813
0.3420000000000001 0.008975609756097569
0.3430000000000001 0.009073170731707325
0.3440000000000001 0.009170731707317081
0.3450000000000001 0.009268292682926838
0.3460000000000001 0.009365853658536594
0.3470000000000001 0.00946341463414635
0.3480000000000001 0.009560975609756106
0.3490000000000001 0.009658536585365862
0.3500000000000001 0.009756097560975618
0.3510000000000001 0.009853658536585375
0.3520000000000001 0.00995121951219513
0.3530000000000001 0.010048780487804887
0.3540000000000001 0.010146341463414643
0.3550000000000001 0.0102439024390244
0.3560000000000001 0.010341463414634156
0.3570000000000001 0.010439024390243912
0.3580000000000001 0.010536585365853668
0.3590000000000001 0.010634146341463424
0.3600000000000001 0.01073170731707318
0.3610000000000001 0.010829268292682936
0.3620000000000001 0.010926829268292693
0.3630000000000001 0.011024390243902449
0.3640000000000001 0.011121951219512205
0.3650000000000001 0.011219512195121961
0.3660000000000001 0.011317073170731717
0.3670000000000001 0.011414634146341474
0.3680000000000001 0.01151219512195123
0.3690000000000001 0.011609756097560986
0.3700000000000001 0.011707317073170742
0.3710000000000001 0.011804878048780498
0.3720000000000001 0.011902439024390254
0.3730000000000001 0.01200000000000001
0.3740000000000001 0.012097560975609767
0.3750000000000001 0.012195121951219523
0.3760000000000001 0.01229268292682928
0.3770000000000001 0.012390243902439035
0.3780000000000001 0.012487804878048792
0.3790000000000001 0.012585365853658548
0.3800000000000001 0.012682926829268304
0.3810000000000001 0.01278048780487806
0.3820000000000001 0.012878048780487816
0.3830000000000001 0.012975609756097573
0.3840000000000001 0.013073170731707329
0.3850000000000001 0.013170731707317085
0.3860000000000001 0.013268292682926841
0.3870000000000001 0.013365853658536597
0.3880000000000001 0.013463414634146353
0.3890000000000001 0.01356097560975611
0.3900000000000001 0.013658536585365866
0.3910000000000001 0.013756097560975622
0.3920000000000001 0.013853658536585378
0.3930000000000001 0.013951219512195134
0.39400000000000013 0.01404878048780489
0.39500000000000013 0.014146341463414647
0.39600000000000013 0.014243902439024403
0.39700000000000013 0.014341463414634159
0.39800000000000013 0.014439024390243915
0.39900000000000013 0.014536585365853671
0.40000000000000013 0.014634146341463428
0.40100000000000013 0.014731707317073184
0.40200000000000014 0.01482926829268294
0.40300000000000014 0.014926829268292696
0.40400000000000014 0.015024390243902452
0.40500000000000014 0.015121951219512209
0.40600000000000014 0.015219512195121965
0.40700000000000014 0.015317073170731721
0.40800000000000014 0.015414634146341477
0.40900000000000014 0.015512195121951233
0.41000000000000014 0.01560975609756099
0.41100000000000014 0.015707317073170746
0.41200000000000014 0.015804878048780502
0.41300000000000014 0.015902439024390258
0.41400000000000015 0.016000000000000014
0.41500000000000015 0.01609756097560977
0.41600000000000015 0.016195121951219527
0.41700000000000015 0.016292682926829283
0.41800000000000015 0.01639024390243904
0.41900000000000015 0.016487804878048795
0.42000000000000015 0.01658536585365855
0.42100000000000015 0.016682926829268308
0.42200000000000015 0.016780487804878064
0.42300000000000015 0.01687804878048782
0.42400000000000015 0.016975609756097576
0.42500000000000016 0.017073170731707332
0.42600000000000016 0.01717073170731709
0.42700000000000016 0.017268292682926845
0.42800000000000016 0.0173658536585366
0.42900000000000016 0.017463414634146357
0.43000000000000016 0.017560975609756113
0.43100000000000016 0.01765853658536587
0.43200000000000016 0.017756097560975626
0.43300000000000016 0.01785365853658538
0.43400000000000016 0.017951219512195138
0.43500000000000016 0.018048780487804894
0.43600000000000017 0.01814634146341465
0.43700000000000017 0.018243902439024406
0.43800000000000017 0.018341463414634163
0.43900000000000017 0.01843902439024392
0.44000000000000017 0.018536585365853675
0.44100000000000017 0.01863414634146343
0.44200000000000017 0.018731707317073187
0.44300000000000017 0.018829268292682944
0.4440000000000002 0.0189268292682927
0.4450000000000002 0.019024390243902456
0.4460000000000002 0.019121951219512212
0.4470000000000002 0.01921951219512197
0.4480000000000002 0.019317073170731724
0.4490000000000002 0.01941463414634148
0.4500000000000002 0.019512195121951237
0.4510000000000002 0.019609756097560993
0.4520000000000002 0.01970731707317075
0.4530000000000002 0.019804878048780505
0.4540000000000002 0.01990243902439026
0.4550000000000002 0.020000000000000018
0.4560000000000002 0.020097560975609774
0.4570000000000002 0.02019512195121953
0.4580000000000002 0.020292682926829286
0.4590000000000002 0.020390243902439043
0.4600000000000002 0.0204878048780488
0.4610000000000002 0.020585365853658555
0.4620000000000002 0.02068292682926831
0.4630000000000002 0.020780487804878067
0.4640000000000002 0.020878048780487823
0.4650000000000002 0.02097560975609758
0.4660000000000002 0.021073170731707336
0.4670000000000002 0.021170731707317092
0.4680000000000002 0.021268292682926848
0.4690000000000002 0.021365853658536604
0.4700000000000002 0.02146341463414636
0.4710000000000002 0.021560975609756117
0.4720000000000002 0.021658536585365873
0.4730000000000002 0.02175609756097563
0.4740000000000002 0.021853658536585385
0.4750000000000002 0.02195121951219514
0.4760000000000002 0.022048780487804898
0.4770000000000002 0.022146341463414654
0.4780000000000002 0.02224390243902441
0.4790000000000002 0.022341463414634166
0.4800000000000002 0.022439024390243922
0.4810000000000002 0.02253658536585368
0.4820000000000002 0.022634146341463435
0.4830000000000002 0.02273170731707319
0.4840000000000002 0.022829268292682947
0.4850000000000002 0.022926829268292703
0.4860000000000002 0.02302439024390246
0.4870000000000002 0.023121951219512216
0.4880000000000002 0.023219512195121972
0.4890000000000002 0.023317073170731728
0.4900000000000002 0.023414634146341484
0.4910000000000002 0.02351219512195124
0.4920000000000002 0.023609756097560997
0.4930000000000002 0.023707317073170753
0.4940000000000002 0.02380487804878051
0.4950000000000002 0.023902439024390265
0.4960000000000002 0.02400000000000002
0.4970000000000002 0.024097560975609778
0.4980000000000002 0.024195121951219534
0.4990000000000002 0.02429268292682929
0.5000000000000002 0.024390243902439046
0.5010000000000002 0.024487804878048802
0.5020000000000002 0.02458536585365856
0.5030000000000002 0.024682926829268315
0.5040000000000002 0.02478048780487807
0.5050000000000002 0.024878048780487827
0.5060000000000002 0.024975609756097583
0.5070000000000002 0.02507317073170734
0.5080000000000002 0.025170731707317096
0.5090000000000002 0.02526829268292685
0.5100000000000002 0.025365853658536608
0.5110000000000002 0.025463414634146364
0.5120000000000002 0.02556097560975612
0.5130000000000002 0.025658536585365876
0.5140000000000002 0.025756097560975633
0.5150000000000002 0.02585365853658539
0.5160000000000002 0.025951219512195145
0.5170000000000002 0.0260487804878049
0.5180000000000002 0.026146341463414657
0.5190000000000002 0.026243902439024414
0.5200000000000002 0.02634146341463417
0.5210000000000002 0.026439024390243926
0.5220000000000002 0.026536585365853682
0.5230000000000002 0.02663414634146344
0.5240000000000002 0.026731707317073194
0.5250000000000002 0.02682926829268295
0.5260000000000002 0.026926829268292707
0.5270000000000002 0.027024390243902463
0.5280000000000002 0.02712195121951222
0.5290000000000002 0.027219512195121975
0.5300000000000002 0.02731707317073173
0.5310000000000002 0.027414634146341488
0.5320000000000003 0.027512195121951244
0.5330000000000003 0.027609756097561
0.5340000000000003 0.027707317073170756
0.5350000000000003 0.027804878048780513
0.5360000000000003 0.02790243902439027
0.5370000000000003 0.028000000000000025
0.5380000000000003 0.02809756097560978
0.5390000000000003 0.028195121951219537
0.5400000000000003 0.028292682926829293
0.5410000000000003 0.02839024390243905
0.5420000000000003 0.028487804878048806
0.5430000000000003 0.028585365853658562
0.5440000000000003 0.028682926829268318
0.5450000000000003 0.028780487804878074
0.5460000000000003 0.02887804878048783
0.5470000000000003 0.028975609756097587
0.5480000000000003 0.029073170731707343
0.5490000000000003 0.0291707317073171
0.5500000000000003 0.029268292682926855
0.5510000000000003 0.02936585365853661
0.5520000000000003 0.029463414634146368
0.5530000000000003 0.029560975609756124
0.5540000000000003 0.02965853658536588
0.5550000000000003 0.029756097560975636
0.5560000000000003 0.029853658536585392
0.5570000000000003 0.02995121951219515
0.5580000000000003 0.030048780487804905
0.5590000000000003 0.03014634146341466
0.5600000000000003 0.030243902439024417
0.5610000000000003 0.030341463414634173
0.5620000000000003 0.03043902439024393
0.5630000000000003 0.030536585365853686
0.5640000000000003 0.030634146341463442
0.5650000000000003 0.030731707317073198
0.5660000000000003 0.030829268292682954
0.5670000000000003 0.03092682926829271
0.5680000000000003 0.031024390243902467
0.5690000000000003 0.031121951219512223
0.5700000000000003 0.03121951219512198
0.5710000000000003 0.031317073170731735
0.5720000000000003 0.03141463414634149
0.5730000000000003 0.03151219512195125
0.5740000000000003 0.031609756097561004
0.5750000000000003 0.03170731707317076
0.5760000000000003 0.031804878048780516
0.5770000000000003 0.03190243902439027
0.5780000000000003 0.03200000000000003
0.5790000000000003 0.032097560975609785
0.5800000000000003 0.03219512195121954
0.5810000000000003 0.0322926829268293
0.5820000000000003 0.03239024390243905
0.5830000000000003 0.03248780487804881
0.5840000000000003 0.032585365853658566
0.5850000000000003 0.03268292682926832
0.5860000000000003 0.03278048780487808
0.5870000000000003 0.032878048780487834
0.5880000000000003 0.03297560975609759
0.5890000000000003 0.033073170731707346
0.5900000000000003 0.0331707317073171
0.5910000000000003 0.03326829268292686
0.5920000000000003 0.033365853658536615
0.5930000000000003 0.03346341463414637
0.5940000000000003 0.03356097560975613
0.5950000000000003 0.033658536585365884
0.5960000000000003 0.03375609756097564
0.5970000000000003 0.033853658536585396
0.5980000000000003 0.03395121951219515
0.5990000000000003 0.03404878048780491
0.6000000000000003 0.034146341463414664
0.6010000000000003 0.03424390243902442
0.6020000000000003 0.03434146341463418
0.6030000000000003 0.03443902439024393
0.6040000000000003 0.03453658536585369
0.6050000000000003 0.034634146341463445
0.6060000000000003 0.0347317073170732
0.6070000000000003 0.03482926829268296
0.6080000000000003 0.034926829268292714
0.6090000000000003 0.03502439024390247
0.6100000000000003 0.035121951219512226
0.6110000000000003 0.03521951219512198
0.6120000000000003 0.03531707317073174
0.6130000000000003 0.035414634146341495
0.6140000000000003 0.03551219512195125
0.6150000000000003 0.03560975609756101
0.6160000000000003 0.03570731707317076
0.6170000000000003 0.03580487804878052
0.6180000000000003 0.035902439024390276
0.6190000000000003 0.03600000000000003
0.6200000000000003 0.03609756097560979
0.6210000000000003 0.036195121951219544
0.6220000000000003 0.0362926829268293
0.6230000000000003 0.03639024390243906
0.6240000000000003 0.03648780487804881
0.6250000000000003 0.03658536585365857
0.6260000000000003 0.036682926829268325
0.6270000000000003 0.03678048780487808
0.6280000000000003 0.03687804878048784
0.6290000000000003 0.036975609756097594
0.6300000000000003 0.03707317073170735
0.6310000000000003 0.037170731707317106
0.6320000000000003 0.03726829268292686
0.6330000000000003 0.03736585365853662
0.6340000000000003 0.037463414634146375
0.6350000000000003 0.03756097560975613
0.6360000000000003 0.03765853658536589
0.6370000000000003 0.03775609756097564
0.6380000000000003 0.0378536585365854
0.6390000000000003 0.037951219512195156
0.6400000000000003 0.03804878048780491
0.6410000000000003 0.03814634146341467
0.6420000000000003 0.038243902439024424
0.6430000000000003 0.03834146341463418
0.6440000000000003 0.03843902439024394
0.6450000000000004 0.03853658536585369
0.6460000000000004 0.03863414634146345
0.6470000000000004 0.038731707317073205
0.6480000000000004 0.03882926829268296
0.6490000000000004 0.03892682926829272
0.6500000000000004 0.039024390243902474
0.6510000000000004 0.03912195121951223
0.6520000000000004 0.039219512195121986
0.6530000000000004 0.03931707317073174
0.6540000000000004 0.0394146341463415
0.6550000000000004 0.039512195121951255
0.6560000000000004 0.03960975609756101
0.6570000000000004 0.03970731707317077
0.6580000000000004 0.03980487804878052
0.6590000000000004 0.03990243902439028
0.6600000000000004 0.040000000000000036
0.6610000000000004 0.04009756097560979
0.6620000000000004 0.04019512195121955
0.6630000000000004 0.040292682926829304
0.6640000000000004 0.04039024390243906
0.6650000000000004 0.040487804878048816
0.6660000000000004 0.04058536585365857
0.6670000000000004 0.04068292682926833
0.6680000000000004 0.040780487804878085
0.6690000000000004 0.04087804878048784
0.6700000000000004 0.0409756097560976
0.6710000000000004 0.041073170731707354
0.6720000000000004 0.04117073170731711
0.6730000000000004 0.041268292682926866
0.6740000000000004 0.04136585365853662
0.6750000000000004 0.04146341463414638
0.6760000000000004 0.041560975609756134
0.6770000000000004 0.04165853658536589
0.6780000000000004 0.04175609756097565
0.6790000000000004 0.0418536585365854
0.6800000000000004 0.04195121951219516
0.6810000000000004 0.042048780487804915
0.6820000000000004 0.04214634146341467
0.6830000000000004 0.04224390243902443
0.6840000000000004 0.042341463414634184
0.6850000000000004 0.04243902439024394
0.6860000000000004 0.042536585365853696
0.6870000000000004 0.04263414634146345
0.6880000000000004 0.04273170731707321
0.6890000000000004 0.042829268292682965
0.6900000000000004 0.04292682926829272
0.6910000000000004 0.04302439024390248
0.6920000000000004 0.04312195121951223
0.6930000000000004 0.04321951219512199
0.6940000000000004 0.043317073170731746
0.6950000000000004 0.0434146341463415
0.6960000000000004 0.04351219512195126
0.6970000000000004 0.043609756097561014
0.6980000000000004 0.04370731707317077
0.6990000000000004 0.04380487804878053
0.7000000000000004 0.04390243902439028
0.7010000000000004 0.04400000000000004
0.7020000000000004 0.044097560975609795
0.7030000000000004 0.04419512195121955
0.7040000000000004 0.04429268292682931
0.7050000000000004 0.044390243902439064
0.7060000000000004 0.04448780487804882
0.7070000000000004 0.044585365853658576
0.7080000000000004 0.04468292682926833
0.7090000000000004 0.04478048780487809
0.7100000000000004 0.044878048780487845
0.7110000000000004 0.0449756097560976
0.7120000000000004 0.04507317073170736
0.7130000000000004 0.04517073170731711
0.7140000000000004 0.04526829268292687
0.7150000000000004 0.045365853658536626
0.7160000000000004 0.04546341463414638
0.7170000000000004 0.04556097560975614
0.7180000000000004 0.045658536585365894
0.7190000000000004 0.04575609756097565
0.7200000000000004 0.04585365853658541
0.7210000000000004 0.04595121951219516
0.7220000000000004 0.04604878048780492
0.7230000000000004 0.046146341463414675
0.7240000000000004 0.04624390243902443
0.7250000000000004 0.04634146341463419
0.7260000000000004 0.046439024390243944
0.7270000000000004 0.0465365853658537
0.7280000000000004 0.046634146341463456
0.7290000000000004 0.04673170731707321
0.7300000000000004 0.04682926829268297
0.7310000000000004 0.046926829268292725
0.7320000000000004 0.04702439024390248
0.7330000000000004 0.04712195121951224
0.7340000000000004 0.04721951219512199
0.7350000000000004 0.04731707317073175
0.7360000000000004 0.047414634146341506
0.7370000000000004 0.04751219512195126
0.7380000000000004 0.04760975609756102
0.7390000000000004 0.047707317073170774
0.7400000000000004 0.04780487804878053
0.7410000000000004 0.047902439024390286
0.7420000000000004 0.04800000000000004
0.7430000000000004 0.0480975609756098
0.7440000000000004 0.048195121951219555
0.7450000000000004 0.04829268292682931
0.7460000000000004 0.04839024390243907
0.7470000000000004 0.048487804878048824
0.7480000000000004 0.04858536585365858
0.7490000000000004 0.048682926829268336
0.7500000000000004 0.04878048780487809
0.7510000000000004 0.04887804878048785
0.7520000000000004 0.048975609756097604
0.7530000000000004 0.04907317073170736
0.7540000000000004 0.04917073170731712
0.7550000000000004 0.04926829268292687
0.7560000000000004 0.04936585365853663
0.7570000000000005 0.049463414634146385
0.7580000000000005 0.04956097560975614
0.7590000000000005 0.0496585365853659
0.7600000000000005 0.049756097560975654
0.7610000000000005 0.04985365853658541
0.7620000000000005 0.049951219512195166
0.7630000000000005 0.05004878048780492
0.7640000000000005 0.05014634146341468
0.7650000000000005 0.050243902439024435
0.7660000000000005 0.05034146341463419
0.7670000000000005 0.05043902439024395
0.7680000000000005 0.0505365853658537
0.7690000000000005 0.05063414634146346
0.7700000000000005 0.050731707317073216
0.7710000000000005 0.05082926829268297
0.7720000000000005 0.05092682926829273
0.7730000000000005 0.051024390243902484
0.7740000000000005 0.05112195121951224
0.7750000000000005 0.051219512195122
0.7760000000000005 0.05131707317073175
0.7770000000000005 0.05141463414634151
0.7780000000000005 0.051512195121951265
0.7790000000000005 0.05160975609756102
0.7800000000000005 0.05170731707317078
0.7810000000000005 0.051804878048780534
0.7820000000000005 0.05190243902439029
0.7830000000000005 0.052000000000000046
0.7840000000000005 0.0520975609756098
0.7850000000000005 0.05219512195121956
0.7860000000000005 0.052292682926829315
0.7870000000000005 0.05239024390243907
0.7880000000000005 0.05248780487804883
0.7890000000000005 0.05258536585365858
0.7900000000000005 0.05268292682926834
0.7910000000000005 0.052780487804878096
0.7920000000000005 0.05287804878048785
0.7930000000000005 0.05297560975609761
0.7940000000000005 0.053073170731707364
0.7950000000000005 0.05317073170731712
0.7960000000000005 0.05326829268292688
0.7970000000000005 0.05336585365853663
0.7980000000000005 0.05346341463414639
0.7990000000000005 0.053560975609756145
0.8000000000000005 0.0536585365853659
0.8010000000000005 0.05375609756097566
0.8020000000000005 0.053853658536585414
0.8030000000000005 0.05395121951219517
0.8040000000000005 0.054048780487804926
0.8050000000000005 0.05414634146341468
0.8060000000000005 0.05424390243902444
0.8070000000000005 0.054341463414634195
0.8080000000000005 0.05443902439024395
0.8090000000000005 0.05453658536585371
0.8100000000000005 0.05463414634146346
0.8110000000000005 0.05473170731707322
0.8120000000000005 0.054829268292682976
0.8130000000000005 0.05492682926829273
0.8140000000000005 0.05502439024390249
0.8150000000000005 0.055121951219512244
0.8160000000000005 0.055219512195122
0.8170000000000005 0.055317073170731756
0.8180000000000005 0.05541463414634151
0.8190000000000005 0.05551219512195127
0.8200000000000005 0.055609756097561025
0.8210000000000005 0.05570731707317078
0.8220000000000005 0.05580487804878054
0.8230000000000005 0.055902439024390294
0.8240000000000005 0.05600000000000005
0.8250000000000005 0.056097560975609806
0.8260000000000005 0.05619512195121956
0.8270000000000005 0.05629268292682932
0.8280000000000005 0.056390243902439074
0.8290000000000005 0.05648780487804883
0.8300000000000005 0.05658536585365859
0.8310000000000005 0.05668292682926834
0.8320000000000005 0.0567804878048781
0.8330000000000005 0.056878048780487855
0.8340000000000005 0.05697560975609761
0.8350000000000005 0.05707317073170737
0.8360000000000005 0.057170731707317124
0.8370000000000005 0.05726829268292688
0.8380000000000005 0.057365853658536636
0.8390000000000005 0.05746341463414639
0.8400000000000005 0.05756097560975615
0.8410000000000005 0.057658536585365905
0.8420000000000005 0.05775609756097566
0.8430000000000005 0.05785365853658542
0.8440000000000005 0.05795121951219517
0.8450000000000005 0.05804878048780493
0.8460000000000005 0.058146341463414686
0.8470000000000005 0.05824390243902444
0.8480000000000005 0.0583414634146342
0.8490000000000005 0.058439024390243954
0.8500000000000005 0.05853658536585371
0.8510000000000005 0.05863414634146347
0.8520000000000005 0.05873170731707322
0.8530000000000005 0.05882926829268298
0.8540000000000005 0.058926829268292735
0.8550000000000005 0.05902439024390249
0.8560000000000005 0.05912195121951225
0.8570000000000005 0.059219512195122004
0.8580000000000005 0.05931707317073176
0.8590000000000005 0.059414634146341516
0.8600000000000005 0.05951219512195127
0.8610000000000005 0.05960975609756103
0.8620000000000005 0.059707317073170785
0.8630000000000005 0.05980487804878054
0.8640000000000005 0.0599024390243903
0.8650000000000005 0.06000000000000005
0.8660000000000005 0.06009756097560981
0.8670000000000005 0.060195121951219566
0.8680000000000005 0.06029268292682932
0.8690000000000005 0.06039024390243908
0.8700000000000006 0.060487804878048834
0.8710000000000006 0.06058536585365859
0.8720000000000006 0.06068292682926835
0.8730000000000006 0.0607804878048781
0.8740000000000006 0.06087804878048786
0.8750000000000006 0.060975609756097615
0.8760000000000006 0.06107317073170737
0.8770000000000006 0.06117073170731713
0.8780000000000006 0.061268292682926884
0.8790000000000006 0.06136585365853664
0.8800000000000006 0.061463414634146396
0.8810000000000006 0.06156097560975615
0.8820000000000006 0.06165853658536591
0.8830000000000006 0.061756097560975665
0.8840000000000006 0.06185365853658542
0.8850000000000006 0.06195121951219518
0.8860000000000006 0.06204878048780493
0.8870000000000006 0.06214634146341469
0.8880000000000006 0.062243902439024446
0.8890000000000006 0.0623414634146342
0.8900000000000006 0.06243902439024396
0.8910000000000006 0.06253658536585371
0.8920000000000006 0.06263414634146347
0.8930000000000006 0.06273170731707323
0.8940000000000006 0.06282926829268298
0.8950000000000006 0.06292682926829274
0.8960000000000006 0.0630243902439025
0.8970000000000006 0.06312195121951225
0.8980000000000006 0.06321951219512201
0.8990000000000006 0.06331707317073176
0.9000000000000006 0.06341463414634152
0.9010000000000006 0.06351219512195128
0.9020000000000006 0.06360975609756103
0.9030000000000006 0.06370731707317079
0.9040000000000006 0.06380487804878054
0.9050000000000006 0.0639024390243903
0.9060000000000006 0.06400000000000006
0.9070000000000006 0.06409756097560981
0.9080000000000006 0.06419512195121957
0.9090000000000006 0.06429268292682933
0.9100000000000006 0.06439024390243908
0.9110000000000006 0.06448780487804884
0.9120000000000006 0.0645853658536586
0.9130000000000006 0.06468292682926835
0.9140000000000006 0.0647804878048781
0.9150000000000006 0.06487804878048786
0.9160000000000006 0.06497560975609762
0.9170000000000006 0.06507317073170737
0.9180000000000006 0.06517073170731713
0.9190000000000006 0.06526829268292689
0.9200000000000006 0.06536585365853664
0.9210000000000006 0.0654634146341464
0.9220000000000006 0.06556097560975616
0.9230000000000006 0.06565853658536591
0.9240000000000006 0.06575609756097567
0.9250000000000006 0.06585365853658542
0.9260000000000006 0.06595121951219518
0.9270000000000006 0.06604878048780494
0.9280000000000006 0.06614634146341469
0.9290000000000006 0.06624390243902445
0.9300000000000006 0.0663414634146342
0.9310000000000006 0.06643902439024396
0.9320000000000006 0.06653658536585372
0.9330000000000006 0.06663414634146347
0.9340000000000006 0.06673170731707323
0.9350000000000006 0.06682926829268299
0.9360000000000006 0.06692682926829274
0.9370000000000006 0.0670243902439025
0.9380000000000006 0.06712195121951225
0.9390000000000006 0.06721951219512201
0.9400000000000006 0.06731707317073177
0.9410000000000006 0.06741463414634152
0.9420000000000006 0.06751219512195128
0.9430000000000006 0.06760975609756104
0.9440000000000006 0.06770731707317079
0.9450000000000006 0.06780487804878055
0.9460000000000006 0.0679024390243903
0.9470000000000006 0.06800000000000006
0.9480000000000006 0.06809756097560982
0.9490000000000006 0.06819512195121957
0.9500000000000006 0.06829268292682933
0.9510000000000006 0.06839024390243909
0.9520000000000006 0.06848780487804884
0.9530000000000006 0.0685853658536586
0.9540000000000006 0.06868292682926835
0.9550000000000006 0.06878048780487811
0.9560000000000006 0.06887804878048787
0.9570000000000006 0.06897560975609762
0.9580000000000006 0.06907317073170738
0.9590000000000006 0.06917073170731713
0.9600000000000006 0.06926829268292689
0.9610000000000006 0.06936585365853665
0.9620000000000006 0.0694634146341464
0.9630000000000006 0.06956097560975616
0.9640000000000006 0.06965853658536592
0.9650000000000006 0.06975609756097567
0.9660000000000006 0.06985365853658543
0.9670000000000006 0.06995121951219518
0.9680000000000006 0.07004878048780494
0.9690000000000006 0.0701463414634147
0.9700000000000006 0.07024390243902445
0.9710000000000006 0.07034146341463421
0.9720000000000006 0.07043902439024397
0.9730000000000006 0.07053658536585372
0.9740000000000006 0.07063414634146348
0.9750000000000006 0.07073170731707323
0.9760000000000006 0.07082926829268299
0.9770000000000006 0.07092682926829275
0.9780000000000006 0.0710243902439025
0.9790000000000006 0.07112195121951226
0.9800000000000006 0.07121951219512201
0.9810000000000006 0.07131707317073177
0.9820000000000007 0.07141463414634153
0.9830000000000007 0.07151219512195128
0.9840000000000007 0.07160975609756104
0.9850000000000007 0.0717073170731708
0.9860000000000007 0.07180487804878055
0.9870000000000007 0.07190243902439031
0.9880000000000007 0.07200000000000006
0.9890000000000007 0.07209756097560982
0.9900000000000007 0.07219512195121958
0.9910000000000007 0.07229268292682933
0.9920000000000007 0.07239024390243909
0.9930000000000007 0.07248780487804884
0.9940000000000007 0.0725853658536586
0.9950000000000007 0.07268292682926836
0.9960000000000007 0.07278048780487811
0.9970000000000007 0.07287804878048787
0.9980000000000007 0.07297560975609763
0.9990000000000007 0.07307317073170738
1.0000000000000007 0.07317073170731714
1.0010000000000006 0.07326829268292688
1.0020000000000004 0.07336585365853662
1.0030000000000003 0.07346341463414638
1.0040000000000002 0.07356097560975612
1.0050000000000001 0.07365853658536586
1.006 0.0737560975609756
1.007 0.07385365853658536
1.0079999999999998 0.0739512195121951
1.0089999999999997 0.07404878048780485
1.0099999999999996 0.07414634146341459
1.0109999999999995 0.07424390243902433
1.0119999999999993 0.07434146341463409
1.0129999999999992 0.07443902439024383
1.0139999999999991 0.07453658536585357
1.014999999999999 0.07463414634146331
1.015999999999999 0.07473170731707307
1.0169999999999988 0.07482926829268281
1.0179999999999987 0.07492682926829256
1.0189999999999986 0.0750243902439023
1.0199999999999985 0.07512195121951204
1.0209999999999984 0.0752195121951218
1.0219999999999982 0.07531707317073154
1.0229999999999981 0.07541463414634128
1.023999999999998 0.07551219512195102
1.024999999999998 0.07560975609756077
1.0259999999999978 0.07570731707317052
1.0269999999999977 0.07580487804878026
1.0279999999999976 0.07590243902439
1.0289999999999975 0.07599999999999975
1.0299999999999974 0.0760975609756095
1.0309999999999973 0.07619512195121925
1.0319999999999971 0.07629268292682899
1.032999999999997 0.07639024390243873
1.033999999999997 0.07648780487804847
1.0349999999999968 0.07658536585365823
1.0359999999999967 0.07668292682926797
1.0369999999999966 0.07678048780487771
1.0379999999999965 0.07687804878048746
1.0389999999999964 0.07697560975609721
1.0399999999999963 0.07707317073170696
1.0409999999999962 0.0771707317073167
1.041999999999996 0.07726829268292644
1.042999999999996 0.07736585365853618
1.0439999999999958 0.07746341463414594
1.0449999999999957 0.07756097560975568
1.0459999999999956 0.07765853658536542
1.0469999999999955 0.07775609756097517
1.0479999999999954 0.07785365853658492
1.0489999999999953 0.07795121951219466
1.0499999999999952 0.0780487804878044
1.050999999999995 0.07814634146341415
1.051999999999995 0.07824390243902389
1.0529999999999948 0.07834146341463365
1.0539999999999947 0.07843902439024339
1.0549999999999946 0.07853658536585313
1.0559999999999945 0.07863414634146287
1.0569999999999944 0.07873170731707263
1.0579999999999943 0.07882926829268237
1.0589999999999942 0.07892682926829211
1.059999999999994 0.07902439024390186
1.060999999999994 0.0791219512195116
1.0619999999999938 0.07921951219512136
1.0629999999999937 0.0793170731707311
1.0639999999999936 0.07941463414634084
1.0649999999999935 0.07951219512195058
1.0659999999999934 0.07960975609756032
1.0669999999999933 0.07970731707317008
1.0679999999999932 0.07980487804877982
1.068999999999993 0.07990243902438957
1.069999999999993 0.07999999999999931
1.0709999999999928 0.08009756097560906
1.0719999999999927 0.0801951219512188
1.0729999999999926 0.08029268292682855
1.0739999999999925 0.08039024390243829
1.0749999999999924 0.08048780487804803
1.0759999999999923 0.08058536585365779
1.0769999999999922 0.08068292682926753
1.077999999999992 0.08078048780487727
1.078999999999992 0.08087804878048702
1.0799999999999919 0.08097560975609677
1.0809999999999917 0.08107317073170651
1.0819999999999916 0.08117073170731626
1.0829999999999915 0.081268292682926
1.0839999999999914 0.08136585365853574
1.0849999999999913 0.0814634146341455
1.0859999999999912 0.08156097560975524
1.086999999999991 0.08165853658536498
1.087999999999991 0.08175609756097472
1.0889999999999909 0.08185365853658448
1.0899999999999908 0.08195121951219422
1.0909999999999906 0.08204878048780397
1.0919999999999905 0.08214634146341371
1.0929999999999904 0.08224390243902345
1.0939999999999903 0.0823414634146332
1.0949999999999902 0.08243902439024295
1.09599999999999 0.08253658536585269
1.09699999999999 0.08263414634146243
1.0979999999999899 0.08273170731707219
1.0989999999999898 0.08282926829268193
1.0999999999999897 0.08292682926829167
1.1009999999999895 0.08302439024390142
1.1019999999999894 0.08312195121951116
1.1029999999999893 0.08321951219512091
1.1039999999999892 0.08331707317073066
1.104999999999989 0.0834146341463404
1.105999999999989 0.08351219512195014
1.1069999999999889 0.08360975609755988
1.1079999999999888 0.08370731707316964
1.1089999999999887 0.08380487804877938
1.1099999999999886 0.08390243902438912
1.1109999999999884 0.08399999999999887
1.1119999999999883 0.08409756097560862
1.1129999999999882 0.08419512195121837
1.113999999999988 0.08429268292682811
1.114999999999988 0.08439024390243785
1.115999999999988 0.08448780487804759
1.1169999999999878 0.08458536585365735
1.1179999999999877 0.08468292682926709
1.1189999999999876 0.08478048780487683
1.1199999999999875 0.08487804878048658
1.1209999999999873 0.08497560975609633
1.1219999999999872 0.08507317073170607
1.1229999999999871 0.08517073170731582
1.123999999999987 0.08526829268292556
1.124999999999987 0.0853658536585353
1.1259999999999868 0.08546341463414506
1.1269999999999867 0.0855609756097548
1.1279999999999866 0.08565853658536454
1.1289999999999865 0.08575609756097428
1.1299999999999863 0.08585365853658404
1.1309999999999862 0.08595121951219378
1.1319999999999861 0.08604878048780353
1.132999999999986 0.08614634146341327
1.133999999999986 0.08624390243902301
1.1349999999999858 0.08634146341463277
1.1359999999999857 0.08643902439024251
1.1369999999999856 0.08653658536585225
1.1379999999999855 0.08663414634146199
1.1389999999999854 0.08673170731707175
1.1399999999999852 0.08682926829268149
1.1409999999999851 0.08692682926829123
1.141999999999985 0.08702439024390098
1.142999999999985 0.08712195121951072
1.1439999999999848 0.08721951219512047
1.1449999999999847 0.08731707317073022
1.1459999999999846 0.08741463414633996
1.1469999999999845 0.0875121951219497
1.1479999999999844 0.08760975609755944
1.1489999999999843 0.0877073170731692
1.1499999999999841 0.08780487804877894
1.150999999999984 0.08790243902438868
1.151999999999984 0.08799999999999843
1.1529999999999838 0.08809756097560818
1.1539999999999837 0.08819512195121793
1.1549999999999836 0.08829268292682767
1.1559999999999835 0.08839024390243741
1.1569999999999834 0.08848780487804715
1.1579999999999833 0.08858536585365691
1.1589999999999832 0.08868292682926665
1.159999999999983 0.08878048780487639
1.160999999999983 0.08887804878048614
1.1619999999999828 0.08897560975609589
1.1629999999999827 0.08907317073170563
1.1639999999999826 0.08917073170731538
1.1649999999999825 0.08926829268292512
1.1659999999999824 0.08936585365853486
1.1669999999999823 0.08946341463414462
1.1679999999999822 0.08956097560975436
1.168999999999982 0.0896585365853641
1.169999999999982 0.08975609756097384
1.1709999999999818 0.0898536585365836
1.1719999999999817 0.08995121951219334
1.1729999999999816 0.09004878048780308
1.1739999999999815 0.09014634146341283
1.1749999999999814 0.09024390243902257
1.1759999999999813 0.09034146341463233
1.1769999999999812 0.09043902439024207
1.177999999999981 0.09053658536585181
1.178999999999981 0.09063414634146155
1.1799999999999808 0.09073170731707131
1.1809999999999807 0.09082926829268105
1.1819999999999806 0.09092682926829079
1.1829999999999805 0.09102439024390054
1.1839999999999804 0.09112195121951028
1.1849999999999803 0.09121951219512003
1.1859999999999802 0.09131707317072978
1.18699999999998 0.09141463414633952
1.18799999999998 0.09151219512194926
1.1889999999999799 0.091609756097559
1.1899999999999797 0.09170731707316876
1.1909999999999796 0.0918048780487785
1.1919999999999795 0.09190243902438824
1.1929999999999794 0.09199999999999799
1.1939999999999793 0.09209756097560774
1.1949999999999792 0.09219512195121748
1.195999999999979 0.09229268292682723
1.196999999999979 0.09239024390243697
1.1979999999999789 0.09248780487804671
1.1989999999999787 0.09258536585365647
1.1999999999999786 0.09268292682926621
1.2009999999999785 0.09278048780487595
1.2019999999999784 0.0928780487804857
1.2029999999999783 0.09297560975609545
1.2039999999999782 0.0930731707317052
1.204999999999978 0.09317073170731494
1.205999999999978 0.09326829268292468
1.2069999999999779 0.09336585365853442
1.2079999999999778 0.09346341463414418
1.2089999999999776 0.09356097560975392
1.2099999999999775 0.09365853658536366
1.2109999999999774 0.0937560975609734
1.2119999999999773 0.09385365853658316
1.2129999999999772 0.0939512195121929
1.213999999999977 0.09404878048780264
1.214999999999977 0.09414634146341239
1.2159999999999769 0.09424390243902213
1.2169999999999768 0.09434146341463188
1.2179999999999767 0.09443902439024163
1.2189999999999765 0.09453658536585137
1.2199999999999764 0.09463414634146111
1.2209999999999763 0.09473170731707087
1.2219999999999762 0.09482926829268061
1.222999999999976 0.09492682926829035
1.223999999999976 0.0950243902439001
1.2249999999999759 0.09512195121950984
1.2259999999999758 0.0952195121951196
1.2269999999999757 0.09531707317072934
1.2279999999999756 0.09541463414633908
1.2289999999999754 0.09551219512194882
1.2299999999999753 0.09560975609755856
1.2309999999999752 0.09570731707316832
1.2319999999999751 0.09580487804877806
1.232999999999975 0.0959024390243878
1.233999999999975 0.09599999999999755
1.2349999999999748 0.0960975609756073
1.2359999999999747 0.09619512195121704
1.2369999999999746 0.09629268292682679
1.2379999999999745 0.09639024390243653
1.2389999999999743 0.09648780487804627
1.2399999999999742 0.09658536585365603
1.2409999999999741 0.09668292682926577
1.241999999999974 0.09678048780487551
1.242999999999974 0.09687804878048525
1.2439999999999738 0.09697560975609501
1.2449999999999737 0.09707317073170475
1.2459999999999736 0.0971707317073145
1.2469999999999735 0.09726829268292424
1.2479999999999734 0.09736585365853398
1.2489999999999732 0.09746341463414374
1.2499999999999731 0.09756097560975348
1.250999999999973 0.09765853658536322
1.251999999999973 0.09775609756097296
1.2529999999999728 0.09785365853658272
1.2539999999999727 0.09795121951219246
1.2549999999999726 0.0980487804878022
1.2559999999999725 0.09814634146341195
1.2569999999999724 0.09824390243902169
1.2579999999999723 0.09834146341463144
1.2589999999999721 0.09843902439024119
1.259999999999972 0.09853658536585093
1.260999999999972 0.09863414634146067
1.2619999999999718 0.09873170731707043
1.2629999999999717 0.09882926829268017
1.2639999999999716 0.09892682926828991
1.2649999999999715 0.09902439024389965
1.2659999999999714 0.0991219512195094
1.2669999999999713 0.09921951219511915
1.2679999999999712 0.0993170731707289
1.268999999999971 0.09941463414633864
1.269999999999971 0.09951219512194838
1.2709999999999708 0.09960975609755812
1.2719999999999707 0.09970731707316788
1.2729999999999706 0.09980487804877762
1.2739999999999705 0.09990243902438736
1.2749999999999704 0.0999999999999971
1.2759999999999703 0.10009756097560686
1.2769999999999702 0.1001951219512166
1.27799999999997 0.10029268292682635
1.27899999999997 0.10039024390243609
1.2799999999999698 0.10048780487804583
1.2809999999999697 0.10058536585365559
1.2819999999999696 0.10068292682926533
1.2829999999999695 0.10078048780487507
1.2839999999999694 0.10087804878048481
1.2849999999999693 0.10097560975609457
1.2859999999999692 0.10107317073170431
1.286999999999969 0.10117073170731405
1.287999999999969 0.1012682926829238
1.2889999999999688 0.10136585365853354
1.2899999999999687 0.1014634146341433
1.2909999999999686 0.10156097560975304
1.2919999999999685 0.10165853658536278
1.2929999999999684 0.10175609756097252
1.2939999999999683 0.10185365853658228
1.2949999999999682 0.10195121951219202
1.295999999999968 0.10204878048780176
1.296999999999968 0.1021463414634115
1.2979999999999678 0.10224390243902125
1.2989999999999677 0.102341463414631
1.2999999999999676 0.10243902439024075
1.3009999999999675 0.10253658536585049
1.3019999999999674 0.10263414634146023
1.3029999999999673 0.10273170731706999
1.3039999999999672 0.10282926829267973
1.304999999999967 0.10292682926828947
1.305999999999967 0.10302439024389921
1.3069999999999669 0.10312195121950896
1.3079999999999667 0.10321951219511871
1.3089999999999666 0.10331707317072845
1.3099999999999665 0.1034146341463382
1.3109999999999664 0.10351219512194794
1.3119999999999663 0.10360975609755768
1.3129999999999662 0.10370731707316744
1.313999999999966 0.10380487804877718
1.314999999999966 0.10390243902438692
1.3159999999999659 0.10399999999999666
1.3169999999999658 0.10409756097560642
1.3179999999999656 0.10419512195121616
1.3189999999999655 0.1042926829268259
1.3199999999999654 0.10439024390243565
1.3209999999999653 0.10448780487804539
1.3219999999999652 0.10458536585365515
1.322999999999965 0.10468292682926489
1.323999999999965 0.10478048780487463
1.3249999999999649 0.10487804878048437
1.3259999999999648 0.10497560975609413
1.3269999999999647 0.10507317073170387
1.3279999999999645 0.10517073170731361
1.3289999999999644 0.10526829268292336
1.3299999999999643 0.1053658536585331
1.3309999999999642 0.10546341463414285
1.331999999999964 0.1055609756097526
1.332999999999964 0.10565853658536234
1.3339999999999639 0.10575609756097208
1.3349999999999638 0.10585365853658184
1.3359999999999637 0.10595121951219158
1.3369999999999636 0.10604878048780132
1.3379999999999634 0.10614634146341106
1.3389999999999633 0.10624390243902081
1.3399999999999632 0.10634146341463056
1.340999999999963 0.1064390243902403
1.341999999999963 0.10653658536585005
1.342999999999963 0.10663414634145979
1.3439999999999628 0.10673170731706955
1.3449999999999627 0.10682926829267929
1.3459999999999626 0.10692682926828903
1.3469999999999624 0.10702439024389877
1.3479999999999623 0.10712195121950852
1.3489999999999622 0.10721951219511827
1.3499999999999621 0.10731707317072801
1.350999999999962 0.10741463414633776
1.351999999999962 0.1075121951219475
1.3529999999999618 0.10760975609755724
1.3539999999999617 0.107707317073167
1.3549999999999616 0.10780487804877674
1.3559999999999615 0.10790243902438648
1.3569999999999613 0.10799999999999622
1.3579999999999612 0.10809756097560598
1.3589999999999611 0.10819512195121572
1.359999999999961 0.10829268292682546
1.360999999999961 0.10839024390243521
1.3619999999999608 0.10848780487804495
1.3629999999999607 0.1085853658536547
1.3639999999999606 0.10868292682926445
1.3649999999999605 0.10878048780487419
1.3659999999999604 0.10887804878048393
1.3669999999999602 0.10897560975609369
1.3679999999999601 0.10907317073170343
1.36899999999996 0.10917073170731317
1.36999999999996 0.10926829268292292
1.3709999999999598 0.10936585365853266
1.3719999999999597 0.10946341463414241
1.3729999999999596 0.10956097560975216
1.3739999999999595 0.1096585365853619
1.3749999999999594 0.10975609756097164
1.3759999999999593 0.1098536585365814
1.3769999999999591 0.10995121951219114
1.377999999999959 0.11004878048780088
1.378999999999959 0.11014634146341062
1.3799999999999588 0.11024390243902037
1.3809999999999587 0.11034146341463012
1.3819999999999586 0.11043902439023986
1.3829999999999585 0.11053658536584961
1.3839999999999584 0.11063414634145935
1.3849999999999583 0.1107317073170691
1.3859999999999582 0.11082926829267885
1.386999999999958 0.11092682926828859
1.387999999999958 0.11102439024389833
1.3889999999999578 0.11112195121950807
1.3899999999999577 0.11121951219511783
1.3909999999999576 0.11131707317072757
1.3919999999999575 0.11141463414633732
1.3929999999999574 0.11151219512194706
1.3939999999999573 0.1116097560975568
1.3949999999999572 0.11170731707316656
1.395999999999957 0.1118048780487763
1.396999999999957 0.11190243902438604
1.3979999999999568 0.11199999999999578
1.3989999999999567 0.11209756097560554
1.3999999999999566 0.11219512195121528
1.4009999999999565 0.11229268292682502
1.4019999999999564 0.11239024390243477
1.4029999999999563 0.11248780487804451
1.4039999999999562 0.11258536585365427
1.404999999999956 0.11268292682926401
1.405999999999956 0.11278048780487375
1.4069999999999558 0.11287804878048349
1.4079999999999557 0.11297560975609325
1.4089999999999556 0.11307317073170299
1.4099999999999555 0.11317073170731273
1.4109999999999554 0.11326829268292248
1.4119999999999553 0.11336585365853222
1.4129999999999552 0.11346341463414197
1.413999999999955 0.11356097560975172
1.414999999999955 0.11365853658536146
1.4159999999999549 0.1137560975609712
1.4169999999999547 0.11385365853658096
1.4179999999999546 0.1139512195121907
1.4189999999999545 0.11404878048780044
1.4199999999999544 0.11414634146341018
1.4209999999999543 0.11424390243901993
1.4219999999999542 0.11434146341462968
1.422999999999954 0.11443902439023942
1.423999999999954 0.11453658536584917
1.4249999999999539 0.11463414634145891
1.4259999999999537 0.11473170731706867
1.4269999999999536 0.11482926829267841
1.4279999999999535 0.11492682926828815
1.4289999999999534 0.11502439024389789
1.4299999999999533 0.11512195121950763
1.4309999999999532 0.11521951219511739
1.431999999999953 0.11531707317072713
1.432999999999953 0.11541463414633688
1.4339999999999529 0.11551219512194662
1.4349999999999528 0.11560975609755636
1.4359999999999526 0.11570731707316612
1.4369999999999525 0.11580487804877586
1.4379999999999524 0.1159024390243856
1.4389999999999523 0.11599999999999534
1.4399999999999522 0.1160975609756051
1.440999999999952 0.11619512195121484
1.441999999999952 0.11629268292682458
1.4429999999999519 0.11639024390243433
1.4439999999999518 0.11648780487804407
1.4449999999999517 0.11658536585365382
1.4459999999999515 0.11668292682926357
1.4469999999999514 0.11678048780487331
1.4479999999999513 0.11687804878048305
1.4489999999999512 0.11697560975609281
1.449999999999951 0.11707317073170255
1.450999999999951 0.11717073170731229
1.4519999999999509 0.11726829268292203
1.4529999999999508 0.11736585365853178
1.4539999999999507 0.11746341463414153
1.4549999999999506 0.11756097560975128
1.4559999999999504 0.11765853658536102
1.4569999999999503 0.11775609756097076
1.4579999999999502 0.11785365853658052
1.4589999999999501 0.11795121951219026
1.45999999999995 0.1180487804878
1.46099999999995 0.11814634146340974
1.4619999999999498 0.11824390243901949
1.4629999999999497 0.11834146341462924
1.4639999999999496 0.11843902439023898
1.4649999999999495 0.11853658536584873
1.4659999999999493 0.11863414634145847
1.4669999999999492 0.11873170731706822
1.4679999999999491 0.11882926829267797
1.468999999999949 0.11892682926828771
1.469999999999949 0.11902439024389745
1.4709999999999488 0.1191219512195072
1.4719999999999487 0.11921951219511695
1.4729999999999486 0.11931707317072669
1.4739999999999485 0.11941463414633643
1.4749999999999484 0.11951219512194618
1.4759999999999482 0.11960975609755592
1.4769999999999481 0.11970731707316568
1.477999999999948 0.11980487804877542
1.478999999999948 0.11990243902438516
1.4799999999999478 0.1199999999999949
1.4809999999999477 0.12009756097560466
1.4819999999999476 0.1201951219512144
1.4829999999999475 0.12029268292682414
1.4839999999999474 0.12039024390243389
1.4849999999999473 0.12048780487804363
1.4859999999999471 0.12058536585365338
1.486999999999947 0.12068292682926313
1.487999999999947 0.12078048780487287
1.4889999999999468 0.12087804878048261
1.4899999999999467 0.12097560975609237
1.4909999999999466 0.12107317073170211
1.4919999999999465 0.12117073170731185
1.4929999999999464 0.1212682926829216
1.4939999999999463 0.12136585365853134
1.4949999999999461 0.12146341463414109
1.495999999999946 0.12156097560975083
1.496999999999946 0.12165853658536058
1.4979999999999458 0.12175609756097032
1.4989999999999457 0.12185365853658008
1.4999999999999456 0.12195121951218982
1.5009999999999455 0.12204878048779956
1.5019999999999454 0.1221463414634093
1.5029999999999453 0.12224390243901904
1.5039999999999452 0.1223414634146288
1.504999999999945 0.12243902439023854
1.505999999999945 0.12253658536584829
1.5069999999999448 0.12263414634145803
1.5079999999999447 0.12273170731706778
1.5089999999999446 0.12282926829267753
1.5099999999999445 0.12292682926828727
1.5109999999999444 0.12302439024389701
1.5119999999999443 0.12312195121950675
1.5129999999999442 0.12321951219511651
1.513999999999944 0.12331707317072625
1.514999999999944 0.123414634146336
1.5159999999999438 0.12351219512194574
1.5169999999999437 0.12360975609755548
1.5179999999999436 0.12370731707316523
1.5189999999999435 0.12380487804877498
1.5199999999999434 0.12390243902438472
1.5209999999999433 0.12399999999999446
1.5219999999999432 0.12409756097560422
1.522999999999943 0.12419512195121396
1.523999999999943 0.1242926829268237
1.5249999999999428 0.12439024390243344
1.5259999999999427 0.12448780487804319
1.5269999999999426 0.12458536585365294
1.5279999999999425 0.12468292682926269
1.5289999999999424 0.12478048780487243
1.5299999999999423 0.12487804878048217
1.5309999999999422 0.12497560975609193
1.531999999999942 0.12507317073170166
1.532999999999942 0.1251707317073114
1.5339999999999419 0.12526829268292117
1.5349999999999417 0.1253658536585309
1.5359999999999416 0.12546341463414065
1.5369999999999415 0.12556097560975038
1.5379999999999414 0.12565853658536014
1.5389999999999413 0.1257560975609699
1.5399999999999412 0.12585365853657962
1.540999999999941 0.12595121951218938
1.541999999999941 0.1260487804877991
1.5429999999999409 0.12614634146340886
1.5439999999999408 0.12624390243901862
1.5449999999999406 0.12634146341462835
1.5459999999999405 0.1264390243902381
1.5469999999999404 0.12653658536584786
1.5479999999999403 0.1266341463414576
1.5489999999999402 0.12673170731706734
1.54999999999994 0.12682926829267707
1.55099999999994 0.12692682926828683
1.5519999999999399 0.12702439024389658
1.5529999999999398 0.1271219512195063
1.5539999999999397 0.12721951219511607
1.5549999999999395 0.1273170731707258
1.5559999999999394 0.12741463414633555
1.5569999999999393 0.1275121951219453
1.5579999999999392 0.12760975609755504
1.558999999999939 0.1277073170731648
1.559999999999939 0.12780487804877452
1.5609999999999389 0.12790243902438428
1.5619999999999388 0.12799999999999404
1.5629999999999387 0.12809756097560376
1.5639999999999386 0.12819512195121352
1.5649999999999384 0.12829268292682328
1.5659999999999383 0.128390243902433
1.5669999999999382 0.12848780487804276
1.567999999999938 0.1285853658536525
1.568999999999938 0.12868292682926225
1.569999999999938 0.128780487804872
1.5709999999999378 0.12887804878048173
1.5719999999999377 0.12897560975609149
1.5729999999999376 0.12907317073170121
1.5739999999999374 0.12917073170731097
1.5749999999999373 0.12926829268292073
1.5759999999999372 0.12936585365853046
1.5769999999999371 0.1294634146341402
1.577999999999937 0.12956097560974994
1.578999999999937 0.1296585365853597
1.5799999999999368 0.12975609756096945
1.5809999999999367 0.12985365853657918
1.5819999999999366 0.12995121951218894
1.5829999999999365 0.13004878048779867
1.5839999999999363 0.13014634146340842
1.5849999999999362 0.13024390243901818
1.5859999999999361 0.1303414634146279
1.586999999999936 0.13043902439023766
1.587999999999936 0.13053658536584742
1.5889999999999358 0.13063414634145715
1.5899999999999357 0.1307317073170669
1.5909999999999356 0.13082926829267663
1.5919999999999355 0.1309268292682864
1.5929999999999354 0.13102439024389614
1.5939999999999352 0.13112195121950587
1.5949999999999351 0.13121951219511563
1.595999999999935 0.13131707317072536
1.596999999999935 0.1314146341463351
1.5979999999999348 0.13151219512194487
1.5989999999999347 0.1316097560975546
1.5999999999999346 0.13170731707316435
1.6009999999999345 0.13180487804877408
1.6019999999999344 0.13190243902438384
1.6029999999999343 0.1319999999999936
1.6039999999999341 0.13209756097560332
1.604999999999934 0.13219512195121308
1.605999999999934 0.13229268292682284
1.6069999999999338 0.13239024390243256
1.6079999999999337 0.13248780487804232
1.6089999999999336 0.13258536585365205
1.6099999999999335 0.1326829268292618
1.6109999999999334 0.13278048780487156
1.6119999999999333 0.1328780487804813
1.6129999999999332 0.13297560975609105
1.613999999999933 0.13307317073170077
1.614999999999933 0.13317073170731053
1.6159999999999328 0.1332682926829203
1.6169999999999327 0.13336585365853001
1.6179999999999326 0.13346341463413977
1.6189999999999325 0.1335609756097495
1.6199999999999324 0.13365853658535926
1.6209999999999323 0.133756097560969
1.6219999999999322 0.13385365853657874
1.622999999999932 0.1339512195121885
1.623999999999932 0.13404878048779822
1.6249999999999318 0.13414634146340798
1.6259999999999317 0.13424390243901774
1.6269999999999316 0.13434146341462747
1.6279999999999315 0.13443902439023722
1.6289999999999314 0.13453658536584698
1.6299999999999313 0.1346341463414567
1.6309999999999312 0.13473170731706646
1.631999999999931 0.1348292682926762
1.632999999999931 0.13492682926828595
1.6339999999999308 0.1350243902438957
1.6349999999999307 0.13512195121950543
1.6359999999999306 0.1352195121951152
1.6369999999999305 0.13531707317072492
1.6379999999999304 0.13541463414633467
1.6389999999999303 0.13551219512194443
1.6399999999999302 0.13560975609755416
1.64099999999993 0.1357073170731639
1.64199999999993 0.13580487804877364
1.6429999999999298 0.1359024390243834
1.6439999999999297 0.13599999999999315
1.6449999999999296 0.13609756097560288
1.6459999999999295 0.13619512195121264
1.6469999999999294 0.1362926829268224
1.6479999999999293 0.13639024390243212
1.6489999999999292 0.13648780487804188
1.649999999999929 0.1365853658536516
1.650999999999929 0.13668292682926136
1.6519999999999289 0.13678048780487112
1.6529999999999287 0.13687804878048085
1.6539999999999286 0.1369756097560906
1.6549999999999285 0.13707317073170033
1.6559999999999284 0.1371707317073101
1.6569999999999283 0.13726829268291985
1.6579999999999282 0.13736585365852957
1.658999999999928 0.13746341463413933
1.659999999999928 0.13756097560974906
1.6609999999999279 0.13765853658535881
1.6619999999999278 0.13775609756096857
1.6629999999999276 0.1378536585365783
1.6639999999999275 0.13795121951218806
1.6649999999999274 0.13804878048779778
1.6659999999999273 0.13814634146340754
1.6669999999999272 0.1382439024390173
1.667999999999927 0.13834146341462703
1.668999999999927 0.13843902439023678
1.6699999999999269 0.13853658536584654
1.6709999999999268 0.13863414634145627
1.6719999999999267 0.13873170731706602
1.6729999999999265 0.13882926829267575
1.6739999999999264 0.1389268292682855
1.6749999999999263 0.13902439024389526
1.6759999999999262 0.139121951219505
1.676999999999926 0.13921951219511475
1.677999999999926 0.13931707317072448
1.6789999999999259 0.13941463414633423
1.6799999999999258 0.139512195121944
1.6809999999999257 0.13960975609755372
1.6819999999999256 0.13970731707316347
1.6829999999999254 0.1398048780487732
1.6839999999999253 0.13990243902438296
1.6849999999999252 0.1399999999999927
1.6859999999999251 0.14009756097560244
1.686999999999925 0.1401951219512122
1.687999999999925 0.14029268292682195
1.6889999999999248 0.14039024390243168
1.6899999999999247 0.14048780487804144
1.6909999999999246 0.14058536585365117
1.6919999999999245 0.14068292682926092
1.6929999999999243 0.14078048780487068
1.6939999999999242 0.1408780487804804
1.6949999999999241 0.14097560975609016
1.695999999999924 0.1410731707316999
1.696999999999924 0.14117073170730965
1.6979999999999238 0.1412682926829194
1.6989999999999237 0.14136585365852913
1.6999999999999236 0.1414634146341389
1.7009999999999235 0.14156097560974862
1.7019999999999234 0.14165853658535837
1.7029999999999232 0.14175609756096813
1.7039999999999231 0.14185365853657786
1.704999999999923 0.14195121951218762
1.705999999999923 0.14204878048779734
1.7069999999999228 0.1421463414634071
1.7079999999999227 0.14224390243901686
1.7089999999999226 0.14234146341462658
1.7099999999999225 0.14243902439023634
1.7109999999999224 0.1425365853658461
1.7119999999999223 0.14263414634145583
1.7129999999999221 0.14273170731706558
1.713999999999922 0.1428292682926753
1.714999999999922 0.14292682926828507
1.7159999999999218 0.14302439024389482
1.7169999999999217 0.14312195121950455
1.7179999999999216 0.1432195121951143
1.7189999999999215 0.14331707317072404
1.7199999999999214 0.1434146341463338
1.7209999999999213 0.14351219512194355
1.7219999999999211 0.14360975609755328
1.722999999999921 0.14370731707316303
1.723999999999921 0.14380487804877276
1.7249999999999208 0.14390243902438252
1.7259999999999207 0.14399999999999227
1.7269999999999206 0.144097560975602
1.7279999999999205 0.14419512195121176
1.7289999999999204 0.1442926829268215
1.7299999999999203 0.14439024390243124
1.7309999999999202 0.144487804878041
1.73199999999992 0.14458536585365073
1.73299999999992 0.14468292682926048
1.7339999999999198 0.14478048780487024
1.7349999999999197 0.14487804878047997
1.7359999999999196 0.14497560975608972
1.7369999999999195 0.14507317073169945
1.7379999999999194 0.1451707317073092
1.7389999999999193 0.14526829268291896
1.7399999999999192 0.1453658536585287
1.740999999999919 0.14546341463413845
1.741999999999919 0.14556097560974818
1.7429999999999188 0.14565853658535793
1.7439999999999187 0.1457560975609677
1.7449999999999186 0.14585365853657742
1.7459999999999185 0.14595121951218717
1.7469999999999184 0.1460487804877969
1.7479999999999183 0.14614634146340666
1.7489999999999182 0.14624390243901642
1.749999999999918 0.14634146341462614
1.750999999999918 0.1464390243902359
1.7519999999999178 0.14653658536584566
1.7529999999999177 0.14663414634145538
1.7539999999999176 0.14673170731706514
1.7549999999999175 0.14682926829267487
1.7559999999999174 0.14692682926828463
1.7569999999999173 0.14702439024389438
1.7579999999999172 0.1471219512195041
1.758999999999917 0.14721951219511387
1.759999999999917 0.1473170731707236
1.7609999999999169 0.14741463414633335
1.7619999999999167 0.1475121951219431
1.7629999999999166 0.14760975609755284
1.7639999999999165 0.1477073170731626
1.7649999999999164 0.14780487804877232
1.7659999999999163 0.14790243902438208
1.7669999999999162 0.14799999999999183
1.767999999999916 0.14809756097560156
1.768999999999916 0.14819512195121132
1.7699999999999159 0.14829268292682107
1.7709999999999158 0.1483902439024308
1.7719999999999156 0.14848780487804056
1.7729999999999155 0.1485853658536503
1.7739999999999154 0.14868292682926004
1.7749999999999153 0.1487804878048698
1.7759999999999152 0.14887804878047953
1.776999999999915 0.14897560975608928
1.777999999999915 0.149073170731699
1.7789999999999149 0.14917073170730877
1.7799999999999148 0.14926829268291852
1.7809999999999147 0.14936585365852825
1.7819999999999145 0.149463414634138
1.7829999999999144 0.14956097560974774
1.7839999999999143 0.1496585365853575
1.7849999999999142 0.14975609756096725
1.785999999999914 0.14985365853657698
1.786999999999914 0.14995121951218673
1.7879999999999139 0.15004878048779646
1.7889999999999138 0.15014634146340622
1.7899999999999137 0.15024390243901597
1.7909999999999136 0.1503414634146257
1.7919999999999134 0.15043902439023546
1.7929999999999133 0.15053658536584522
1.7939999999999132 0.15063414634145494
1.794999999999913 0.1507317073170647
1.795999999999913 0.15082926829267443
1.796999999999913 0.15092682926828418
1.7979999999999128 0.15102439024389394
1.7989999999999127 0.15112195121950367
1.7999999999999126 0.15121951219511343
1.8009999999999124 0.15131707317072315
1.8019999999999123 0.1514146341463329
1.8029999999999122 0.15151219512194267
1.8039999999999121 0.1516097560975524
1.804999999999912 0.15170731707316215
1.805999999999912 0.15180487804877188
1.8069999999999118 0.15190243902438164
1.8079999999999117 0.1519999999999914
1.8089999999999116 0.15209756097560112
1.8099999999999115 0.15219512195121088
1.8109999999999113 0.15229268292682063
1.8119999999999112 0.15239024390243036
1.8129999999999111 0.15248780487804012
1.813999999999911 0.15258536585364985
1.814999999999911 0.1526829268292596
1.8159999999999108 0.15278048780486936
1.8169999999999107 0.1528780487804791
1.8179999999999106 0.15297560975608884
1.8189999999999105 0.15307317073169857
1.8199999999999104 0.15317073170730833
1.8209999999999102 0.15326829268291808
1.8219999999999101 0.1533658536585278
1.82299999999991 0.15346341463413757
1.82399999999991 0.1535609756097473
1.8249999999999098 0.15365853658535705
1.8259999999999097 0.1537560975609668
1.8269999999999096 0.15385365853657654
1.8279999999999095 0.1539512195121863
1.8289999999999094 0.15404878048779602
1.8299999999999093 0.15414634146340578
1.8309999999999091 0.15424390243901553
1.831999999999909 0.15434146341462526
1.832999999999909 0.15443902439023502
1.8339999999999088 0.15453658536584478
1.8349999999999087 0.1546341463414545
1.8359999999999086 0.15473170731706426
1.8369999999999085 0.154829268292674
1.8379999999999084 0.15492682926828374
1.8389999999999083 0.1550243902438935
1.8399999999999082 0.15512195121950323
1.840999999999908 0.15521951219511299
1.841999999999908 0.1553170731707227
1.8429999999999078 0.15541463414633247
1.8439999999999077 0.15551219512194223
1.8449999999999076 0.15560975609755195
1.8459999999999075 0.1557073170731617
1.8469999999999074 0.15580487804877144
1.8479999999999073 0.1559024390243812
1.8489999999999072 0.15599999999999095
1.849999999999907 0.15609756097560068
1.850999999999907 0.15619512195121044
1.8519999999999068 0.1562926829268202
1.8529999999999067 0.15639024390242992
1.8539999999999066 0.15648780487803968
1.8549999999999065 0.1565853658536494
1.8559999999999064 0.15668292682925916
1.8569999999999063 0.15678048780486892
1.8579999999999062 0.15687804878047865
1.858999999999906 0.1569756097560884
1.859999999999906 0.15707317073169813
1.8609999999999058 0.1571707317073079
1.8619999999999057 0.15726829268291764
1.8629999999999056 0.15736585365852737
1.8639999999999055 0.15746341463413713
1.8649999999999054 0.15756097560974686
1.8659999999999053 0.1576585365853566
1.8669999999999052 0.15775609756096637
1.867999999999905 0.1578536585365761
1.868999999999905 0.15795121951218585
1.8699999999999048 0.15804878048779558
1.8709999999999047 0.15814634146340534
1.8719999999999046 0.1582439024390151
1.8729999999999045 0.15834146341462482
1.8739999999999044 0.15843902439023458
1.8749999999999043 0.15853658536584433
1.8759999999999042 0.15863414634145406
1.876999999999904 0.15873170731706382
1.877999999999904 0.15882926829267355
1.8789999999999039 0.1589268292682833
1.8799999999999037 0.15902439024389306
1.8809999999999036 0.1591219512195028
1.8819999999999035 0.15921951219511254
1.8829999999999034 0.15931707317072227
1.8839999999999033 0.15941463414633203
1.8849999999999032 0.15951219512194179
1.885999999999903 0.15960975609755151
1.886999999999903 0.15970731707316127
1.8879999999999029 0.159804878048771
1.8889999999999028 0.15990243902438075
1.8899999999999026 0.1599999999999905
1.8909999999999025 0.16009756097560024
1.8919999999999024 0.16019512195121
1.8929999999999023 0.16029268292681975
1.8939999999999022 0.16039024390242948
1.894999999999902 0.16048780487803924
1.895999999999902 0.16058536585364896
1.8969999999999019 0.16068292682925872
1.8979999999999018 0.16078048780486848
1.8989999999999017 0.1608780487804782
1.8999999999999015 0.16097560975608796
1.9009999999999014 0.1610731707316977
1.9019999999999013 0.16117073170730745
1.9029999999999012 0.1612682926829172
1.903999999999901 0.16136585365852693
1.904999999999901 0.1614634146341367
1.9059999999999009 0.16156097560974642
1.9069999999999008 0.16165853658535617
1.9079999999999007 0.16175609756096593
1.9089999999999006 0.16185365853657566
1.9099999999999004 0.1619512195121854
1.9109999999999003 0.16204878048779514
1.9119999999999002 0.1621463414634049
1.9129999999999001 0.16224390243901465
1.9139999999999 0.16234146341462438
1.9149999999999 0.16243902439023414
1.9159999999998998 0.1625365853658439
1.9169999999998997 0.16263414634145362
1.9179999999998996 0.16273170731706338
1.9189999999998995 0.1628292682926731
1.9199999999998993 0.16292682926828286
1.9209999999998992 0.16302439024389262
1.9219999999998991 0.16312195121950235
1.922999999999899 0.1632195121951121
1.923999999999899 0.16331707317072183
1.9249999999998988 0.1634146341463316
1.9259999999998987 0.16351219512194134
1.9269999999998986 0.16360975609755107
