1.9279999999998985 0.16370731707316083
1.9289999999998984 0.16380487804877056
1.9299999999998982 0.16390243902438031
1.9309999999998981 0.16399999999999007
1.931999999999898 0.1640975609755998
1.932999999999898 0.16419512195120956
1.9339999999998978 0.1642926829268193
1.9349999999998977 0.16439024390242904
1.9359999999998976 0.1644878048780388
1.9369999999998975 0.16458536585364852
1.9379999999998974 0.16468292682925828
1.9389999999998973 0.16478048780486804
1.9399999999998971 0.16487804878047777
1.940999999999897 0.16497560975608752
1.941999999999897 0.16507317073169725
1.9429999999998968 0.165170731707307
1.9439999999998967 0.16526829268291676
1.9449999999998966 0.1653658536585265
1.9459999999998965 0.16546341463413625
1.9469999999998964 0.16556097560974598
1.9479999999998963 0.16565853658535573
1.9489999999998961 0.1657560975609655
1.949999999999896 0.16585365853657522
1.950999999999896 0.16595121951218497
1.9519999999998958 0.1660487804877947
1.9529999999998957 0.16614634146340446
1.9539999999998956 0.1662439024390142
1.9549999999998955 0.16634146341462394
1.9559999999998954 0.1664390243902337
1.9569999999998953 0.16653658536584345
1.9579999999998952 0.16663414634145318
1.958999999999895 0.16673170731706294
1.959999999999895 0.16682926829267267
1.9609999999998948 0.16692682926828242
1.9619999999998947 0.16702439024389218
1.9629999999998946 0.1671219512195019
1.9639999999998945 0.16721951219511166
1.9649999999998944 0.1673170731707214
1.9659999999998943 0.16741463414633115
1.9669999999998942 0.1675121951219409
1.967999999999894 0.16760975609755063
1.968999999999894 0.1677073170731604
1.9699999999998938 0.16780487804877012
1.9709999999998937 0.16790243902437987
1.9719999999998936 0.16799999999998963
1.9729999999998935 0.16809756097559936
1.9739999999998934 0.16819512195120911
1.9749999999998933 0.16829268292681887
1.9759999999998932 0.1683902439024286
1.976999999999893 0.16848780487803836
1.977999999999893 0.16858536585364808
1.9789999999998928 0.16868292682925784
1.9799999999998927 0.1687804878048676
1.9809999999998926 0.16887804878047732
1.9819999999998925 0.16897560975608708
1.9829999999998924 0.1690731707316968
1.9839999999998923 0.16917073170730657
1.9849999999998922 0.16926829268291632
1.985999999999892 0.16936585365852605
1.986999999999892 0.1694634146341358
1.9879999999998919 0.16956097560974553
1.9889999999998917 0.1696585365853553
1.9899999999998916 0.16975609756096505
1.9909999999998915 0.16985365853657478
1.9919999999998914 0.16995121951218453
1.9929999999998913 0.17004878048779426
1.9939999999998912 0.17014634146340402
1.994999999999891 0.17024390243901377
1.995999999999891 0.1703414634146235
1.9969999999998909 0.17043902439023326
1.9979999999998908 0.170536585365843
1.9989999999998906 0.17063414634145274
1.9999999999998905 0.1707317073170625
2.0009999999998906 0.17082926829267225
2.0019999999998905 0.170926829268282
2.0029999999998904 0.17102439024389174
2.0039999999998903 0.1711219512195015
2.00499999999989 0.17121951219511125
2.00599999999989 0.17131707317072098
2.00699999999989 0.17141463414633074
2.00799999999989 0.17151219512194046
2.0089999999998898 0.17160975609755022
2.0099999999998897 0.17170731707315998
2.0109999999998895 0.1718048780487697
2.0119999999998894 0.17190243902437946
2.0129999999998893 0.1719999999999892
2.013999999999889 0.17209756097559895
2.014999999999889 0.1721951219512087
2.015999999999889 0.17229268292681843
2.016999999999889 0.1723902439024282
2.0179999999998888 0.17248780487803794
2.0189999999998887 0.17258536585364767
2.0199999999998886 0.17268292682925743
2.0209999999998884 0.17278048780486716
2.0219999999998883 0.1728780487804769
2.022999999999888 0.17297560975608667
2.023999999999888 0.1730731707316964
2.024999999999888 0.17317073170730615
2.025999999999888 0.17326829268291588
2.026999999999888 0.17336585365852564
2.0279999999998877 0.1734634146341354
2.0289999999998876 0.17356097560974512
2.0299999999998875 0.17365853658535488
2.0309999999998873 0.1737560975609646
2.0319999999998872 0.17385365853657436
2.032999999999887 0.17395121951218412
2.033999999999887 0.17404878048779385
2.034999999999887 0.1741463414634036
2.035999999999887 0.17424390243901333
2.0369999999998867 0.1743414634146231
2.0379999999998866 0.17443902439023284
2.0389999999998865 0.17453658536584257
2.0399999999998863 0.17463414634145233
2.0409999999998862 0.17473170731706208
2.041999999999886 0.1748292682926718
2.042999999999886 0.17492682926828157
2.043999999999886 0.1750243902438913
2.044999999999886 0.17512195121950105
2.0459999999998857 0.1752195121951108
2.0469999999998856 0.17531707317072054
2.0479999999998855 0.1754146341463303
2.0489999999998854 0.17551219512194002
2.0499999999998852 0.17560975609754978
2.050999999999885 0.17570731707315954
2.051999999999885 0.17580487804876926
2.052999999999885 0.17590243902437902
2.053999999999885 0.17599999999998875
2.0549999999998847 0.1760975609755985
2.0559999999998846 0.17619512195120826
2.0569999999998845 0.176292682926818
2.0579999999998844 0.17639024390242775
2.0589999999998843 0.1764878048780375
2.059999999999884 0.17658536585364723
2.060999999999884 0.176682926829257
2.061999999999884 0.17678048780486671
2.062999999999884 0.17687804878047647
2.0639999999998837 0.17697560975608623
2.0649999999998836 0.17707317073169596
2.0659999999998835 0.1771707317073057
2.0669999999998834 0.17726829268291544
2.0679999999998833 0.1773658536585252
2.068999999999883 0.17746341463413495
2.069999999999883 0.17756097560974468
2.070999999999883 0.17765853658535444
2.071999999999883 0.17775609756096417
2.0729999999998827 0.17785365853657392
2.0739999999998826 0.17795121951218368
2.0749999999998825 0.1780487804877934
2.0759999999998824 0.17814634146340316
2.0769999999998823 0.1782439024390129
2.077999999999882 0.17834146341462265
2.078999999999882 0.1784390243902324
2.079999999999882 0.17853658536584213
2.080999999999882 0.1786341463414519
2.0819999999998817 0.17873170731706164
2.0829999999998816 0.17882926829267137
2.0839999999998815 0.17892682926828113
2.0849999999998814 0.17902439024389086
2.0859999999998813 0.1791219512195006
2.086999999999881 0.17921951219511037
2.087999999999881 0.1793170731707201
2.088999999999881 0.17941463414632985
2.089999999999881 0.17951219512193958
2.0909999999998807 0.17960975609754934
2.0919999999998806 0.1797073170731591
2.0929999999998805 0.17980487804876882
2.0939999999998804 0.17990243902437858
2.0949999999998803 0.1799999999999883
2.09599999999988 0.18009756097559806
2.09699999999988 0.18019512195120782
2.09799999999988 0.18029268292681755
2.09899999999988 0.1803902439024273
2.0999999999998797 0.18048780487803706
2.1009999999998796 0.1805853658536468
2.1019999999998795 0.18068292682925655
2.1029999999998794 0.18078048780486627
2.1039999999998793 0.18087804878047603
2.104999999999879 0.1809756097560858
2.105999999999879 0.18107317073169552
2.106999999999879 0.18117073170730527
2.107999999999879 0.181268292682915
2.1089999999998787 0.18136585365852476
2.1099999999998786 0.1814634146341345
2.1109999999998785 0.18156097560974424
2.1119999999998784 0.181658536585354
2.1129999999998783 0.18175609756096373
2.113999999999878 0.18185365853657348
2.114999999999878 0.18195121951218324
2.115999999999878 0.18204878048779297
2.116999999999878 0.18214634146340272
2.1179999999998778 0.18224390243901245
2.1189999999998776 0.1823414634146222
2.1199999999998775 0.18243902439023196
2.1209999999998774 0.1825365853658417
2.1219999999998773 0.18263414634145145
2.122999999999877 0.1827317073170612
2.123999999999877 0.18282926829267093
2.124999999999877 0.1829268292682807
2.125999999999877 0.18302439024389042
2.1269999999998768 0.18312195121950017
2.1279999999998767 0.18321951219510993
2.1289999999998765 0.18331707317071966
2.1299999999998764 0.1834146341463294
2.1309999999998763 0.18351219512193914
2.131999999999876 0.1836097560975489
2.132999999999876 0.18370731707315865
2.133999999999876 0.18380487804876838
2.134999999999876 0.18390243902437814
2.1359999999998758 0.18399999999998787
2.1369999999998757 0.18409756097559762
2.1379999999998756 0.18419512195120738
2.1389999999998754 0.1842926829268171
2.1399999999998753 0.18439024390242686
2.1409999999998752 0.18448780487803662
2.141999999999875 0.18458536585364635
2.142999999999875 0.1846829268292561
2.143999999999875 0.18478048780486583
2.144999999999875 0.1848780487804756
2.1459999999998747 0.18497560975608535
2.1469999999998746 0.18507317073169507
2.1479999999998745 0.18517073170730483
2.1489999999998743 0.18526829268291456
2.1499999999998742 0.18536585365852432
2.150999999999874 0.18546341463413407
2.151999999999874 0.1855609756097438
2.152999999999874 0.18565853658535356
2.153999999999874 0.18575609756096328
2.1549999999998737 0.18585365853657304
2.1559999999998736 0.1859512195121828
2.1569999999998735 0.18604878048779253
2.1579999999998734 0.18614634146340228
2.1589999999998732 0.186243902439012
2.159999999999873 0.18634146341462177
2.160999999999873 0.18643902439023152
2.161999999999873 0.18653658536584125
2.162999999999873 0.186634146341451
2.1639999999998727 0.18673170731706076
2.1649999999998726 0.1868292682926705
2.1659999999998725 0.18692682926828025
2.1669999999998724 0.18702439024388998
2.1679999999998723 0.18712195121949973
2.168999999999872 0.1872195121951095
2.169999999999872 0.18731707317071922
2.170999999999872 0.18741463414632897
2.171999999999872 0.1875121951219387
2.1729999999998717 0.18760975609754846
2.1739999999998716 0.18770731707315821
2.1749999999998715 0.18780487804876794
2.1759999999998714 0.1879024390243777
2.1769999999998713 0.18799999999998743
2.177999999999871 0.18809756097559718
2.178999999999871 0.18819512195120694
2.179999999999871 0.18829268292681667
2.180999999999871 0.18839024390242642
2.1819999999998707 0.18848780487803618
2.1829999999998706 0.1885853658536459
2.1839999999998705 0.18868292682925566
2.1849999999998704 0.1887804878048654
2.1859999999998703 0.18887804878047515
2.18699999999987 0.1889756097560849
2.18799999999987 0.18907317073169463
2.18899999999987 0.1891707317073044
2.18999999999987 0.18926829268291412
2.1909999999998697 0.18936585365852387
2.1919999999998696 0.18946341463413363
2.1929999999998695 0.18956097560974336
2.1939999999998694 0.18965853658535312
2.1949999999998693 0.18975609756096284
2.195999999999869 0.1898536585365726
2.196999999999869 0.18995121951218236
2.197999999999869 0.19004878048779208
2.198999999999869 0.19014634146340184
2.1999999999998687 0.19024390243901157
2.2009999999998686 0.19034146341462133
2.2019999999998685 0.19043902439023108
2.2029999999998684 0.1905365853658408
2.2039999999998683 0.19063414634145057
2.204999999999868 0.19073170731706032
2.205999999999868 0.19082926829267005
2.206999999999868 0.1909268292682798
2.207999999999868 0.19102439024388954
2.2089999999998677 0.1911219512194993
2.2099999999998676 0.19121951219510905
2.2109999999998675 0.19131707317071878
2.2119999999998674 0.19141463414632853
2.2129999999998673 0.19151219512193826
2.213999999999867 0.19160975609754802
2.214999999999867 0.19170731707315777
2.215999999999867 0.1918048780487675
2.216999999999867 0.19190243902437726
2.2179999999998667 0.191999999999987
2.2189999999998666 0.19209756097559674
2.2199999999998665 0.1921951219512065
2.2209999999998664 0.19229268292681623
2.2219999999998663 0.19239024390242598
2.222999999999866 0.19248780487803574
2.223999999999866 0.19258536585364547
2.224999999999866 0.19268292682925522
2.225999999999866 0.19278048780486495
2.2269999999998658 0.1928780487804747
2.2279999999998656 0.19297560975608447
2.2289999999998655 0.1930731707316942
2.2299999999998654 0.19317073170730395
2.2309999999998653 0.19326829268291368
2.231999999999865 0.19336585365852343
2.232999999999865 0.1934634146341332
2.233999999999865 0.19356097560974292
2.234999999999865 0.19365853658535268
2.2359999999998648 0.1937560975609624
2.2369999999998647 0.19385365853657216
2.2379999999998645 0.19395121951218192
2.2389999999998644 0.19404878048779164
2.2399999999998643 0.1941463414634014
2.240999999999864 0.19424390243901113
2.241999999999864 0.19434146341462089
2.242999999999864 0.19443902439023064
2.243999999999864 0.19453658536584037
2.2449999999998638 0.19463414634145013
2.2459999999998637 0.19473170731705988
2.2469999999998636 0.1948292682926696
2.2479999999998634 0.19492682926827937
2.2489999999998633 0.1950243902438891
2.249999999999863 0.19512195121949885
2.250999999999863 0.1952195121951086
2.251999999999863 0.19531707317071834
2.252999999999863 0.1954146341463281
2.253999999999863 0.19551219512193782
2.2549999999998627 0.19560975609754758
2.2559999999998626 0.19570731707315733
2.2569999999998624 0.19580487804876706
2.2579999999998623 0.19590243902437682
2.2589999999998622 0.19599999999998655
2.259999999999862 0.1960975609755963
2.260999999999862 0.19619512195120606
2.261999999999862 0.1962926829268158
2.262999999999862 0.19639024390242554
2.2639999999998617 0.1964878048780353
2.2649999999998616 0.19658536585364503
2.2659999999998615 0.19668292682925478
2.2669999999998613 0.1967804878048645
2.2679999999998612 0.19687804878047427
2.268999999999861 0.19697560975608402
2.269999999999861 0.19707317073169375
2.270999999999861 0.1971707317073035
2.271999999999861 0.19726829268291324
2.2729999999998607 0.197365853658523
2.2739999999998606 0.19746341463413275
2.2749999999998605 0.19756097560974248
2.2759999999998604 0.19765853658535223
2.2769999999998602 0.19775609756096196
2.27799999999986 0.19785365853657172
2.27899999999986 0.19795121951218148
2.27999999999986 0.1980487804877912
2.28099999999986 0.19814634146340096
2.2819999999998597 0.1982439024390107
2.2829999999998596 0.19834146341462044
2.2839999999998595 0.1984390243902302
2.2849999999998594 0.19853658536583993
2.2859999999998593 0.19863414634144969
2.286999999999859 0.19873170731705944
2.287999999999859 0.19882926829266917
2.288999999999859 0.19892682926827893
2.289999999999859 0.19902439024388865
2.2909999999998587 0.1991219512194984
2.2919999999998586 0.19921951219510817
2.2929999999998585 0.1993170731707179
2.2939999999998584 0.19941463414632765
2.2949999999998583 0.19951219512193738
2.295999999999858 0.19960975609754714
2.296999999999858 0.1997073170731569
2.297999999999858 0.19980487804876662
2.298999999999858 0.19990243902437638
2.2999999999998577 0.1999999999999861
2.3009999999998576 0.20009756097559586
2.3019999999998575 0.20019512195120562
2.3029999999998574 0.20029268292681535
2.3039999999998573 0.2003902439024251
2.304999999999857 0.20048780487803486
2.305999999999857 0.2005853658536446
2.306999999999857 0.20068292682925434
2.307999999999857 0.20078048780486407
2.3089999999998567 0.20087804878047383
2.3099999999998566 0.20097560975608358
2.3109999999998565 0.2010731707316933
2.3119999999998564 0.20117073170730307
2.3129999999998563 0.2012682926829128
2.313999999999856 0.20136585365852255
2.314999999999856 0.2014634146341323
2.315999999999856 0.20156097560974204
2.316999999999856 0.2016585365853518
2.3179999999998557 0.20175609756096152
2.3189999999998556 0.20185365853657128
2.3199999999998555 0.20195121951218103
2.3209999999998554 0.20204878048779076
2.3219999999998553 0.20214634146340052
2.322999999999855 0.20224390243901025
2.323999999999855 0.20234146341462
2.324999999999855 0.20243902439022976
2.325999999999855 0.2025365853658395
2.3269999999998547 0.20263414634144924
2.3279999999998546 0.202731707317059
2.3289999999998545 0.20282926829266873
2.3299999999998544 0.20292682926827849
2.3309999999998543 0.20302439024388821
2.331999999999854 0.20312195121949797
2.332999999999854 0.20321951219510773
2.333999999999854 0.20331707317071745
2.334999999999854 0.2034146341463272
2.3359999999998537 0.20351219512193694
2.3369999999998536 0.2036097560975467
2.3379999999998535 0.20370731707315645
2.3389999999998534 0.20380487804876618
2.3399999999998533 0.20390243902437594
2.340999999999853 0.20399999999998567
2.341999999999853 0.20409756097559542
2.342999999999853 0.20419512195120518
2.343999999999853 0.2042926829268149
2.3449999999998528 0.20439024390242466
2.3459999999998526 0.20448780487803442
2.3469999999998525 0.20458536585364415
2.3479999999998524 0.2046829268292539
2.3489999999998523 0.20478048780486363
2.349999999999852 0.2048780487804734
2.350999999999852 0.20497560975608314
2.351999999999852 0.20507317073169287
2.352999999999852 0.20517073170730263
2.3539999999998518 0.20526829268291236
2.3549999999998517 0.2053658536585221
2.3559999999998515 0.20546341463413187
2.3569999999998514 0.2055609756097416
2.3579999999998513 0.20565853658535135
2.358999999999851 0.20575609756096108
2.359999999999851 0.20585365853657084
2.360999999999851 0.2059512195121806
2.361999999999851 0.20604878048779032
2.3629999999998508 0.20614634146340008
2.3639999999998507 0.2062439024390098
2.3649999999998506 0.20634146341461956
2.3659999999998504 0.20643902439022932
2.3669999999998503 0.20653658536583905
2.3679999999998502 0.2066341463414488
2.36899999999985 0.20673170731705856
2.36999999999985 0.2068292682926683
2.37099999999985 0.20692682926827805
2.37199999999985 0.20702439024388777
2.3729999999998497 0.20712195121949753
2.3739999999998496 0.20721951219510729
2.3749999999998495 0.20731707317071701
2.3759999999998493 0.20741463414632677
2.3769999999998492 0.2075121951219365
2.377999999999849 0.20760975609754626
2.378999999999849 0.207707317073156
2.379999999999849 0.20780487804876574
2.380999999999849 0.2079024390243755
2.3819999999998487 0.20799999999998522
2.3829999999998486 0.20809756097559498
2.3839999999998485 0.20819512195120474
2.3849999999998484 0.20829268292681447
2.3859999999998482 0.20839024390242422
2.386999999999848 0.20848780487803398
2.387999999999848 0.2085853658536437
2.388999999999848 0.20868292682925346
2.389999999999848 0.2087804878048632
2.3909999999998477 0.20887804878047295
2.3919999999998476 0.2089756097560827
2.3929999999998475 0.20907317073169243
2.3939999999998474 0.2091707317073022
2.3949999999998473 0.20926829268291192
2.395999999999847 0.20936585365852167
2.396999999999847 0.20946341463413143
2.397999999999847 0.20956097560974116
2.398999999999847 0.2096585365853509
2.3999999999998467 0.20975609756096064
2.4009999999998466 0.2098536585365704
2.4019999999998465 0.20995121951218015
2.4029999999998464 0.21004878048778988
2.4039999999998463 0.21014634146339964
2.404999999999846 0.21024390243900937
2.405999999999846 0.21034146341461912
2.406999999999846 0.21043902439022888
2.407999999999846 0.2105365853658386
2.4089999999998457 0.21063414634144836
2.4099999999998456 0.21073170731705812
2.4109999999998455 0.21082926829266785
2.4119999999998454 0.2109268292682776
2.4129999999998453 0.21102439024388733
2.413999999999845 0.2111219512194971
2.414999999999845 0.21121951219510685
2.415999999999845 0.21131707317071657
2.416999999999845 0.21141463414632633
2.4179999999998447 0.21151219512193606
2.4189999999998446 0.21160975609754581
2.4199999999998445 0.21170731707315557
2.4209999999998444 0.2118048780487653
2.4219999999998443 0.21190243902437506
2.422999999999844 0.21199999999998478
2.423999999999844 0.21209756097559454
2.424999999999844 0.2121951219512043
2.425999999999844 0.21229268292681402
2.4269999999998437 0.21239024390242378
2.4279999999998436 0.21248780487803354
2.4289999999998435 0.21258536585364327
2.4299999999998434 0.21268292682925302
2.4309999999998433 0.21278048780486275
2.431999999999843 0.2128780487804725
2.432999999999843 0.21297560975608226
2.433999999999843 0.213073170731692
2.434999999999843 0.21317073170730175
2.4359999999998427 0.21326829268291148
2.4369999999998426 0.21336585365852123
2.4379999999998425 0.213463414634131
2.4389999999998424 0.21356097560974072
2.4399999999998423 0.21365853658535047
2.440999999999842 0.2137560975609602
2.441999999999842 0.21385365853656996
2.442999999999842 0.2139512195121797
2.443999999999842 0.21404878048778944
2.4449999999998417 0.2141463414633992
2.4459999999998416 0.21424390243900893
2.4469999999998415 0.21434146341461868
2.4479999999998414 0.21443902439022844
2.4489999999998413 0.21453658536583817
2.449999999999841 0.21463414634144792
2.450999999999841 0.21473170731705768
2.451999999999841 0.2148292682926674
2.452999999999841 0.21492682926827716
2.4539999999998408 0.2150243902438869
2.4549999999998406 0.21512195121949665
2.4559999999998405 0.2152195121951064
2.4569999999998404 0.21531707317071613
2.4579999999998403 0.2154146341463259
2.45899999999984 0.21551219512193562
2.45999999999984 0.21560975609754537
2.46099999999984 0.21570731707315513
2.46199999999984 0.21580487804876486
2.4629999999998398 0.21590243902437461
2.4639999999998397 0.21599999999998434
2.4649999999998395 0.2160975609755941
2.4659999999998394 0.21619512195120386
2.4669999999998393 0.21629268292681358
2.467999999999839 0.21639024390242334
2.468999999999839 0.2164878048780331
2.469999999999839 0.21658536585364283
2.470999999999839 0.21668292682925258
2.4719999999998388 0.2167804878048623
2.4729999999998387 0.21687804878047207
2.4739999999998386 0.21697560975608182
2.4749999999998384 0.21707317073169155
2.4759999999998383 0.2171707317073013
2.476999999999838 0.21726829268291104
2.477999999999838 0.2173658536585208
2.478999999999838 0.21746341463413055
2.479999999999838 0.21756097560974028
2.480999999999838 0.21765853658535003
2.4819999999998377 0.21775609756095976
2.4829999999998376 0.21785365853656952
2.4839999999998374 0.21795121951217927
2.4849999999998373 0.218048780487789
2.4859999999998372 0.21814634146339876
2.486999999999837 0.21824390243900849
2.487999999999837 0.21834146341461824
2.488999999999837 0.218439024390228
2.489999999999837 0.21853658536583773
2.4909999999998367 0.21863414634144748
2.4919999999998366 0.21873170731705724
2.4929999999998365 0.21882926829266697
2.4939999999998363 0.21892682926827672
2.4949999999998362 0.21902439024388645
2.495999999999836 0.2191219512194962
2.496999999999836 0.21921951219510596
2.497999999999836 0.2193170731707157
2.498999999999836 0.21941463414632545
2.4999999999998357 0.21951219512193518
2.5009999999998356 0.21960975609754493
2.5019999999998355 0.2197073170731547
2.5029999999998354 0.21980487804876442
2.5039999999998352 0.21990243902437417
2.504999999999835 0.2199999999999839
2.505999999999835 0.22009756097559366
2.506999999999835 0.22019512195120342
2.507999999999835 0.22029268292681314
2.5089999999998347 0.2203902439024229
2.5099999999998346 0.22048780487803266
2.5109999999998345 0.22058536585364238
2.5119999999998344 0.22068292682925214
2.5129999999998343 0.22078048780486187
2.513999999999834 0.22087804878047163
2.514999999999834 0.22097560975608138
2.515999999999834 0.2210731707316911
2.516999999999834 0.22117073170730087
2.5179999999998337 0.2212682926829106
2.5189999999998336 0.22136585365852035
2.5199999999998335 0.2214634146341301
2.5209999999998334 0.22156097560973984
2.5219999999998333 0.2216585365853496
2.522999999999833 0.22175609756095932
2.523999999999833 0.22185365853656908
2.524999999999833 0.22195121951217883
2.525999999999833 0.22204878048778856
2.5269999999998327 0.22214634146339832
2.5279999999998326 0.22224390243900805
2.5289999999998325 0.2223414634146178
2.5299999999998324 0.22243902439022756
2.5309999999998323 0.22253658536583729
2.531999999999832 0.22263414634144704
2.532999999999832 0.2227317073170568
2.533999999999832 0.22282926829266653
2.534999999999832 0.22292682926827628
2.5359999999998317 0.223024390243886
2.5369999999998316 0.22312195121949577
2.5379999999998315 0.22321951219510552
2.5389999999998314 0.22331707317071525
2.5399999999998313 0.223414634146325
2.540999999999831 0.22351219512193474
2.541999999999831 0.2236097560975445
2.542999999999831 0.22370731707315425
2.543999999999831 0.22380487804876398
2.5449999999998307 0.22390243902437373
2.5459999999998306 0.22399999999998346
2.5469999999998305 0.22409756097559322
2.5479999999998304 0.22419512195120297
2.5489999999998303 0.2242926829268127
2.54999999999983 0.22439024390242246
2.55099999999983 0.22448780487803222
2.55199999999983 0.22458536585364194
2.55299999999983 0.2246829268292517
2.5539999999998297 0.22478048780486143
2.5549999999998296 0.22487804878047118
2.5559999999998295 0.22497560975608094
2.5569999999998294 0.22507317073169067
2.5579999999998293 0.22517073170730043
2.558999999999829 0.22526829268291015
2.559999999999829 0.2253658536585199
2.560999999999829 0.22546341463412967
2.561999999999829 0.2255609756097394
2.5629999999998287 0.22565853658534915
2.5639999999998286 0.22575609756095888
2.5649999999998285 0.22585365853656864
2.5659999999998284 0.2259512195121784
2.5669999999998283 0.22604878048778812
2.567999999999828 0.22614634146339788
2.568999999999828 0.2262439024390076
2.569999999999828 0.22634146341461736
2.570999999999828 0.22643902439022712
2.5719999999998278 0.22653658536583685
2.5729999999998276 0.2266341463414466
2.5739999999998275 0.22673170731705636
2.5749999999998274 0.2268292682926661
2.5759999999998273 0.22692682926827584
2.576999999999827 0.22702439024388557
2.577999999999827 0.22712195121949533
2.578999999999827 0.22721951219510508
2.579999999999827 0.2273170731707148
2.5809999999998268 0.22741463414632457
2.5819999999998267 0.2275121951219343
2.5829999999998265 0.22760975609754405
2.5839999999998264 0.2277073170731538
2.5849999999998263 0.22780487804876354
2.585999999999826 0.2279024390243733
2.586999999999826 0.22799999999998302
2.587999999999826 0.22809756097559278
2.588999999999826 0.22819512195120253
2.5899999999998258 0.22829268292681226
2.5909999999998257 0.22839024390242202
2.5919999999998256 0.22848780487803177
2.5929999999998254 0.2285853658536415
2.5939999999998253 0.22868292682925126
2.5949999999998252 0.228780487804861
2.595999999999825 0.22887804878047074
2.596999999999825 0.2289756097560805
2.597999999999825 0.22907317073169023
2.598999999999825 0.22917073170729998
2.5999999999998247 0.2292682926829097
2.6009999999998246 0.22936585365851947
2.6019999999998245 0.22946341463412923
2.6029999999998243 0.22956097560973895
2.6039999999998242 0.2296585365853487
2.604999999999824 0.22975609756095844
2.605999999999824 0.2298536585365682
2.606999999999824 0.22995121951217795
2.607999999999824 0.23004878048778768
2.6089999999998237 0.23014634146339744
2.6099999999998236 0.23024390243900716
2.6109999999998235 0.23034146341461692
2.6119999999998234 0.23043902439022668
2.6129999999998232 0.2305365853658364
2.613999999999823 0.23063414634144616
2.614999999999823 0.23073170731705592
2.615999999999823 0.23082926829266565
2.616999999999823 0.2309268292682754
2.6179999999998227 0.23102439024388513
2.6189999999998226 0.2311219512194949
2.6199999999998225 0.23121951219510464
2.6209999999998224 0.23131707317071437
2.6219999999998223 0.23141463414632413
2.622999999999822 0.23151219512193386
2.623999999999822 0.2316097560975436
2.624999999999822 0.23170731707315337
2.625999999999822 0.2318048780487631
2.6269999999998217 0.23190243902437285
2.6279999999998216 0.23199999999998258
2.6289999999998215 0.23209756097559234
2.6299999999998214 0.2321951219512021
2.6309999999998213 0.23229268292681182
2.631999999999821 0.23239024390242158
2.632999999999821 0.23248780487803133
2.633999999999821 0.23258536585364106
2.634999999999821 0.23268292682925082
2.6359999999998207 0.23278048780486055
2.6369999999998206 0.2328780487804703
2.6379999999998205 0.23297560975608006
2.6389999999998204 0.2330731707316898
2.6399999999998203 0.23317073170729954
2.64099999999982 0.23326829268290927
2.64199999999982 0.23336585365851903
2.64299999999982 0.23346341463412879
2.64399999999982 0.2335609756097385
2.6449999999998197 0.23365853658534827
2.6459999999998196 0.233756097560958
2.6469999999998195 0.23385365853656775
2.6479999999998194 0.2339512195121775
2.6489999999998193 0.23404878048778724
2.649999999999819 0.234146341463397
2.650999999999819 0.23424390243900672
2.651999999999819 0.23434146341461648
2.652999999999819 0.23443902439022624
2.6539999999998187 0.23453658536583596
2.6549999999998186 0.23463414634144572
2.6559999999998185 0.23473170731705548
2.6569999999998184 0.2348292682926652
2.6579999999998183 0.23492682926827496
2.658999999999818 0.2350243902438847
2.659999999999818 0.23512195121949445
2.660999999999818 0.2352195121951042
2.661999999999818 0.23531707317071393
2.6629999999998177 0.2354146341463237
2.6639999999998176 0.23551219512193342
2.6649999999998175 0.23560975609754317
2.6659999999998174 0.23570731707315293
2.6669999999998173 0.23580487804876266
2.667999999999817 0.2359024390243724
2.668999999999817 0.23599999999998214
2.669999999999817 0.2360975609755919
2.670999999999817 0.23619512195120165
2.6719999999998167 0.23629268292681138
2.6729999999998166 0.23639024390242114
2.6739999999998165 0.2364878048780309
2.6749999999998164 0.23658536585364062
2.6759999999998163 0.23668292682925038
2.676999999999816 0.2367804878048601
2.677999999999816 0.23687804878046986
2.678999999999816 0.23697560975607962
2.679999999999816 0.23707317073168935
2.6809999999998158 0.2371707317072991
2.6819999999998156 0.23726829268290883
2.6829999999998155 0.2373658536585186
2.6839999999998154 0.23746341463412834
2.6849999999998153 0.23756097560973807
2.685999999999815 0.23765853658534783
2.686999999999815 0.23775609756095756
2.687999999999815 0.23785365853656731
2.688999999999815 0.23795121951217707
2.6899999999998148 0.2380487804877868
2.6909999999998147 0.23814634146339655
2.6919999999998145 0.23824390243900628
2.6929999999998144 0.23834146341461604
2.6939999999998143 0.2384390243902258
2.694999999999814 0.23853658536583552
2.695999999999814 0.23863414634144528
2.696999999999814 0.23873170731705504
2.697999999999814 0.23882926829266476
2.6989999999998138 0.23892682926827452
2.6999999999998137 0.23902439024388425
2.7009999999998136 0.239121951219494
2.7019999999998134 0.23921951219510376
2.7029999999998133 0.2393170731707135
2.703999999999813 0.23941463414632325
2.704999999999813 0.23951219512193297
2.705999999999813 0.23960975609754273
2.706999999999813 0.2397073170731525
2.707999999999813 0.23980487804876222
2.7089999999998127 0.23990243902437197
2.7099999999998126 0.2399999999999817
2.7109999999998124 0.24009756097559146
2.7119999999998123 0.2401951219512012
2.7129999999998122 0.24029268292681094
2.713999999999812 0.2403902439024207
2.714999999999812 0.24048780487803045
2.715999999999812 0.24058536585364018
2.716999999999812 0.24068292682924994
2.7179999999998117 0.24078048780485967
2.7189999999998116 0.24087804878046942
2.7199999999998115 0.24097560975607918
2.7209999999998113 0.2410731707316889
2.7219999999998112 0.24117073170729866
2.722999999999811 0.2412682926829084
2.723999999999811 0.24136585365851815
2.724999999999811 0.2414634146341279
2.725999999999811 0.24156097560973763
2.7269999999998107 0.2416585365853474
2.7279999999998106 0.24175609756095712
2.7289999999998105 0.24185365853656687
2.7299999999998104 0.24195121951217663
2.7309999999998102 0.24204878048778636
2.73199999999981 0.24214634146339611
2.73299999999981 0.24224390243900584
2.73399999999981 0.2423414634146156
2.73499999999981 0.24243902439022535
2.7359999999998097 0.24253658536583508
2.7369999999998096 0.24263414634144484
2.7379999999998095 0.2427317073170546
2.7389999999998094 0.24282926829266432
2.7399999999998093 0.24292682926827408
2.740999999999809 0.2430243902438838
2.741999999999809 0.24312195121949357
2.742999999999809 0.24321951219510332
2.743999999999809 0.24331707317071305
2.7449999999998087 0.2434146341463228
2.7459999999998086 0.24351219512193253
2.7469999999998085 0.2436097560975423
2.7479999999998084 0.24370731707315205
2.7489999999998083 0.24380487804876178
2.749999999999808 0.24390243902437153
2.750999999999808 0.24399999999998126
2.751999999999808 0.24409756097559102
2.752999999999808 0.24419512195120077
2.7539999999998077 0.2442926829268105
2.7549999999998076 0.24439024390242026
2.7559999999998075 0.24448780487803
2.7569999999998074 0.24458536585363974
2.7579999999998073 0.2446829268292495
2.758999999999807 0.24478048780485923
2.759999999999807 0.24487804878046898
2.760999999999807 0.24497560975607874
2.761999999999807 0.24507317073168847
2.7629999999998067 0.24517073170729822
2.7639999999998066 0.24526829268290795
2.7649999999998065 0.2453658536585177
2.7659999999998064 0.24546341463412746
2.7669999999998063 0.2455609756097372
2.767999999999806 0.24565853658534695
2.768999999999806 0.24575609756095668
2.769999999999806 0.24585365853656643
2.770999999999806 0.2459512195121762
2.7719999999998057 0.24604878048778592
2.7729999999998056 0.24614634146339567
2.7739999999998055 0.2462439024390054
2.7749999999998054 0.24634146341461516
2.7759999999998053 0.24643902439022491
2.776999999999805 0.24653658536583464
2.777999999999805 0.2466341463414444
2.778999999999805 0.24673170731705416
2.779999999999805 0.24682926829266388
2.7809999999998047 0.24692682926827364
2.7819999999998046 0.24702439024388337
2.7829999999998045 0.24712195121949312
2.7839999999998044 0.24721951219510288
2.7849999999998043 0.2473170731707126
2.785999999999804 0.24741463414632237
2.786999999999804 0.2475121951219321
2.787999999999804 0.24760975609754185
2.788999999999804 0.2477073170731516
2.7899999999998037 0.24780487804876133
2.7909999999998036 0.2479024390243711
2.7919999999998035 0.24799999999998082
2.7929999999998034 0.24809756097559058
2.7939999999998033 0.24819512195120033
2.794999999999803 0.24829268292681006
2.795999999999803 0.24839024390241982
2.796999999999803 0.24848780487802957
2.797999999999803 0.2485853658536393
2.7989999999998028 0.24868292682924906
2.7999999999998026 0.24878048780485879
2.8009999999998025 0.24887804878046854
2.8019999999998024 0.2489756097560783
2.8029999999998023 0.24907317073168803
2.803999999999802 0.24917073170729778
2.804999999999802 0.2492682926829075
2.805999999999802 0.24936585365851727
2.806999999999802 0.24946341463412702
2.8079999999998018 0.24956097560973675
2.8089999999998017 0.2496585365853465
2.8099999999998015 0.24975609756095624
2.8109999999998014 0.249853658536566
2.8119999999998013 0.24995121951217575
2.812999999999801 0.2500487804877855
2.813999999999801 0.2501463414633952
2.814999999999801 0.25024390243900496
2.815999999999801 0.2503414634146147
2.8169999999998008 0.2504390243902245
2.8179999999998007 0.25053658536583423
2.8189999999998006 0.25063414634144393
2.8199999999998004 0.2507317073170537
2.8209999999998003 0.25082926829266344
2.8219999999998002 0.2509268292682732
2.8229999999998 0.25102439024388296
2.8239999999998 0.25112195121949266
2.8249999999998 0.2512195121951024
2.8259999999998 0.25131707317071217
2.8269999999997997 0.2514146341463219
2.8279999999997996 0.2515121951219317
2.8289999999997995 0.25160975609754144
2.8299999999997993 0.25170731707315114
2.8309999999997992 0.2518048780487609
2.831999999999799 0.25190243902437065
2.832999999999799 0.2519999999999804
2.833999999999799 0.25209756097559016
2.834999999999799 0.25219512195119986
2.8359999999997987 0.2522926829268096
2.8369999999997986 0.2523902439024194
2.8379999999997985 0.25248780487802913
2.8389999999997984 0.2525853658536389
2.8399999999997982 0.2526829268292486
2.840999999999798 0.25278048780485834
2.841999999999798 0.2528780487804681
2.842999999999798 0.25297560975607786
2.843999999999798 0.2530731707316876
2.8449999999997977 0.2531707317072973
2.8459999999997976 0.25326829268290707
2.8469999999997975 0.2533658536585168
2.8479999999997974 0.2534634146341266
2.8489999999997973 0.25356097560973634
2.849999999999797 0.25365853658534604
2.850999999999797 0.2537560975609558
2.851999999999797 0.25385365853656555
2.852999999999797 0.2539512195121753
2.8539999999997967 0.25404878048778506
2.8549999999997966 0.25414634146339476
2.8559999999997965 0.2542439024390045
2.8569999999997964 0.2543414634146143
2.8579999999997963 0.25443902439022403
2.858999999999796 0.2545365853658338
2.859999999999796 0.2546341463414435
2.860999999999796 0.25473170731705325
2.861999999999796 0.254829268292663
2.8629999999997957 0.25492682926827276
2.8639999999997956 0.2550243902438825
2.8649999999997955 0.2551219512194922
2.8659999999997954 0.25521951219510197
2.8669999999997953 0.25531707317071173
2.867999999999795 0.2554146341463215
2.868999999999795 0.25551219512193124
2.869999999999795 0.255609756097541
2.870999999999795 0.2557073170731507
2.8719999999997947 0.25580487804876045
2.8729999999997946 0.2559024390243702
2.8739999999997945 0.25599999999997997
2.8749999999997944 0.2560975609755897
2.8759999999997943 0.2561951219511994
2.876999999999794 0.2562926829268092
2.877999999999794 0.25639024390241894
2.878999999999794 0.2564878048780287
2.879999999999794 0.25658536585363845
2.8809999999997937 0.25668292682924815
2.8819999999997936 0.2567804878048579
2.8829999999997935 0.25687804878046766
2.8839999999997934 0.2569756097560774
2.8849999999997933 0.2570731707316872
2.885999999999793 0.2571707317072969
2.886999999999793 0.25726829268290663
2.887999999999793 0.2573658536585164
2.888999999999793 0.25746341463412614
2.8899999999997927 0.2575609756097359
2.8909999999997926 0.2576585365853456
2.8919999999997925 0.25775609756095536
2.8929999999997924 0.2578536585365651
2.8939999999997923 0.25795121951217487
2.894999999999792 0.2580487804877846
2.895999999999792 0.2581463414633943
2.896999999999792 0.2582439024390041
2.897999999999792 0.25834146341461384
2.8989999999997917 0.2584390243902236
2.8999999999997916 0.25853658536583335
2.9009999999997915 0.25863414634144305
2.9019999999997914 0.2587317073170528
2.9029999999997913 0.25882926829266256
2.903999999999791 0.2589268292682723
2.904999999999791 0.2590243902438821
2.905999999999791 0.2591219512194918
2.906999999999791 0.25921951219510153
2.9079999999997908 0.2593170731707113
2.9089999999997906 0.25941463414632104
2.9099999999997905 0.2595121951219308
2.9109999999997904 0.25960975609754056
2.9119999999997903 0.25970731707315026
2.91299999999979 0.25980487804876
2.91399999999979 0.25990243902436977
2.91499999999979 0.2599999999999795
2.91599999999979 0.2600975609755893
2.9169999999997898 0.260195121951199
2.9179999999997897 0.26029268292680874
2.9189999999997895 0.2603902439024185
2.9199999999997894 0.26048780487802825
2.9209999999997893 0.260585365853638
2.921999999999789 0.2606829268292477
2.922999999999789 0.26078048780485746
2.923999999999789 0.2608780487804672
2.924999999999789 0.260975609756077
2.9259999999997888 0.26107317073168673
2.9269999999997887 0.26117073170729643
2.9279999999997885 0.2612682926829062
2.9289999999997884 0.26136585365851595
2.9299999999997883 0.2614634146341257
2.930999999999788 0.26156097560973546
2.931999999999788 0.26165853658534516
2.932999999999788 0.2617560975609549
2.933999999999788 0.26185365853656467
2.934999999999788 0.2619512195121744
2.9359999999997877 0.2620487804877842
2.9369999999997876 0.2621463414633939
2.9379999999997874 0.26224390243900364
2.9389999999997873 0.2623414634146134
2.9399999999997872 0.26243902439022315
2.940999999999787 0.2625365853658329
2.941999999999787 0.2626341463414426
2.942999999999787 0.26273170731705237
2.943999999999787 0.2628292682926621
2.9449999999997867 0.2629268292682719
2.9459999999997866 0.26302439024388163
2.9469999999997865 0.26312195121949133
2.9479999999997863 0.2632195121951011
2.9489999999997862 0.26331707317071085
2.949999999999786 0.2634146341463206
2.950999999999786 0.26351219512193036
2.951999999999786 0.2636097560975401
2.952999999999786 0.2637073170731498
2.9539999999997857 0.2638048780487596
2.9549999999997856 0.26390243902436933
2.9559999999997855 0.2639999999999791
2.9569999999997854 0.26409756097558884
2.9579999999997852 0.26419512195119854
2.958999999999785 0.2642926829268083
2.959999999999785 0.26439024390241805
2.960999999999785 0.2644878048780278
2.961999999999785 0.26458536585363757
2.9629999999997847 0.26468292682924727
2.9639999999997846 0.264780487804857
2.9649999999997845 0.2648780487804668
2.9659999999997844 0.26497560975607654
2.9669999999997843 0.2650731707316863
2.967999999999784 0.265170731707296
2.968999999999784 0.26526829268290575
2.969999999999784 0.2653658536585155
2.970999999999784 0.26546341463412526
2.9719999999997837 0.265560975609735
2.9729999999997836 0.2656585365853447
2.9739999999997835 0.2657560975609545
2.9749999999997834 0.26585365853656423
2.9759999999997833 0.265951219512174
2.976999999999783 0.26604878048778374
2.977999999999783 0.26614634146339344
2.978999999999783 0.2662439024390032
2.979999999999783 0.26634146341461296
2.9809999999997827 0.2664390243902227
2.9819999999997826 0.26653658536583247
2.9829999999997825 0.26663414634144217
2.9839999999997824 0.2667317073170519
2.9849999999997823 0.2668292682926617
2.985999999999782 0.26692682926827144
2.986999999999782 0.2670243902438812
2.987999999999782 0.2671219512194909
2.988999999999782 0.26721951219510065
2.9899999999997817 0.2673170731707104
2.9909999999997816 0.26741463414632016
2.9919999999997815 0.2675121951219299
2.9929999999997814 0.2676097560975397
2.9939999999997813 0.2677073170731494
2.994999999999781 0.26780487804875913
2.995999999999781 0.2679024390243689
2.996999999999781 0.26799999999997864
2.997999999999781 0.2680975609755884
2.9989999999997807 0.2681951219511981
2.9999999999997806 0.26829268292680786
