1.6 1.4399999999999977
1.601 1.4355999999999995
1.6019999999999999 1.4312000000000011
1.6029999999999998 1.426800000000003
1.6039999999999996 1.4224000000000019
1.6049999999999995 1.4180000000000006
1.6059999999999994 1.4136000000000024
1.6069999999999993 1.4092000000000042
1.6079999999999992 1.404800000000003
1.608999999999999 1.4004000000000019
1.609999999999999 1.3960000000000037
1.6109999999999989 1.3916000000000053
1.6119999999999988 1.3872000000000042
1.6129999999999987 1.3828000000000031
1.6139999999999985 1.378400000000005
1.6149999999999984 1.3740000000000065
1.6159999999999983 1.3696000000000084
1.6169999999999982 1.3652000000000073
1.617999999999998 1.360800000000009
1.618999999999998 1.3564000000000107
1.6199999999999979 1.3520000000000096
1.6209999999999978 1.3476000000000083
1.6219999999999977 1.3432000000000102
1.6229999999999976 1.338800000000012
1.6239999999999974 1.3344000000000107
1.6249999999999973 1.3300000000000096
1.6259999999999972 1.3256000000000114
1.6269999999999971 1.321200000000013
1.627999999999997 1.316800000000012
1.628999999999997 1.312400000000011
1.6299999999999968 1.3080000000000154
1.6309999999999967 1.3036000000000172
1.6319999999999966 1.2992000000000132
1.6329999999999965 1.294800000000015
1.6339999999999963 1.2904000000000166
1.6349999999999962 1.2860000000000185
1.6359999999999961 1.2816000000000174
1.636999999999996 1.277200000000016
1.637999999999996 1.272800000000018
1.6389999999999958 1.2684000000000197
1.6399999999999957 1.2640000000000184
1.6409999999999956 1.2596000000000174
1.6419999999999955 1.2552000000000192
1.6429999999999954 1.2508000000000208
1.6439999999999952 1.2464000000000197
1.6449999999999951 1.2420000000000186
1.645999999999995 1.2376000000000205
1.646999999999995 1.233200000000022
1.6479999999999948 1.2288000000000239
1.6489999999999947 1.2244000000000228
1.6499999999999946 1.2200000000000244
1.6509999999999945 1.2156000000000262
1.6519999999999944 1.2112000000000251
1.6529999999999943 1.2068000000000239
1.6539999999999941 1.2024000000000257
1.654999999999994 1.1980000000000275
1.655999999999994 1.1936000000000262
1.6569999999999938 1.1892000000000251
1.6579999999999937 1.184800000000027
1.6589999999999936 1.1804000000000285
1.6599999999999935 1.1760000000000275
1.6609999999999934 1.1716000000000264
1.6619999999999933 1.1672000000000309
1.6629999999999932 1.1628000000000327
1.663999999999993 1.1584000000000287
1.664999999999993 1.1540000000000306
1.6659999999999928 1.1496000000000322
1.6669999999999927 1.145200000000034
1.6679999999999926 1.140800000000033
1.6689999999999925 1.1364000000000316
1.6699999999999924 1.1320000000000334
1.6709999999999923 1.1276000000000352
1.6719999999999922 1.123200000000034
1.672999999999992 1.1188000000000329
1.673999999999992 1.1144000000000347
1.6749999999999918 1.1100000000000363
1.6759999999999917 1.1056000000000352
1.6769999999999916 1.1012000000000342
1.6779999999999915 1.096800000000036
1.6789999999999914 1.0924000000000376
1.6799999999999913 1.0880000000000394
1.6809999999999912 1.0836000000000383
1.681999999999991 1.07920000000004
1.682999999999991 1.0748000000000417
1.6839999999999908 1.0704000000000407
1.6849999999999907 1.0660000000000394
1.6859999999999906 1.0616000000000412
1.6869999999999905 1.057200000000043
1.6879999999999904 1.0528000000000417
1.6889999999999903 1.0484000000000406
1.6899999999999902 1.0440000000000424
1.69099999999999 1.039600000000044
1.69199999999999 1.035200000000043
1.6929999999999898 1.030800000000042
1.6939999999999897 1.0264000000000464
1.6949999999999896 1.0220000000000482
1.6959999999999895 1.0176000000000442
1.6969999999999894 1.013200000000046
1.6979999999999893 1.0088000000000477
1.6989999999999892 1.0044000000000495
1.699999999999989 1.0000000000000484
1.700999999999989 0.9956000000000472
1.7019999999999889 0.9912000000000489
1.7029999999999887 0.9868000000000506
1.7039999999999886 0.9824000000000496
1.7049999999999885 0.9780000000000484
1.7059999999999884 0.9736000000000502
1.7069999999999883 0.9692000000000519
1.7079999999999882 0.9648000000000507
1.708999999999988 0.9604000000000497
1.709999999999988 0.9560000000000514
1.7109999999999879 0.9516000000000531
1.7119999999999878 0.9472000000000549
1.7129999999999876 0.9428000000000537
1.7139999999999875 0.9384000000000554
1.7149999999999874 0.9340000000000572
1.7159999999999873 0.929600000000056
1.7169999999999872 0.925200000000055
1.717999999999987 0.9208000000000567
1.718999999999987 0.9164000000000584
1.7199999999999869 0.9120000000000573
1.7209999999999868 0.9076000000000561
1.7219999999999867 0.903200000000058
1.7229999999999865 0.8988000000000597
1.7239999999999864 0.8944000000000585
1.7249999999999863 0.8900000000000574
1.7259999999999862 0.885600000000062
1.726999999999986 0.8812000000000637
1.727999999999986 0.8768000000000598
1.7289999999999859 0.8724000000000615
1.7299999999999858 0.8680000000000632
1.7309999999999857 0.863600000000065
1.7319999999999856 0.8592000000000638
1.7329999999999854 0.8548000000000627
1.7339999999999853 0.8504000000000644
1.7349999999999852 0.8460000000000661
1.735999999999985 0.8416000000000651
1.736999999999985 0.8372000000000639
1.737999999999985 0.8328000000000657
1.7389999999999848 0.8284000000000674
1.7399999999999847 0.8240000000000662
1.7409999999999846 0.8196000000000652
1.7419999999999844 0.8152000000000669
1.7429999999999843 0.8108000000000686
1.7439999999999842 0.8064000000000704
1.7449999999999841 0.8020000000000692
1.745999999999984 0.7976000000000709
1.746999999999984 0.7932000000000727
1.7479999999999838 0.7888000000000716
1.7489999999999837 0.7844000000000705
1.7499999999999836 0.7800000000000722
1.7509999999999835 0.7756000000000739
1.7519999999999833 0.7712000000000728
1.7529999999999832 0.7668000000000716
1.7539999999999831 0.7624000000000735
1.754999999999983 0.7580000000000752
1.755999999999983 0.753600000000074
1.7569999999999828 0.7492000000000744
1.7579999999999827 0.7448000000000761
1.7589999999999826 0.7404000000000778
1.7599999999999825 0.7360000000000767
1.7609999999999824 0.7316000000000755
1.7619999999999822 0.7272000000000787
1.7629999999999821 0.7228000000000805
