1.763999999999982 0.7184000000000793
1.764999999999982 0.7140000000000782
1.7659999999999818 0.70960000000008
1.7669999999999817 0.7052000000000817
1.7679999999999816 0.7008000000000806
1.7689999999999815 0.6964000000000794
1.7699999999999814 0.6920000000000812
1.7709999999999813 0.6876000000000829
1.7719999999999811 0.6832000000000817
1.772999999999981 0.6788000000000821
1.773999999999981 0.6744000000000838
1.7749999999999808 0.6700000000000855
1.7759999999999807 0.6656000000000845
1.7769999999999806 0.6612000000000833
1.7779999999999805 0.6568000000000864
1.7789999999999804 0.6524000000000882
1.7799999999999803 0.6480000000000871
1.7809999999999802 0.643600000000086
1.78199999999998 0.6392000000000877
1.78299999999998 0.6348000000000894
1.7839999999999798 0.6304000000000883
1.7849999999999797 0.6260000000000872
1.7859999999999796 0.621600000000089
1.7869999999999795 0.6172000000000907
1.7879999999999794 0.6128000000000895
1.7889999999999793 0.6084000000000899
1.7899999999999792 0.6040000000000916
1.790999999999979 0.5996000000000933
1.791999999999979 0.5952000000000922
1.7929999999999788 0.590800000000091
1.7939999999999787 0.5864000000000942
1.7949999999999786 0.582000000000096
1.7959999999999785 0.5776000000000948
1.7969999999999784 0.5732000000000937
1.7979999999999783 0.5688000000000955
1.7989999999999782 0.5644000000000972
1.799999999999978 0.5600000000000961
1.800999999999978 0.5556000000000949
1.8019999999999778 0.5512000000000967
1.8029999999999777 0.5468000000000984
1.8039999999999776 0.5424000000000972
1.8049999999999775 0.5380000000000976
1.8059999999999774 0.5336000000000993
1.8069999999999773 0.529200000000101
1.8079999999999772 0.5248000000001
1.808999999999977 0.5204000000000988
1.809999999999977 0.5160000000001019
1.8109999999999769 0.5116000000001037
1.8119999999999767 0.5072000000001026
1.8129999999999766 0.5028000000001015
1.8139999999999765 0.4984000000001032
1.8149999999999764 0.4940000000001049
1.8159999999999763 0.48960000000010384
1.8169999999999762 0.4852000000001027
1.817999999999976 0.4808000000001044
1.818999999999976 0.4764000000001062
1.8199999999999759 0.47200000000010506
1.8209999999999757 0.4676000000001054
1.8219999999999756 0.4632000000001071
1.8229999999999755 0.4588000000001088
1.8239999999999754 0.4544000000001077
1.8249999999999753 0.4500000000001066
1.8259999999999752 0.44560000000010974
1.826999999999975 0.44120000000011145
1.827999999999975 0.4368000000001103
1.8289999999999749 0.43240000000010925
1.8299999999999748 0.42800000000011096
1.8309999999999746 0.42360000000011266
1.8319999999999745 0.4192000000001116
1.8329999999999744 0.41480000000011047
1.8339999999999743 0.4104000000001122
1.8349999999999742 0.40600000000011394
1.835999999999974 0.4016000000001128
1.836999999999974 0.39720000000011313
1.8379999999999739 0.39280000000011484
1.8389999999999738 0.38840000000011654
1.8399999999999737 0.38400000000011547
1.8409999999999735 0.37960000000011435
1.8419999999999734 0.3752000000001175
1.8429999999999733 0.3708000000001192
1.8439999999999732 0.3664000000001181
1.844999999999973 0.362000000000117
1.845999999999973 0.3576000000001187
1.8469999999999729 0.3532000000001204
1.8479999999999728 0.34880000000011935
1.8489999999999727 0.3444000000001182
1.8499999999999726 0.34000000000011993
1.8509999999999724 0.3356000000001217
1.8519999999999723 0.33120000000012056
1.8529999999999722 0.3268000000001209
1.8539999999999721 0.3224000000001226
1.854999999999972 0.3180000000001243
1.855999999999972 0.3136000000001232
1.8569999999999718 0.3092000000001221
1.8579999999999717 0.30480000000012525
1.8589999999999716 0.30040000000012695
1.8599999999999715 0.29600000000012583
1.8609999999999713 0.29160000000012476
1.8619999999999712 0.28720000000012647
1.8629999999999711 0.28280000000012817
1.863999999999971 0.2784000000001271
1.864999999999971 0.274000000000126
1.8659999999999708 0.2696000000001277
1.8669999999999707 0.26520000000012944
1.8679999999999706 0.2608000000001283
1.8689999999999705 0.25640000000012864
1.8699999999999704 0.25200000000013034
1.8709999999999702 0.24760000000013208
1.8719999999999701 0.24320000000013095
1.87299999999997 0.23880000000012985
1.87399999999997 0.234400000000133
1.8749999999999698 0.2300000000001347
1.8759999999999697 0.2256000000001336
1.8769999999999696 0.22120000000013249
1.8779999999999695 0.21680000000013422
1.8789999999999694 0.21240000000013595
1.8799999999999693 0.20800000000013483
1.8809999999999691 0.20360000000013373
1.881999999999969 0.19920000000013544
1.882999999999969 0.19480000000013717
1.8839999999999688 0.19040000000013607
1.8849999999999687 0.18600000000013636
1.8859999999999686 0.1816000000001381
1.8869999999999685 0.17720000000013983
1.8879999999999684 0.1728000000001387
1.8889999999999683 0.1684000000001376
1.8899999999999681 0.16400000000014076
1.890999999999968 0.15960000000014246
1.891999999999968 0.15520000000014136
1.8929999999999678 0.15080000000014024
1.8939999999999677 0.14640000000014197
1.8949999999999676 0.1420000000001437
1.8959999999999675 0.13760000000014258
1.8969999999999674 0.13320000000014148
1.8979999999999673 0.1288000000001432
1.8989999999999672 0.12440000000014492
1.899999999999967 0.12000000000014381
1.900999999999967 0.11560000000014412
1.9019999999999668 0.11120000000014585
1.9029999999999667 0.10680000000014758
1.9039999999999666 0.10240000000014646
1.9049999999999665 0.09800000000014535
1.9059999999999664 0.0936000000001485
1.9069999999999663 0.08920000000015023
1.9079999999999662 0.08480000000014912
1.908999999999966 0.08040000000014799
1.909999999999966 0.07600000000014973
1.9109999999999658 0.07160000000015146
1.9119999999999657 0.06720000000015033
1.9129999999999656 0.06280000000014922
1.9139999999999655 0.058400000000150956
1.9149999999999654 0.05400000000015268
1.9159999999999653 0.049600000000151565
1.9169999999999652 0.045200000000151876
1.917999999999965 0.0408000000001536
1.918999999999965 0.03640000000015533
1.9199999999999648 0.03200000000015422
1.9209999999999647 0.027600000000153103
1.9219999999999646 0.023200000000156252
1.9229999999999645 0.01880000000015798
1.9239999999999644 0.014400000000156865
1.9249999999999643 0.01000000000015575
1.9259999999999642 0.005600000000157479
1.926999999999964 0.001200000000159207
