1.6 0.15999999999999978
1.601 0.16039999999999957
1.6019999999999999 0.16080000000000005
1.6029999999999998 0.16119999999999984
1.6039999999999996 0.1615999999999996
1.6049999999999995 0.1620000000000001
1.6059999999999994 0.16239999999999988
1.6069999999999993 0.16279999999999967
1.6079999999999992 0.16319999999999943
1.608999999999999 0.16359999999999922
1.609999999999999 0.1639999999999997
1.6109999999999989 0.1643999999999995
1.6119999999999988 0.16479999999999925
1.6129999999999987 0.16519999999999974
1.6139999999999985 0.16559999999999953
1.6149999999999984 0.16599999999999931
1.6159999999999983 0.16639999999999908
1.6169999999999982 0.16679999999999887
1.617999999999998 0.16719999999999935
1.618999999999998 0.16759999999999914
1.6199999999999979 0.1679999999999989
1.6209999999999978 0.16839999999999938
1.6219999999999977 0.16879999999999917
1.6229999999999976 0.16919999999999896
1.6239999999999974 0.16959999999999872
1.6249999999999973 0.1699999999999985
1.6259999999999972 0.170399999999999
1.6269999999999971 0.1707999999999988
1.627999999999997 0.17119999999999855
1.628999999999997 0.17159999999999903
1.6299999999999968 0.17199999999999882
1.6309999999999967 0.1723999999999986
1.6319999999999966 0.17279999999999837
1.6329999999999965 0.17319999999999816
1.6339999999999963 0.17359999999999864
1.6349999999999962 0.17399999999999843
1.6359999999999961 0.1743999999999982
1.636999999999996 0.17479999999999868
1.637999999999996 0.17519999999999847
1.6389999999999958 0.17559999999999826
1.6399999999999957 0.17599999999999802
1.6409999999999956 0.1763999999999978
1.6419999999999955 0.1767999999999983
1.6429999999999954 0.17719999999999808
1.6439999999999952 0.17759999999999784
1.6449999999999951 0.17799999999999833
1.645999999999995 0.17839999999999812
1.646999999999995 0.1787999999999979
1.6479999999999948 0.17919999999999767
1.6489999999999947 0.17959999999999746
1.6499999999999946 0.17999999999999794
1.6509999999999945 0.18039999999999773
1.6519999999999944 0.1807999999999975
1.6529999999999943 0.18119999999999797
1.6539999999999941 0.18159999999999776
1.654999999999994 0.18199999999999755
1.655999999999994 0.18239999999999731
1.6569999999999938 0.1827999999999971
1.6579999999999937 0.1831999999999976
1.6589999999999936 0.18359999999999738
1.6599999999999935 0.18399999999999714
1.6609999999999934 0.18439999999999762
1.6619999999999933 0.1847999999999974
1.6629999999999932 0.1851999999999972
1.663999999999993 0.18559999999999696
1.664999999999993 0.18599999999999675
1.6659999999999928 0.18639999999999723
1.6669999999999927 0.18679999999999702
1.6679999999999926 0.18719999999999679
1.6689999999999925 0.18759999999999727
1.6699999999999924 0.18799999999999706
1.6709999999999923 0.18839999999999685
1.6719999999999922 0.1887999999999966
1.672999999999992 0.1891999999999964
1.673999999999992 0.18959999999999688
1.6749999999999918 0.18999999999999667
1.6759999999999917 0.19039999999999643
1.6769999999999916 0.19079999999999692
1.6779999999999915 0.1911999999999967
1.6789999999999914 0.1915999999999965
1.6799999999999913 0.19199999999999626
1.6809999999999912 0.19239999999999605
1.681999999999991 0.19279999999999653
1.682999999999991 0.19319999999999632
1.6839999999999908 0.19359999999999608
1.6849999999999907 0.19399999999999656
1.6859999999999906 0.19439999999999635
1.6869999999999905 0.19479999999999614
1.6879999999999904 0.1951999999999959
1.6889999999999903 0.1955999999999957
1.6899999999999902 0.19599999999999618
1.69099999999999 0.19639999999999597
1.69199999999999 0.19679999999999573
1.6929999999999898 0.1971999999999962
1.6939999999999897 0.197599999999996
1.6949999999999896 0.1979999999999958
1.6959999999999895 0.19839999999999555
1.6969999999999894 0.19879999999999534
1.6979999999999893 0.19919999999999582
1.6989999999999892 0.19959999999999561
1.699999999999989 0.19999999999999538
1.700999999999989 0.20039999999999586
1.7019999999999889 0.20079999999999565
1.7029999999999887 0.20119999999999544
1.7039999999999886 0.2015999999999952
1.7049999999999885 0.201999999999995
1.7059999999999884 0.20239999999999547
1.7069999999999883 0.20279999999999526
1.7079999999999882 0.20319999999999502
1.708999999999988 0.2035999999999955
1.709999999999988 0.2039999999999953
1.7109999999999879 0.20439999999999509
1.7119999999999878 0.20479999999999485
1.7129999999999876 0.20519999999999464
1.7139999999999875 0.20559999999999512
1.7149999999999874 0.2059999999999949
1.7159999999999873 0.20639999999999467
1.7169999999999872 0.20679999999999515
1.717999999999987 0.20719999999999494
1.718999999999987 0.20759999999999473
1.7199999999999869 0.2079999999999945
1.7209999999999868 0.20839999999999428
1.7219999999999867 0.20879999999999477
1.7229999999999865 0.20919999999999456
1.7239999999999864 0.20959999999999432
1.7249999999999863 0.2099999999999948
1.7259999999999862 0.2103999999999946
1.726999999999986 0.21079999999999438
1.727999999999986 0.21119999999999414
1.7289999999999859 0.21159999999999393
1.7299999999999858 0.21199999999999442
1.7309999999999857 0.2123999999999942
1.7319999999999856 0.21279999999999397
1.7329999999999854 0.21319999999999445
1.7339999999999853 0.21359999999999424
1.7349999999999852 0.21399999999999403
1.735999999999985 0.2143999999999938
1.736999999999985 0.21479999999999358
1.737999999999985 0.21519999999999406
1.7389999999999848 0.21559999999999385
1.7399999999999847 0.2159999999999936
1.7409999999999846 0.2163999999999941
1.7419999999999844 0.2167999999999939
1.7429999999999843 0.21719999999999368
1.7439999999999842 0.21759999999999344
1.7449999999999841 0.21799999999999323
1.745999999999984 0.2183999999999937
1.746999999999984 0.2187999999999935
1.7479999999999838 0.21919999999999326
1.7489999999999837 0.21959999999999374
1.7499999999999836 0.21999999999999353
1.7509999999999835 0.22039999999999332
1.7519999999999833 0.22079999999999309
1.7529999999999832 0.22119999999999287
1.7539999999999831 0.22159999999999336
1.754999999999983 0.22199999999999315
1.755999999999983 0.2223999999999929
1.7569999999999828 0.2227999999999934
1.7579999999999827 0.22319999999999318
1.7589999999999826 0.22359999999999297
1.7599999999999825 0.22399999999999273
1.7609999999999824 0.22439999999999252
1.7619999999999822 0.224799999999993
1.7629999999999821 0.2251999999999928
