1.763999999999982 0.22559999999999256
1.764999999999982 0.22599999999999304
1.7659999999999818 0.22639999999999283
1.7669999999999817 0.22679999999999262
1.7679999999999816 0.22719999999999238
1.7689999999999815 0.22759999999999217
1.7699999999999814 0.22799999999999265
1.7709999999999813 0.22839999999999244
1.7719999999999811 0.2287999999999922
1.772999999999981 0.2291999999999927
1.773999999999981 0.22959999999999248
1.7749999999999808 0.22999999999999227
1.7759999999999807 0.23039999999999203
1.7769999999999806 0.23079999999999182
1.7779999999999805 0.2311999999999923
1.7789999999999804 0.2315999999999921
1.7799999999999803 0.23199999999999185
1.7809999999999802 0.23239999999999233
1.78199999999998 0.23279999999999212
1.78299999999998 0.2331999999999919
1.7839999999999798 0.23359999999999168
1.7849999999999797 0.23399999999999146
1.7859999999999796 0.23439999999999195
1.7869999999999795 0.23479999999999174
1.7879999999999794 0.2351999999999915
1.7889999999999793 0.23559999999999198
1.7899999999999792 0.23599999999999177
1.790999999999979 0.23639999999999156
1.791999999999979 0.23679999999999132
1.7929999999999788 0.2371999999999911
1.7939999999999787 0.2375999999999916
1.7949999999999786 0.23799999999999139
1.7959999999999785 0.23839999999999115
1.7969999999999784 0.23879999999999163
1.7979999999999783 0.23919999999999142
1.7989999999999782 0.2395999999999912
1.799999999999978 0.23999999999999097
1.800999999999978 0.24039999999999076
1.8019999999999778 0.24079999999999124
1.8029999999999777 0.24119999999999103
1.8039999999999776 0.2415999999999908
1.8049999999999775 0.24199999999999128
1.8059999999999774 0.24239999999999107
1.8069999999999773 0.24279999999999086
1.8079999999999772 0.24319999999999062
1.808999999999977 0.2435999999999904
1.809999999999977 0.2439999999999909
1.8109999999999769 0.24439999999999068
1.8119999999999767 0.24479999999999044
1.8129999999999766 0.24519999999999093
1.8139999999999765 0.24559999999999071
1.8149999999999764 0.2459999999999905
1.8159999999999763 0.24639999999999027
1.8169999999999762 0.24679999999999006
1.817999999999976 0.24719999999999054
1.818999999999976 0.24759999999999033
1.8199999999999759 0.2479999999999901
1.8209999999999757 0.24839999999999057
1.8219999999999756 0.24879999999999036
1.8229999999999755 0.24919999999999015
1.8239999999999754 0.2495999999999899
1.8249999999999753 0.2499999999999897
1.8259999999999752 0.2503999999999902
1.826999999999975 0.25079999999999
1.827999999999975 0.25119999999998976
1.8289999999999749 0.2515999999999902
1.8299999999999748 0.25199999999999
1.8309999999999746 0.2523999999999898
1.8319999999999745 0.2527999999999896
1.8329999999999744 0.2531999999999893
1.8339999999999743 0.25359999999998983
1.8349999999999742 0.2539999999999896
1.835999999999974 0.2543999999999894
1.836999999999974 0.25479999999998987
1.8379999999999739 0.25519999999998966
1.8389999999999738 0.25559999999998945
1.8399999999999737 0.25599999999998924
1.8409999999999735 0.25639999999998897
1.8419999999999734 0.2567999999999895
1.8429999999999733 0.25719999999998927
1.8439999999999732 0.25759999999998906
1.844999999999973 0.2579999999999895
1.845999999999973 0.2583999999999893
1.8469999999999729 0.2587999999999891
1.8479999999999728 0.2591999999999889
1.8489999999999727 0.2595999999999886
1.8499999999999726 0.25999999999998913
1.8509999999999724 0.2603999999999889
1.8519999999999723 0.2607999999999887
1.8529999999999722 0.26119999999998916
1.8539999999999721 0.26159999999998895
1.854999999999972 0.26199999999998874
1.855999999999972 0.26239999999998853
1.8569999999999718 0.26279999999998827
1.8579999999999717 0.2631999999999888
1.8589999999999716 0.26359999999998857
1.8599999999999715 0.26399999999998836
1.8609999999999713 0.2643999999999888
1.8619999999999712 0.2647999999999886
1.8629999999999711 0.2651999999999884
1.863999999999971 0.2655999999999882
1.864999999999971 0.2659999999999879
1.8659999999999708 0.2663999999999884
1.8669999999999707 0.2667999999999882
1.8679999999999706 0.267199999999988
1.8689999999999705 0.26759999999998846
1.8699999999999704 0.26799999999998825
1.8709999999999702 0.26839999999998804
1.8719999999999701 0.2687999999999878
1.87299999999997 0.26919999999998756
1.87399999999997 0.26959999999998807
1.8749999999999698 0.26999999999998786
1.8759999999999697 0.27039999999998765
1.8769999999999696 0.2707999999999881
1.8779999999999695 0.2711999999999879
1.8789999999999694 0.2715999999999877
1.8799999999999693 0.2719999999999875
1.8809999999999691 0.2723999999999872
1.881999999999969 0.2727999999999877
1.882999999999969 0.2731999999999875
1.8839999999999688 0.2735999999999873
1.8849999999999687 0.27399999999998775
1.8859999999999686 0.27439999999998754
1.8869999999999685 0.27479999999998733
1.8879999999999684 0.2751999999999871
1.8889999999999683 0.27559999999998686
1.8899999999999681 0.27599999999998737
1.890999999999968 0.27639999999998716
1.891999999999968 0.27679999999998695
1.8929999999999678 0.2771999999999874
1.8939999999999677 0.2775999999999872
1.8949999999999676 0.277999999999987
1.8959999999999675 0.27839999999998677
1.8969999999999674 0.2787999999999865
1.8979999999999673 0.279199999999987
1.8989999999999672 0.2795999999999868
1.899999999999967 0.2799999999999866
1.900999999999967 0.28039999999998705
1.9019999999999668 0.28079999999998684
1.9029999999999667 0.2811999999999866
1.9039999999999666 0.2815999999999864
1.9049999999999665 0.28199999999998615
1.9059999999999664 0.28239999999998666
1.9069999999999663 0.28279999999998645
1.9079999999999662 0.28319999999998624
1.908999999999966 0.2835999999999867
1.909999999999966 0.2839999999999865
1.9109999999999658 0.2843999999999863
1.9119999999999657 0.28479999999998606
1.9129999999999656 0.2851999999999858
1.9139999999999655 0.2855999999999863
1.9149999999999654 0.2859999999999861
1.9159999999999653 0.2863999999999859
1.9169999999999652 0.28679999999998634
1.917999999999965 0.28719999999998613
1.918999999999965 0.2875999999999859
1.9199999999999648 0.2879999999999857
1.9209999999999647 0.28839999999998545
1.9219999999999646 0.28879999999998596
1.9229999999999645 0.28919999999998575
1.9239999999999644 0.28959999999998554
1.9249999999999643 0.289999999999986
1.9259999999999642 0.2903999999999858
1.926999999999964 0.29079999999998557
