1.763999999999982 0.08199999999999097
1.764999999999982 0.08249999999999105
1.7659999999999818 0.08299999999999094
1.7669999999999817 0.08349999999999085
1.7679999999999816 0.08399999999999075
1.7689999999999815 0.08449999999999065
1.7699999999999814 0.08499999999999072
1.7709999999999813 0.08549999999999063
1.7719999999999811 0.08599999999999053
1.772999999999981 0.08649999999999061
1.773999999999981 0.0869999999999905
1.7749999999999808 0.0874999999999904
1.7759999999999807 0.08799999999999031
1.7769999999999806 0.08849999999999021
1.7779999999999805 0.08899999999999028
1.7789999999999804 0.08949999999999018
1.7799999999999803 0.08999999999999009
1.7809999999999802 0.09049999999999017
1.78199999999998 0.09099999999999006
1.78299999999998 0.09149999999998996
1.7839999999999798 0.09199999999998987
1.7849999999999797 0.09249999999998977
1.7859999999999796 0.09299999999998984
1.7869999999999795 0.09349999999998974
1.7879999999999794 0.09399999999998965
1.7889999999999793 0.09449999999998973
1.7899999999999792 0.09499999999998962
1.790999999999979 0.09549999999998952
1.791999999999979 0.09599999999998943
1.7929999999999788 0.09649999999998933
1.7939999999999787 0.0969999999999894
1.7949999999999786 0.0974999999999893
1.7959999999999785 0.0979999999999892
1.7969999999999784 0.09849999999998929
1.7979999999999783 0.09899999999998918
1.7989999999999782 0.09949999999998908
1.799999999999978 0.09999999999998899
1.800999999999978 0.10049999999998889
1.8019999999999778 0.10099999999998896
1.8029999999999777 0.10149999999998886
1.8039999999999776 0.10199999999998877
1.8049999999999775 0.10249999999998885
1.8059999999999774 0.10299999999998874
1.8069999999999773 0.10349999999998864
1.8079999999999772 0.10399999999998855
1.808999999999977 0.10449999999998845
1.809999999999977 0.10499999999998852
1.8109999999999769 0.10549999999998842
1.8119999999999767 0.10599999999998833
1.8129999999999766 0.10649999999998841
1.8139999999999765 0.1069999999999883
1.8149999999999764 0.1074999999999882
1.8159999999999763 0.1079999999999881
1.8169999999999762 0.10849999999998801
1.817999999999976 0.10899999999998808
1.818999999999976 0.10949999999998798
1.8199999999999759 0.10999999999998789
1.8209999999999757 0.11049999999998797
1.8219999999999756 0.11099999999998786
1.8229999999999755 0.11149999999998776
1.8239999999999754 0.11199999999998766
1.8249999999999753 0.11249999999998757
1.8259999999999752 0.11299999999998764
1.826999999999975 0.11349999999998754
1.827999999999975 0.11399999999998744
1.8289999999999749 0.11449999999998753
1.8299999999999748 0.11499999999998742
1.8309999999999746 0.11549999999998732
1.8319999999999745 0.11599999999998722
1.8329999999999744 0.11649999999998713
1.8339999999999743 0.1169999999999872
1.8349999999999742 0.1174999999999871
1.835999999999974 0.117999999999987
1.836999999999974 0.11849999999998709
1.8379999999999739 0.11899999999998698
1.8389999999999738 0.11949999999998688
1.8399999999999737 0.11999999999998678
1.8409999999999735 0.12049999999998669
1.8419999999999734 0.12099999999998676
1.8429999999999733 0.12149999999998666
1.8439999999999732 0.12199999999998656
1.844999999999973 0.12249999999998665
1.845999999999973 0.12299999999998654
1.8469999999999729 0.12349999999998644
1.8479999999999728 0.12399999999998634
1.8489999999999727 0.12449999999998625
1.8499999999999726 0.12499999999998632
1.8509999999999724 0.12549999999998623
1.8519999999999723 0.12599999999998612
1.8529999999999722 0.1264999999999862
1.8539999999999721 0.1269999999999861
1.854999999999972 0.127499999999986
1.855999999999972 0.1279999999999859
1.8569999999999718 0.1284999999999858
1.8579999999999717 0.12899999999998588
1.8589999999999716 0.1294999999999858
1.8599999999999715 0.12999999999998568
1.8609999999999713 0.13049999999998577
1.8619999999999712 0.13099999999998566
1.8629999999999711 0.13149999999998557
1.863999999999971 0.13199999999998546
1.864999999999971 0.13249999999998535
1.8659999999999708 0.13299999999998544
1.8669999999999707 0.13349999999998535
1.8679999999999706 0.13399999999998524
1.8689999999999705 0.13449999999998533
1.8699999999999704 0.13499999999998522
1.8709999999999702 0.13549999999998513
1.8719999999999701 0.13599999999998502
1.87299999999997 0.1364999999999849
1.87399999999997 0.136999999999985
1.8749999999999698 0.1374999999999849
1.8759999999999697 0.1379999999999848
1.8769999999999696 0.13849999999998489
1.8779999999999695 0.13899999999998477
1.8789999999999694 0.1394999999999847
1.8799999999999693 0.13999999999998458
1.8809999999999691 0.14049999999998447
1.881999999999969 0.14099999999998455
1.882999999999969 0.14149999999998447
1.8839999999999688 0.14199999999998436
1.8849999999999687 0.14249999999998444
1.8859999999999686 0.14299999999998433
1.8869999999999685 0.14349999999998425
1.8879999999999684 0.14399999999998414
1.8889999999999683 0.14449999999998403
1.8899999999999681 0.1449999999999841
1.890999999999968 0.14549999999998403
1.891999999999968 0.14599999999998392
1.8929999999999678 0.146499999999984
1.8939999999999677 0.1469999999999839
1.8949999999999676 0.1474999999999838
1.8959999999999675 0.1479999999999837
1.8969999999999674 0.1484999999999836
1.8979999999999673 0.14899999999998367
1.8989999999999672 0.1494999999999836
1.899999999999967 0.14999999999998348
1.900999999999967 0.15049999999998356
1.9019999999999668 0.15099999999998345
1.9029999999999667 0.15149999999998337
1.9039999999999666 0.15199999999998326
1.9049999999999665 0.15249999999998315
1.9059999999999664 0.15299999999998323
1.9069999999999663 0.15349999999998315
1.9079999999999662 0.15399999999998304
1.908999999999966 0.15449999999998312
1.909999999999966 0.154999999999983
1.9109999999999658 0.15549999999998293
1.9119999999999657 0.15599999999998282
1.9129999999999656 0.1564999999999827
1.9139999999999655 0.1569999999999828
1.9149999999999654 0.1574999999999827
1.9159999999999653 0.1579999999999826
1.9169999999999652 0.15849999999998268
1.917999999999965 0.15899999999998257
1.918999999999965 0.1594999999999825
1.9199999999999648 0.15999999999998238
1.9209999999999647 0.16049999999998227
1.9219999999999646 0.16099999999998235
1.9229999999999645 0.16149999999998227
1.9239999999999644 0.16199999999998216
1.9249999999999643 0.16249999999998224
1.9259999999999642 0.16299999999998213
1.926999999999964 0.16349999999998205
