1.6 0.0
1.601 0.0004999999999999005
1.6019999999999999 0.0009999999999999788
1.6029999999999998 0.0014999999999998793
1.6039999999999996 0.0019999999999997797
1.6049999999999995 0.002499999999999858
1.6059999999999994 0.0029999999999997585
1.6069999999999993 0.0034999999999996588
1.6079999999999992 0.0039999999999995595
1.608999999999999 0.00449999999999946
1.609999999999999 0.004999999999999538
1.6109999999999989 0.0054999999999994385
1.6119999999999988 0.005999999999999339
1.6129999999999987 0.006499999999999418
1.6139999999999985 0.0069999999999993175
1.6149999999999984 0.007499999999999218
1.6159999999999983 0.007999999999999119
1.6169999999999982 0.008499999999999019
1.617999999999998 0.008999999999999097
1.618999999999998 0.009499999999998999
1.6199999999999979 0.009999999999998899
1.6209999999999978 0.010499999999998977
1.6219999999999977 0.010999999999998877
1.6229999999999976 0.011499999999998779
1.6239999999999974 0.011999999999998678
1.6249999999999973 0.012499999999998578
1.6259999999999972 0.012999999999998657
1.6269999999999971 0.013499999999998558
1.627999999999997 0.013999999999998458
1.628999999999997 0.014499999999998537
1.6299999999999968 0.014999999999998436
1.6309999999999967 0.015499999999998338
1.6319999999999966 0.015999999999998238
1.6329999999999965 0.016499999999998138
1.6339999999999963 0.016999999999998218
1.6349999999999962 0.017499999999998118
1.6359999999999961 0.017999999999998018
1.636999999999996 0.018499999999998094
1.637999999999996 0.018999999999997998
1.6389999999999958 0.019499999999997897
1.6399999999999957 0.019999999999997797
1.6409999999999956 0.020499999999997697
1.6419999999999955 0.020999999999997777
1.6429999999999954 0.021499999999997677
1.6439999999999952 0.021999999999997577
1.6449999999999951 0.022499999999997654
1.645999999999995 0.022999999999997557
1.646999999999995 0.023499999999997457
1.6479999999999948 0.023999999999997357
1.6489999999999947 0.024499999999997257
1.6499999999999946 0.024999999999997337
1.6509999999999945 0.025499999999997237
1.6519999999999944 0.025999999999997137
1.6529999999999943 0.026499999999997213
1.6539999999999941 0.026999999999997117
1.654999999999994 0.027499999999997016
1.655999999999994 0.027999999999996916
1.6569999999999938 0.028499999999996816
1.6579999999999937 0.028999999999996896
1.6589999999999936 0.029499999999996796
1.6599999999999935 0.029999999999996696
1.6609999999999934 0.030499999999996773
1.6619999999999933 0.030999999999996676
1.6629999999999932 0.03149999999999657
1.663999999999993 0.031999999999996476
1.664999999999993 0.03249999999999638
1.6659999999999928 0.032999999999996456
1.6669999999999927 0.03349999999999635
1.6679999999999926 0.033999999999996255
1.6689999999999925 0.03449999999999633
1.6699999999999924 0.034999999999996236
1.6709999999999923 0.03549999999999613
1.6719999999999922 0.035999999999996035
1.672999999999992 0.03649999999999594
1.673999999999992 0.036999999999996015
1.6749999999999918 0.03749999999999591
1.6759999999999917 0.037999999999995815
1.6769999999999916 0.03849999999999589
1.6779999999999915 0.038999999999995795
1.6789999999999914 0.03949999999999569
1.6799999999999913 0.039999999999995595
1.6809999999999912 0.0404999999999955
1.681999999999991 0.040999999999995575
1.682999999999991 0.04149999999999547
1.6839999999999908 0.041999999999995374
1.6849999999999907 0.04249999999999545
1.6859999999999906 0.042999999999995354
1.6869999999999905 0.04349999999999525
1.6879999999999904 0.043999999999995154
1.6889999999999903 0.04449999999999506
1.6899999999999902 0.044999999999995134
1.69099999999999 0.04549999999999503
1.69199999999999 0.045999999999994934
1.6929999999999898 0.04649999999999501
1.6939999999999897 0.046999999999994914
1.6949999999999896 0.04749999999999481
1.6959999999999895 0.047999999999994714
1.6969999999999894 0.04849999999999462
1.6979999999999893 0.048999999999994694
1.6989999999999892 0.04949999999999459
1.699999999999989 0.04999999999999449
1.700999999999989 0.05049999999999457
1.7019999999999889 0.05099999999999447
1.7029999999999887 0.05149999999999437
1.7039999999999886 0.05199999999999427
1.7049999999999885 0.052499999999994176
1.7059999999999884 0.05299999999999425
1.7069999999999883 0.05349999999999415
1.7079999999999882 0.05399999999999405
1.708999999999988 0.05449999999999413
1.709999999999988 0.05499999999999403
1.7109999999999879 0.05549999999999393
1.7119999999999878 0.05599999999999383
1.7129999999999876 0.056499999999993736
1.7139999999999875 0.05699999999999381
1.7149999999999874 0.05749999999999371
1.7159999999999873 0.05799999999999361
1.7169999999999872 0.05849999999999369
1.717999999999987 0.05899999999999359
1.718999999999987 0.05949999999999349
1.7199999999999869 0.05999999999999339
1.7209999999999868 0.060499999999993295
1.7219999999999867 0.06099999999999337
1.7229999999999865 0.06149999999999327
1.7239999999999864 0.06199999999999317
1.7249999999999863 0.06249999999999325
1.7259999999999862 0.06299999999999314
1.726999999999986 0.06349999999999305
1.727999999999986 0.06399999999999295
1.7289999999999859 0.06449999999999285
1.7299999999999858 0.06499999999999292
1.7309999999999857 0.06549999999999283
1.7319999999999856 0.06599999999999273
1.7329999999999854 0.06649999999999281
1.7339999999999853 0.0669999999999927
1.7349999999999852 0.06749999999999261
1.735999999999985 0.06799999999999251
1.736999999999985 0.06849999999999241
1.737999999999985 0.06899999999999248
1.7389999999999848 0.06949999999999239
1.7399999999999847 0.06999999999999229
1.7409999999999846 0.07049999999999237
1.7419999999999844 0.07099999999999226
1.7429999999999843 0.07149999999999217
1.7439999999999842 0.07199999999999207
1.7449999999999841 0.07249999999999197
1.745999999999984 0.07299999999999204
1.746999999999984 0.07349999999999195
1.7479999999999838 0.07399999999999185
1.7489999999999837 0.07449999999999193
1.7499999999999836 0.07499999999999182
1.7509999999999835 0.07549999999999173
1.7519999999999833 0.07599999999999163
1.7529999999999832 0.07649999999999153
1.7539999999999831 0.0769999999999916
1.754999999999983 0.0774999999999915
1.755999999999983 0.07799999999999141
1.7569999999999828 0.0784999999999915
1.7579999999999827 0.07899999999999138
1.7589999999999826 0.07949999999999129
1.7599999999999825 0.07999999999999119
1.7609999999999824 0.08049999999999109
1.7619999999999822 0.08099999999999116
1.7629999999999821 0.08149999999999107
