1.6004999999998792 2.3987339792479485
1.6009999999998792 2.397324423485173
1.6014999999998791 2.395788426362042
1.601999999999879 2.3941077968877957
1.602499999999879 2.3922434086368507
1.602999999999879 2.3903009358219713
1.603499999999879 2.388167120969411
1.6039999999998789 2.3858682446448913
1.6044999999998788 2.3834153065101114
1.6049999999998787 2.380897320326831
1.6054999999998787 2.3781853608249715
1.6059999999998786 2.3753148008934737
1.6064999999998786 2.372334445242645
1.6069999999998785 2.3691259871935992
1.6074999999998785 2.36590231323363
1.6079999999998784 2.3622994522074956
1.6084999999998784 2.358770273179429
1.6089999999998783 2.3548728010100266
1.6094999999998783 2.3511678547773
1.6099999999998782 2.3471270531364987
1.6104999999998781 2.34307223211406
1.610999999999878 2.338677769258236
1.611499999999878 2.3343256449284806
1.611999999999878 2.329639718926906
1.612499999999878 2.325065824745914
1.6129999999998779 2.3201737065044497
1.6134999999998778 2.3149423155211144
1.6139999999998778 2.309917985700243
1.6144999999998777 2.304581115546669
1.6149999999998776 2.299548003976883
1.6154999999998776 2.2942368605546095
1.6159999999998775 2.288633869916472
1.6164999999998775 2.282724849090787
1.6169999999998774 2.2772670913314728
1.6174999999998774 2.271547868718833
1.6179999999998773 2.265556468605259
1.6184999999998773 2.2592820297576535
1.6189999999998772 2.252713579190654
1.6194999999998771 2.2467914985187414
1.619999999999877 2.2406289520776
1.620499999999877 2.234218160226513
1.620999999999877 2.2275513455346245
1.621499999999877 2.2206207633882036
1.6219999999998769 2.214548342240647
1.6224999999998768 2.207106714560134
1.6229999999998768 2.2005824018133504
1.6234999999998767 2.193840612613277
1.6239999999998767 2.186876242370795
1.6244999999998766 2.1796842884394487
1.6249999999998765 2.1722598734396237
1.6254999999998765 2.1659725287688305
1.6259999999998764 2.1581061730484987
1.6264999999998764 2.1514359886855856
1.6269999999998763 2.1445845298278225
1.6274999999998763 2.136044775419296
1.6279999999998762 2.1287902331005415
1.6284999999998762 2.1213453116483576
1.628999999999876 2.1153059393975657
1.629499999999876 2.107504238223082
1.629999999999876 2.0995047112861327
1.630499999999876 2.0929927001931
1.6309999999998759 2.0846231357450793
1.6314999999998758 2.077794494326059
1.6319999999998758 2.0690476435781893
1.6324999999998757 2.0618957194303706
1.6329999999998757 2.0545925909706257
1.6334999999998756 2.047136973348526
1.6339999999998756 2.039527718014163
1.6344999999998755 2.0317638224651824
1.6349999999998754 2.0238444400593028
1.6354999999998754 2.015768889843948
1.6359999999998753 2.007536666349986
1.6364999999998753 2.0011394715107618
1.6369999999998752 1.992616671652397
1.6374999999998752 1.9859694663695677
1.6379999999998751 1.9771550387124486
1.638499999999875 1.9702563922932574
1.638999999999875 1.9611506145614095
1.639499999999875 1.954000262814984
1.639999999999875 1.9467324384014406
1.6404999999998748 1.9393472477866143
1.6409999999998748 1.9318449367912602
1.6414999999998747 1.9242258962442969
1.6419999999998747 1.9164906674283901
1.6424999999998746 1.908639947275929
1.6429999999998746 1.9006745932728588
1.6434999999998745 1.8925956280266434
1.6439999999998745 1.886644661091185
1.6444999999998744 1.878355134891392
1.6449999999998743 1.869955612656635
1.6454999999998743 1.8637218132689815
1.6459999999998742 1.8551191399964932
1.6464999999998742 1.8487047936926244
1.6469999999998741 1.839905184841191
1.647499999999874 1.833315551206702
1.647999999999874 1.8266439514072483
1.648499999999874 1.8198917908716197
1.648999999999874 1.8107307509342778
1.6494999999998738 1.803816495331842
1.6499999999998738 1.7968270047734163
1.6504999999998737 1.7897642074164781
1.6509999999998737 1.78263015905922
1.6514999999998736 1.7754270421918101
1.6519999999998736 1.7681571645332175
1.6524999999998735 1.7608229570380418
1.6529999999998735 1.7534269713609096
1.6534999999998734 1.745971876769973
1.6539999999998733 1.7408306213213507
1.6544999999998733 1.7332676056422638
1.6549999999998732 1.7256537298029533
1.6554999999998732 1.7203655329680925
1.6559999999998731 1.7126599982941153
1.656499999999873 1.704912725626856
1.656999999999873 1.6995006826300878
1.657499999999873 1.6916795854457518
1.657999999999873 1.6861984286996028
1.6584999999998729 1.6783158666993356
1.6589999999998728 1.6727769255586027
1.6594999999998727 1.6648457065099256
1.6599999999998727 1.6592606973966755
1.6604999999998726 1.651293959343915
1.6609999999998726 1.6456748727204606
1.6614999999998725 1.637685956350219
1.6619999999998725 1.6320449347967554
1.6624999999998724 1.626395735130256
1.6629999999998724 1.618396458153477
1.6634999999998723 1.6127432926627738
1.6639999999998722 1.6070905205691828
1.6644999999998722 1.6014408819345953
1.6649999999998721 1.5934705298768272
1.665499999999872 1.5878400815569111
1.665999999999872 1.582220927422301
1.666499999999872 1.5766156143042562
1.666999999999872 1.5687219196957702
1.6674999999998719 1.563157306968006
1.6679999999998718 1.557613923286339
1.6684999999998718 1.5520940087112591
1.6689999999998717 1.5443201909395077
1.6694999999998716 1.5388599129848035
1.6699999999998716 1.533429401160101
1.6704999999998715 1.528030493758634
1.6709999999998715 1.5204135128374718
1.6714999999998714 1.5150898359523195
1.6719999999998714 1.509802720585586
1.6724999999998713 1.502325404543863
1.6729999999998713 1.4971227506465694
1.6734999999998712 1.4919604947287126
1.6739999999998711 1.4868396223168563
1.674499999999871 1.4795651755502677
1.674999999999871 1.4745373196605769
1.675499999999871 1.4695531209773676
1.675999999999871 1.4624432941098078
1.6764999999998709 1.4575557814853315
1.6769999999998708 1.4505620087271505
1.6774999999998708 1.4457723660273059
1.6779999999998707 1.4410275863531599
1.6784999999998707 1.4342041306830517
1.6789999999998706 1.4295569857232913
1.6794999999998705 1.4228502810056374
1.6799999999998705 1.4182994545665941
1.6804999999998704 1.4117080808351599
1.6809999999998704 1.4072513470781944
1.6814999999998703 1.4007729788247336
1.6819999999998703 1.3964072683664546
1.6824999999998702 1.39003874899912
1.6829999999998702 1.3857602207700286
1.68349999999987 1.3794976417736842
1.68399999999987 1.3753017589607937
1.68449999999987 1.3691405420653837
1.68499999999987 1.363034192821618
1.6854999999998699 1.3589571314067674
1.6859999999998698 1.3529442755824725
1.6864999999998698 1.3469821834395272
1.6869999999998697 1.3430108005692238
1.6874999999998697 1.3371332913531326
1.6879999999998696 1.3313019865319806
1.6884999999998695 1.3274218010795251
1.6889999999998695 1.32166540625007
1.6894999999998694 1.3159503403091346
1.6899999999998694 1.3102749536587885
1.6904999999998693 1.3064955994551288
1.6909999999998693 1.3008815383369323
1.6914999999998692 1.2953020586756798
1.6919999999998692 1.289755471873932
1.692499999999869 1.286048534621234
1.692999999999869 1.2805493722093042
1.693499999999869 1.2750779859489398
1.693999999999869 1.269632711650535
1.6944999999998689 1.2642118999523135
1.6949999999998688 1.2605580524258797
1.6954999999998688 1.255167633459406
1.6959999999998687 1.2497967781977413
1.6964999999998687 1.2444439267304512
1.6969999999998686 1.2391075483323775
1.6974999999998686 1.2354640947042315
1.6979999999998685 1.2301421688298697
1.6984999999998684 1.2248322505727183
1.6989999999998684 1.2195329489362992
1.6994999999998683 1.215867069224463
1.6999999999998683 1.2105706534432428
1.7004999999998682 1.2052808565228872
1.7009999999998682 1.199996458118094
1.7014999999998681 1.1962853446071953
1.701999999999868 1.1909936270900563
1.702499999999868 1.1857038612735
1.702999999999868 1.181942555766252
1.703499999999868 1.1766387932568714
1.7039999999998678 1.1713339921931956
1.7044999999998678 1.167512534962696
1.7049999999998677 1.162188009283929
1.7054999999998677 1.1568599402364925
1.7059999999998676 1.1529698538750568
1.7064999999998676 1.1476173372432283
1.7069999999998675 1.1436732351428214
1.7074999999998675 1.138293654500042
1.7079999999998674 1.1342928188046875
1.7084999999998673 1.1288840385425956
1.7089999999998673 1.1248242512229107
1.7094999999998672 1.1207275857277477
1.7099999999998672 1.1152641787620257
1.7104999999998671 1.1111061072114026
1.710999999999867 1.1069100879877067
1.711499999999867 1.1013898638615411
1.711999999999867 1.0971311762944242
1.712499999999867 1.092834086140477
1.7129999999998669 1.088498551585789
1.7134999999998668 1.0841246028619222
1.7139999999998667 1.0797123425764599
1.7144999999998667 1.0752619459426334
1.7149999999998666 1.0707736609034797
1.7154999999998666 1.0662478081454274
1.7159999999998665 1.0616847809965295
1.7164999999998665 1.0582283468180134
1.7169999999998664 1.0535778144880912
1.7174999999998664 1.0488916765170688
1.7179999999998663 1.0452716224180818
1.7184999999998662 1.0405016264117062
1.7189999999998662 1.0367713317390395
1.7194999999998661 1.0319206545701312
1.719999999999866 1.028083378644273
1.720499999999866 1.0231558205331452
1.720999999999866 1.0192154911839009
1.721499999999866 1.01521857411784
1.7219999999998659 1.0111662499009866
1.7224999999998658 1.0070597888887618
1.7229999999998658 1.0029005499671615
1.7234999999998657 0.9986899790388842
1.7239999999998656 0.9953660275683457
1.7244999999998656 0.9910437605485142
1.7249999999998655 0.9866749965688777
1.7254999999998655 0.9831580153343685
1.7259999999998654 0.9786879466095378
1.7264999999998654 0.9750471722007052
1.7269999999998653 0.9713411864265264
1.7274999999998653 0.9675720833919913
1.7279999999998652 0.9629097140706585
1.7284999999998651 0.9590336936171698
1.728999999999865 0.9559084715189041
1.729499999999865 0.951909758017459
1.729999999999865 0.9478597979479539
1.730499999999865 0.9445313885833339
1.7309999999998649 0.9403743164471455
1.7314999999998648 0.9369200933603381
1.7319999999998648 0.9326671261034196
1.7324999999998647 0.9290987118257271
1.7329999999998646 0.9254719538650356
1.7334999999998646 0.9217900045094737
1.7339999999998645 0.9187441245538089
1.7344999999998645 0.914950049182337
1.7349999999998644 0.9111106630434516
1.7354999999998644 0.907883868236895
1.7359999999998643 0.9039527424762968
1.7364999999998643 0.9006192978155132
1.7369999999998642 0.8972326546266265
1.7374999999998642 0.8937964975719987
1.737999999999864 0.8903145279901046
1.738499999999864 0.886790450768837
1.738999999999864 0.8832279610585
1.739499999999864 0.8802020129970793
1.7399999999998639 0.8765636669083184
1.7404999999998638 0.8734496935975518
1.7409999999998638 0.8697502668353176
1.7414999999998637 0.8665632118728476
1.7419999999998637 0.863340447689343
1.7424999999998636 0.8600855922912345
1.7429999999998635 0.8568021705281984
1.7434999999998635 0.8534936007097027
1.7439999999998634 0.8501631819861993
1.7444999999998634 0.8472932028951773
1.7449999999998633 0.8439198501558134
1.7454999999998633 0.8409960885898128
1.7459999999998632 0.83759175258118
1.7464999999998632 0.8346259368227266
1.746999999999863 0.8312012780214524
1.747499999999863 0.8282037977952912
1.747999999999863 0.8251900358092394
1.748499999999863 0.8221621400971274
1.7489999999998629 0.819122071076326
1.7494999999998628 0.8160716006692814
1.7499999999998628 0.8130123130182928
1.7504999999998627 0.8099456067643008
1.7509999999998627 0.8068726988421203
1.7514999999998626 0.8041645658832891
1.7519999999998626 0.8010751035581498
1.7524999999998625 0.7979821421159433
1.7529999999998624 0.7952351014633131
1.7529999999998624 0.5234151012460275
1.7529999999998624 0.7954557642503102
1.7529999999998624 0.5067648241810035
1.7534999999998624 0.7921297904306169
1.7534999999998624 0.5836543048359978
1.7534999999998624 0.7929400061849272
1.7534999999998624 0.5549581738060277
1.7534999999998624 0.7931253806258972
1.7539999999998623 0.7893574730537111
1.7539999999998623 0.6129730948424037
1.7539999999998623 0.7884150797056938
1.7539999999998623 0.6298792037039013
1.7539999999998623 0.7879362488454517
1.7544999999998623 0.7862412428008196
1.7544999999998623 0.6329208811127068
1.7544999999998623 0.7848574375151001
1.7544999999998623 0.6548157156926205
1.7544999999998623 0.7854962260973097
1.7549999999998622 0.7834448590773737
1.7549999999998622 0.6466808102270317
1.7549999999998622 0.7822491166055222
1.7549999999998622 0.6614965057918729
1.7549999999998622 0.7832267171611473
1.7549999999998622 0.6490003497692677
1.7554999999998622 0.7806333033999939
1.7554999999998622 0.657063778348937
1.7554999999998622 0.7798595833461116
1.7554999999998622 0.6620817085598427
1.7554999999998622 0.7803167211954919
1.7554999999998622 0.6581071686426215
1.7559999999998621 0.7778066442525736
1.7559999999998621 0.6652956743837023
1.7559999999998621 0.7778551559237504
1.7559999999998621 0.662161511124709
1.7559999999998621 0.7776234098510362
1.7559999999998621 0.6654362997230279
1.756499999999862 0.7746629417637811
1.756499999999862 0.671768479277733
1.756499999999862 0.7756951506600303
1.756499999999862 0.66357411260441
1.756499999999862 0.775099855098414
1.756499999999862 0.6705615143977208
1.756999999999862 0.7718125163250541
1.756999999999862 0.6773757463893658
1.756999999999862 0.7735222710944089
1.756999999999862 0.6658132203899622
1.756999999999862 0.7725058320087753
1.756999999999862 0.6737339173623111
1.757499999999862 0.7689467939461625
1.757499999999862 0.6816038835400846
1.757499999999862 0.7709523560602684
1.757499999999862 0.6686774540639235
1.757499999999862 0.7698078906799637
1.757499999999862 0.6755329146554051
1.757999999999862 0.7663483076481737
1.757999999999862 0.684958916350785
1.757999999999862 0.7681834236979089
1.757999999999862 0.672475327729274
1.757999999999862 0.7674005067945371
1.757999999999862 0.6776275637272517
1.7584999999998618 0.7634453332755503
1.7584999999998618 0.6879202024790257
1.7584999999998618 0.765473711881357
1.7584999999998618 0.6771301110157877
1.7584999999998618 0.7650615903423871
1.7584999999998618 0.6788154412978595
1.7589999999998618 0.7605267794798725
1.7589999999998618 0.6903305682180261
1.7589999999998618 0.7626032935241513
1.7589999999998618 0.6806331787396942
1.7589999999998618 0.7622254834703118
1.7589999999998618 0.6813307599994302
1.7594999999998617 0.7578562991749519
1.7594999999998617 0.6921254376493443
1.7594999999998617 0.7595630221170381
1.7594999999998617 0.6847331572218491
1.7594999999998617 0.7594835284377633
1.7594999999998617 0.6835804711369531
1.7599999999998617 0.7549002129279975
1.7599999999998617 0.6937883896599008
1.7599999999998617 0.7562822621892079
1.7599999999998617 0.6878056258804778
1.7599999999998617 0.7566818204728577
1.7599999999998617 0.686020959648842
1.7604999999998616 0.7521798484404105
1.7604999999998616 0.6947801808618715
1.7604999999998616 0.7531973844378309
1.7604999999998616 0.6908186412886349
1.7604999999998616 0.7537493613071581
1.7604999999998616 0.6889309804161559
1.7609999999998616 0.7494317006766159
1.7609999999998616 0.696003744476666
1.7609999999998616 0.7501330494702787
1.7609999999998616 0.6930528633779856
1.7609999999998616 0.750385023462039
1.7609999999998616 0.691941867943397
1.7614999999998615 0.7466560893435182
1.7614999999998615 0.6965486160298144
1.7614999999998615 0.7469195752166168
1.7614999999998615 0.6953062735060532
1.7614999999998615 0.7470934023515438
1.7614999999998615 0.6943219794921465
1.7619999999998615 0.7438534245833855
1.7619999999998615 0.6968607868126764
1.7619999999998615 0.7438695284867453
1.7619999999998615 0.696624478393067
1.7619999999998615 0.7437994857610357
1.7619999999998615 0.6967219676856272
1.7619999999998615 0.7437461093632204
1.7624999999998614 0.7410242150125862
1.7624999999998614 0.6969396039665638
1.7624999999998614 0.7405653947148536
1.7624999999998614 0.6980945124794576
1.7624999999998614 0.7404257392567806
1.7624999999998614 0.6988484581591455
1.7624999999998614 0.7401540158557319
1.7629999999998613 0.7381690741729839
1.7629999999998613 0.6967919421649784
1.7629999999998613 0.7374991545862012
1.7629999999998613 0.6989260694843352
1.7629999999998613 0.7369023754093894
1.7629999999998613 0.7002331335762391
1.7629999999998613 0.7365449299547326
1.7634999999998613 0.7355040564132751
1.7634999999998613 0.6967289794007063
1.7634999999998613 0.7344664154624059
1.7634999999998613 0.699441038423476
1.7634999999998613 0.7335408457839802
1.7634999999998613 0.7011402905765254
1.7634999999998613 0.7329013043161566
1.7639999999998612 0.7328030758601134
1.7639999999998612 0.6961462062055312
1.7639999999998612 0.7313010679883972
1.7639999999998612 0.6996247511114645
1.7639999999998612 0.730212878807078
1.7639999999998612 0.7019599459687949
1.7639999999998612 0.7293687989696718
1.7644999999998612 0.7300673576240561
1.7644999999998612 0.6956414304967794
1.7644999999998612 0.7282188383493055
1.7644999999998612 0.6996970419346821
1.7644999999998612 0.7268210467607998
1.7644999999998612 0.7021735941737528
1.7644999999998612 0.725757047359138
1.7649999999998611 0.7272982643279597
1.7649999999998611 0.6951789342118359
1.7649999999998611 0.7252223372599464
1.7649999999998611 0.6994208756232888
1.7649999999998611 0.7235726555118293
1.7649999999998611 0.7021657665030033
1.7649999999998611 0.7223126120415201
1.765499999999861 0.724689423385386
1.765499999999861 0.6942763557154648
1.765499999999861 0.7221600248028124
1.765499999999861 0.6988322582587986
1.765499999999861 0.7203513526048497
1.765499999999861 0.701756059155212
1.765499999999861 0.7189612163085921
1.765999999999861 0.7218527017889758
1.765999999999861 0.6934252374032277
1.765999999999861 0.7191977881208612
1.765999999999861 0.6982717818082926
1.765999999999861 0.7171886782130101
1.765999999999861 0.7012186431092522
1.765999999999861 0.7156553709795344
1.766499999999861 0.7191686347978387
1.766499999999861 0.6924038309046712
1.766499999999861 0.7161980609927538
1.766499999999861 0.697410630397505
1.766499999999861 0.7141024565386042
1.766499999999861 0.7003155342456493
1.766499999999861 0.7125180058275141
1.766999999999861 0.7166226738125654
1.766999999999861 0.6914159290851546
1.766999999999861 0.7134205206993852
1.766999999999861 0.6964157410709929
1.766999999999861 0.7111006571715732
1.766999999999861 0.6992794881031937
1.766999999999861 0.7094767689719507
1.7674999999998608 0.7138610926818824
1.7674999999998608 0.6902709847423409
1.7674999999998608 0.7104935048737078
1.7674999999998608 0.695290475052967
1.7674999999998608 0.7081844814966147
1.7674999999998608 0.6980298238473893
1.7674999999998608 0.7065939193685642
1.7679999999998608 0.7112317768834852
1.7679999999998608 0.6891479128836576
1.7679999999998608 0.7076638328952608
1.7679999999998608 0.6940418346417723
1.7679999999998608 0.7053507426905108
1.7679999999998608 0.6966581836346832
1.7679999999998608 0.7037566776289997
1.7684999999998607 0.708562329922037
1.7684999999998607 0.6878825053217188
1.7684999999998607 0.7049194038423243
1.7684999999998607 0.6926789685749095
1.7684999999998607 0.7025354004156913
1.7684999999998607 0.6951688646266309
1.7684999999998607 0.7010553455454164
1.7689999999998607 0.7060097385185142
1.7689999999998607 0.6864926126475607
1.7689999999998607 0.7021615297006815
1.7689999999998607 0.6912121050217458
1.7689999999998607 0.6998043065248726
1.7689999999998607 0.6935297594723858
1.7689999999998607 0.6984013814379862
1.7694999999998606 0.7034130034071409
1.7694999999998606 0.6851232813497242
1.7694999999998606 0.699400811328144
1.7694999999998606 0.6896518061431882
1.7694999999998606 0.697147492050338
1.7694999999998606 0.6918069431704863
1.7694999999998606 0.6958507358603162
1.7699999999998606 0.7007757847975754
1.7699999999998606 0.6836420286457493
1.7699999999998606 0.6967930660410111
1.7699999999998606 0.6880661833952343
1.7699999999998606 0.6945553279411022
1.7699999999998606 0.6900386742014987
1.7699999999998606 0.6933384332105935
1.7704999999998605 0.6981017941271533
1.7704999999998605 0.6820635213531367
1.7704999999998605 0.6941065931115671
1.7704999999998605 0.68634285741826
1.7704999999998605 0.6919855657567505
1.7704999999998605 0.6881716536211278
1.7704999999998605 0.6908833224138159
1.7709999999998605 0.695528521169342
1.7709999999998605 0.6805044011874313
1.7709999999998605 0.6914901275242371
1.7709999999998605 0.6846011519430331
1.7709999999998605 0.6894725940124913
1.7709999999998605 0.6862495528929068
1.7709999999998605 0.6884757362384855
1.7714999999998604 0.6929165521024611
1.7714999999998604 0.6788579942118935
1.7714999999998604 0.6889334033219843
1.7714999999998604 0.6827937031785023
1.7714999999998604 0.6869828696824014
1.7714999999998604 0.6842975105965906
1.7714999999998604 0.6861073059762248
1.7719999999998604 0.6903942072528203
1.7719999999998604 0.677225245258477
1.7719999999998604 0.6863762417093618
1.7719999999998604 0.6809297540494832
1.7719999999998604 0.6845619032460656
1.7719999999998604 0.6823003587233252
1.7719999999998604 0.6837621061061472
1.7724999999998603 0.6878323749016529
1.7724999999998603 0.6755144769951252
1.7724999999998603 0.6838709482756099
1.7724999999998603 0.6790478952061892
1.7724999999998603 0.6821562032844384
1.7724999999998603 0.6802543066705257
1.7724999999998603 0.6814535444030465
1.7729999999998602 0.6852356137457387
1.7729999999998602 0.6738128282339819
1.7729999999998602 0.6813673751650103
1.7729999999998602 0.6770906274656961
1.7729999999998602 0.6797682716823112
1.7729999999998602 0.6781912114116603
1.7729999999998602 0.6791601377533734
1.7734999999998602 0.6827188470784885
1.7734999999998602 0.6720416902804296
1.7734999999998602 0.6789085299630961
1.7734999999998602 0.6751454113556716
1.7734999999998602 0.6774126606710739
1.7734999999998602 0.6761106091612719
1.7734999999998602 0.6768859025284866
1.7739999999998601 0.6802733821022023
1.7739999999998601 0.6702104791057902
1.7739999999998601 0.6764529055280636
1.7739999999998601 0.6731387329666598
1.7739999999998601 0.6750837180506668
1.7739999999998601 0.6739999411271185
1.7739999999998601 0.6746232762361875
1.77449999999986 0.6776877715796854
1.77449999999986 0.6683882037946566
1.77449999999986 0.6740356081682756
1.77449999999986 0.6711205346314569
1.77449999999986 0.6727767253643012
1.77449999999986 0.6718779720365622
1.77449999999986 0.6723772344024175
1.77499999999986 0.6751743701009226
1.77499999999986 0.6665683920499755
1.77499999999986 0.6716505379561504
1.77499999999986 0.6690731758757599
1.77499999999986 0.670479657307532
1.77499999999986 0.6697361731465528
1.77499999999986 0.6701383794415965
1.77549999999986 0.672725402226235
1.77549999999986 0.664642187963168
1.77549999999986 0.6692672119848428
1.77549999999986 0.6670014861797838
1.77549999999986 0.6681999356286514
1.77549999999986 0.6675907271636494
1.77549999999986 0.6679080390908632
1.77599999999986 0.6702439894380089
1.77599999999986 0.6627721822270329
1.77599999999986 0.6668888389163732
1.77599999999986 0.6649211718953991
1.77599999999986 0.6659343561060294
1.77599999999986 0.6654309823615343
1.77599999999986 0.6656843588223381
1.7764999999998599 0.6677347533443663
1.7764999999998599 0.6608100681084546
1.7764999999998599 0.6645381992504865
1.7764999999998599 0.6628209151640415
1.7764999999998599 0.6636754623388298
1.7764999999998599 0.6632656630350816
1.7764999999998599 0.663464737355866
1.7769999999998598 0.6652838934732733
1.7769999999998598 0.658853874580113
1.7769999999998598 0.662210751061773
1.7769999999998598 0.660704183913239
1.7769999999998598 0.6614275145590466
1.7769999999998598 0.6610931070466973
1.7769999999998598 0.6612505628960763
1.7774999999998597 0.6628063384759942
1.7774999999998597 0.656899083350953
1.7774999999998597 0.6598864061615501
1.7774999999998597 0.6585813455050656
1.7774999999998597 0.6591850385934592
1.7774999999998597 0.6589148358607553
1.7774999999998597 0.6590388015187219
1.7779999999998597 0.6603808295048824
1.7779999999998597 0.654907947696697
1.7779999999998597 0.6575815325511976
1.7779999999998597 0.6564452479741255
1.7779999999998597 0.6569536307069966
1.7779999999998597 0.6567320580799337
1.7779999999998597 0.6568297733275245
1.7784999999998596 0.6579296521515796
1.7784999999998596 0.6528859159806146
1.7784999999998596 0.6552799929339657
1.7784999999998596 0.6543037931999227
1.7784999999998596 0.6547232413712734
1.7784999999998596 0.6545467158173739
1.7784999999998596 0.6546224249379282
1.7789999999998596 0.6555243863817065
1.7789999999998596 0.65086632529821
1.7789999999998596 0.6529946264273547
1.7789999999998596 0.6521518837951183
1.7789999999998596 0.652500943042527
1.7789999999998596 0.652358175315656
1.7789999999998596 0.6524168783853305
1.7794999999998595 0.6530942884667533
1.7794999999998595 0.648820068453862
1.7794999999998595 0.6507125727655874
1.7794999999998595 0.6499914775312097
1.7794999999998595 0.6502812917111498
1.7794999999998595 0.6501677673790266
1.7794999999998595 0.6502126950142852
1.7799999999998595 0.6507041198090799
1.7799999999998595 0.6467751769994263
1.7799999999998595 0.6484438111732478
1.7799999999998595 0.6478275814625404
1.7799999999998595 0.648065580288064
1.7799999999998595 0.6479751580863038
1.7799999999998595 0.6480095410421105
1.7804999999998594 0.6483477414826833
1.7804999999998594 0.6447074963041157
1.7804999999998594 0.6461859571353874
1.7804999999998594 0.6456570729808969
1.7804999999998594 0.6458529891058439
1.7804999999998594 0.6457808538417178
1.7804999999998594 0.6458071633965783
1.7809999999998594 0.6459095697729417
1.7809999999998594 0.6426208392272229
1.7809999999998594 0.6439301991551667
1.7809999999998594 0.6434812360041221
1.7809999999998594 0.6436420129833592
1.7809999999998594 0.6435852464035544
1.7809999999998594 0.6436052636295809
1.7814999999998593 0.643557721508716
1.7814999999998593 0.6405362721303584
1.7814999999998593 0.6416833882150046
1.7814999999998593 0.6413031484534198
1.7814999999998593 0.6414333217483144
1.7814999999998593 0.6413886375860423
1.7814999999998593 0.6414038587825583
1.7819999999998593 0.6411797313345697
1.7819999999998593 0.6384355412378246
1.7819999999998593 0.639438695396962
1.7819999999998593 0.639120948084195
1.7819999999998593 0.6392258696337961
1.7819999999998593 0.6391914413834395
1.7819999999998593 0.6392028212451408
1.7824999999998592 0.638825137904485
1.7824999999998592 0.6363215103759329
1.7824999999998592 0.6372057957709529
1.7824999999998592 0.6369354502608542
1.7824999999998592 0.6370204983271303
1.7824999999998592 0.6369935681773762
1.7824999999998592 0.6370020118329801
1.7829999999998591 0.6364455336113503
1.7829999999998591 0.6342095864627709
1.7829999999998591 0.6349737567044923
1.7829999999998591 0.6347473083971047
1.7829999999998591 0.6348158650216498
1.7829999999998591 0.6347951806056994
1.7829999999998591 0.6348014600740955
1.783499999999859 0.6341258028549246
1.783499999999859 0.6320861646331468
1.783499999999859 0.6327433133516717
1.783499999999859 0.6325580108496096
1.783499999999859 0.632612242723345
1.783499999999859 0.6325964835163
1.783499999999859 0.6326010311528715
1.783999999999859 0.6317775204828284
1.783999999999859 0.6299532651593064
1.783999999999859 0.6305207246274286
1.783999999999859 0.6303658553186247
1.783999999999859 0.6304094106125513
1.783999999999859 0.6303973877868222
1.783999999999859 0.6304007236604968
1.784499999999859 0.6294401505573307
1.784499999999859 0.6278125611416843
1.784499999999859 0.6282989656109805
1.784499999999859 0.6281729832322631
1.784499999999859 0.6282070251913198
1.784499999999859 0.6281981161979122
1.784499999999859 0.6282005042382355
1.784999999999859 0.6271102796485463
1.784999999999859 0.6256654070667085
1.784999999999859 0.6260827189771776
1.784999999999859 0.6259787504811167
1.784999999999859 0.6260053365915977
1.784999999999859 0.6259986521516131
1.784999999999859 0.6260003485131032
1.7854999999998589 0.6247850324462002
1.7854999999998589 0.6235128695889041
1.7854999999998589 0.6238669551640771
1.7854999999998589 0.6237834138491829
1.7854999999998589 0.623804022540317
1.7854999999998589 0.6237990443396856
1.7854999999998589 0.6238002326802934
1.7859999999998588 0.6224620977669444
1.7859999999998588 0.6213557605199628
1.7859999999998588 0.6216551027021623
1.7859999999998588 0.6215871767690336
1.7859999999998588 0.6216029260217564
1.7859999999998588 0.621599329386195
1.7859999999998588 0.6216001577008666
1.7864999999998588 0.6201658266688432
1.7864999999998588 0.6191946717107066
1.7864999999998588 0.6194436371157911
1.7864999999998588 0.6193902011332855
1.7864999999998588 0.6194021602320383
1.7864999999998588 0.619399534843541
1.7864999999998588 0.619400102876234
1.7869999999998587 0.6178646840481473
1.7869999999998587 0.6170300112244679
1.7869999999998587 0.6172350012206754
1.7869999999998587 0.6171926168680735
1.7869999999998587 0.6172015309124096
1.7869999999998587 0.6171996814486056
1.7869999999998587 0.6172000681677404
1.7874999999998586 0.6155801623222527
1.7874999999998586 0.6148579171431483
1.7874999999998586 0.6150275943788375
1.7874999999998586 0.6149945295241697
1.7874999999998586 0.6150010995472485
1.7874999999998586 0.6149997848110151
1.7874999999998586 0.6150000433670952
1.7879999999998586 0.6132868275008959
1.7879999999998586 0.6126838309012536
1.7879999999998586 0.6128213011550708
1.7879999999998586 0.6127959000533094
1.7879999999998586 0.6128007536340935
1.7879999999998586 0.6127998566711601
1.7879999999998586 0.6128000272439237
1.7884999999998585 0.6110036254173566
1.7884999999998585 0.6105076269541672
1.7884999999998585 0.6106165609270949
1.7884999999998585 0.6105970832251135
1.7884999999998585 0.6106005234243724
1.7884999999998585 0.6105999058366447
1.7884999999998585 0.610600016932698
1.7889999999998585 0.6087426448372012
1.7889999999998585 0.6083240830123212
1.7889999999998585 0.6084125305625845
1.7889999999998585 0.6083979063539543
1.7889999999998585 0.608400357342703
1.7889999999998585 0.608399938881442
1.7889999999998585 0.6084000100980286
1.7894999999998584 0.6064816174817343
1.7894999999998584 0.606139758443957
1.7894999999998584 0.6062091793499732
1.7894999999998584 0.6061985333580072
1.7894999999998584 0.6062002400194979
1.7894999999998584 0.6061999620473882
1.7894999999998584 0.6062000059994285
1.7899999999998584 0.604219024952541
1.7899999999998584 0.6039542054198042
1.7899999999998584 0.6040067301669605
1.7899999999998584 0.603998958973759
1.7899999999998584 0.604000153096245
1.7899999999998584 0.6039999765574493
1.7904999999998583 0.6019651096627292
1.7904999999998583 0.6017641888855482
1.7904999999998583 0.6018049487656429
1.7904999999998583 0.6017993048954459
1.7904999999998583 0.6018001005640924
1.7904999999998583 0.6017999860130202
1.7909999999998583 0.5997250381387865
1.7909999999998583 0.5995733866333128
1.7909999999998583 0.5996035064722713
1.7909999999998583 0.5995995458702412
1.7909999999998583 0.5996000607918511
1.7909999999998583 0.599599991851234
1.7914999999998582 0.5974917994129082
1.7914999999998582 0.5973804543661844
1.7914999999998582 0.5974023901494648
1.7914999999998582 0.597399707096495
1.7914999999998582 0.5974000372189479
1.7914999999998582 0.5973999952664834
1.7919999999998582 0.5952537212302766
1.7919999999998582 0.595185696175268
1.7919999999998582 0.5952015686459569
1.7919999999998582 0.5951998100828643
1.7919999999998582 0.5952000214660723
1.7919999999998582 0.5951999974370271
1.792499999999858 0.5930330818661724
1.792499999999858 0.5929899075974847
1.792499999999858 0.5930010604279823
1.792499999999858 0.5929998860863399
1.792499999999858 0.5930000126977131
1.792499999999858 0.5929999986645788
1.792999999999858 0.5908098611842106
1.792999999999858 0.5907932931559873
1.792999999999858 0.59080062919517
1.792999999999858 0.5907999309970875
1.792999999999858 0.5908000067911232
1.792999999999858 0.590799999283755
1.793499999999858 0.5885959598471822
1.793499999999858 0.5885954185394268
1.793499999999858 0.5886003769244295
1.793499999999858 0.5885999636397415
1.793499999999858 0.5886000037300575
1.793499999999858 0.5885999996440093
1.793999999999858 0.5863844671863034
1.793999999999858 0.5863967532974014
1.793999999999858 0.5864002192277911
1.793999999999858 0.586399978975932
1.793999999999858 0.5864000018577742
1.793999999999858 0.5863999998315239
1.7944999999998579 0.5841810266112701
1.7944999999998579 0.5841975606078244
1.7944999999998579 0.584200106422095
1.7944999999998579 0.5841999901830713
1.7944999999998579 0.584200000839169
1.7944999999998579 0.5841999999274863
1.7949999999998578 0.5819796745349989
1.7949999999998578 0.5819977530284236
1.7949999999998578 0.5820000407135234
1.7949999999998578 0.5819999945563294
1.7949999999998578 0.5820000003922415
1.7949999999998578 0.5819999999700973
1.7954999999998578 0.5797845336874781
1.7954999999998578 0.5797969429222716
1.7954999999998578 0.5797999948511768
1.7954999999998578 0.5797999971819382
1.7954999999998578 0.5798000001541954
1.7954999999998578 0.579799999988894
1.7959999999998577 0.5775999660759754
1.7959999999998577 0.5775999975295141
1.7959999999998577 0.5775999999982462
1.7959999999998577 0.577599999995319
1.7964999999998577 0.5753999588441762
1.7964999999998577 0.5753999942845099
1.7964999999998577 0.575399999893791
1.7964999999998577 0.5753999999956261
1.7964999999998577 0.57540000000051
1.7969999999998576 0.5731999998499476
1.7969999999998576 0.573199999973468
1.7969999999998576 0.5732000000000379
1.8004999999998572 0.39444805795770127
1.8009999999998572 0.39444802845586063
1.801499999999857 0.39444799895392413
1.801999999999857 0.39444796945189187
1.802499999999857 0.38899054018584917
1.802999999999857 0.3889904241287642
1.8034999999998569 0.38899030807094515
1.8039999999998568 0.3889901920123921
1.8044999999998568 0.3836249889932449
1.8049999999998567 0.3836247321608852
1.8054999999998567 0.38362447532615424
1.8059999999998566 0.3836242184890521
1.8064999999998566 0.3783490487964594
1.8069999999998565 0.37834859968502377
1.8074999999998564 0.3783481505682109
1.8079999999998564 0.3783477014460209
1.8084999999998563 0.3731604610665348
1.8089999999998563 0.3731597707778635
1.8094999999998562 0.37315908047915075
1.8099999999998562 0.3731583901703966
1.8104999999998561 0.3680570595573543
1.810999999999856 0.36805608169443826
1.811499999999856 0.36805510381494244
1.811999999999856 0.36805412591886666
1.812499999999856 0.363036765797318
1.8129999999998558 0.36303545636547735
1.8134999999998558 0.3630341469084965
1.8139999999998557 0.363032837426375
1.8144999999998557 0.3580975848273198
1.8149999999998556 0.35809590214065884
1.8154999999998556 0.35809421941818953
1.8154999999998556 0.29270494469714586
1.8154999999998556 0.2994751943976873
1.8159999999998555 0.3580925366599111
1.8159999999998555 0.2889443856312635
1.8159999999998555 0.30041376339314807
1.8164999999998555 0.353237601169286
1.8164999999998555 0.2858909135899105
1.8164999999998555 0.3008408440954076
1.8169999999998554 0.3532355057620574
1.8169999999998554 0.2837958828525747
1.8169999999998554 0.3009005563220725
1.8174999999998553 0.35323341030621663
1.8174999999998553 0.28104639796010716
1.8174999999998553 0.30070774278020207
1.8179999999998553 0.3532313148017627
1.8179999999998553 0.27880731463466757
1.8179999999998553 0.300425307479697
1.8184999999998552 0.34845497501067885
1.8184999999998552 0.2771464547234639
1.8184999999998552 0.30000537724017545
1.8189999999998552 0.34845242955322037
1.8189999999998552 0.27481349449238685
1.8189999999998552 0.29957479237087586
1.8194999999998551 0.34844988403223465
1.8194999999998551 0.2730954957889646
1.8194999999998551 0.2990547810899221
1.819999999999855 0.34844733844772047
1.819999999999855 0.2713564911444957
1.819999999999855 0.2984950201840195
1.820499999999855 0.3484447927996769
1.820499999999855 0.26959701527507923
1.820499999999855 0.2978960630193689
1.820999999999855 0.3437449078103635
1.820999999999855 0.26781762488481864
1.820999999999855 0.29725848885247563
1.821499999999855 0.34374187694881037
1.821499999999855 0.26601889807029694
1.821499999999855 0.2965829020787016
1.8219999999998548 0.34373884600677546
1.8219999999998548 0.26420143368571714
1.8219999999998548 0.295869931457057
1.8224999999998548 0.3437358149842572
1.8224999999998548 0.263101152121978
1.8224999999998548 0.2952145751531791
1.8229999999998547 0.33911124338315224
1.8229999999998547 0.26125901760684855
1.8229999999998547 0.2944454858305079
1.8234999999998547 0.3391076938861635
1.8234999999998547 0.25939971008102647
1.8234999999998547 0.2936407197628917
1.8239999999998546 0.33910414428981844
1.8239999999998546 0.25828488672490213
1.8239999999998546 0.29293730252609745
1.8244999999998546 0.33910059459411535
1.8244999999998546 0.2564032936636557
1.8244999999998546 0.2920791727794942
1.8249999999998545 0.3345498044334258
1.8249999999998545 0.25528116461904593
1.8249999999998545 0.2913480394033419
1.8254999999998545 0.33454570491458197
1.8254999999998545 0.25337878272315656
1.8254999999998545 0.29060771162234744
1.8259999999998544 0.3345416052757439
1.8259999999998544 0.25225006035598524
1.8259999999998544 0.2896804678568125
1.8264999999998544 0.3345375055169093
1.8264999999998544 0.25112011167658815
1.8264999999998544 0.28891378392188194
1.8269999999998543 0.33005902136105036
1.8269999999998543 0.24919386221166728
1.8269999999998543 0.2881384012352368
1.8274999999998542 0.33005434227371544
1.8274999999998542 0.24805829704499371
1.8274999999998542 0.2871454706169408
1.8279999999998542 0.330049663044179
1.8279999999998542 0.24692182099323015
1.8279999999998542 0.2863451565734782
1.8284999999998541 0.33004498367243873
1.8284999999998541 0.24497451821688154
1.8284999999998541 0.2855366610044167
1.828999999999854 0.33004030415849256
1.828999999999854 0.2438334429231126
1.828999999999854 0.28472012284158693
1.829499999999854 0.3256320974587089
1.829499999999854 0.24269178482369713
1.829499999999854 0.2838956822674043
1.829999999999854 0.3256268108648218
1.829999999999854 0.2415496242335745
1.829999999999854 0.2830634806736449
1.830499999999854 0.32562152410518225
1.830499999999854 0.24040704212820746
1.830499999999854 0.2822236606197869
1.8309999999998539 0.32561623717978794
1.8309999999998539 0.2392641201136236
1.8309999999998539 0.28110855419324837
1.8314999999998538 0.3212775184538393
1.8314999999998538 0.23729007837557306
1.8314999999998538 0.28024689578142703
1.8319999999998537 0.3212715984340646
1.8319999999998537 0.23614439008881763
1.8319999999998537 0.2793781728550838
1.8324999999998537 0.32126567822390517
1.8324999999998537 0.23499870766175593
1.8324999999998537 0.27850253305033695
1.8329999999998536 0.321259757823359
1.8329999999998536 0.23385311535946127
1.8329999999998536 0.27762012491870763
1.8334999999998536 0.3169892071049636
1.8334999999998536 0.23270769789414483
1.8334999999998536 0.27673109788282196
1.8339999999998535 0.3169826292502279
1.8339999999998535 0.2315625403941936
1.8339999999998535 0.27583560219176906
1.8344999999998535 0.3169760511796768
1.8344999999998535 0.2304177283731574
1.8344999999998535 0.27493378887616415
1.8349999999998534 0.3169694728933093
1.8349999999998534 0.22927334769870417
1.8349999999998534 0.2740258097029193
1.8354999999998534 0.31696289439112435
1.8354999999998534 0.2281294845615362
1.8354999999998534 0.2731118171297296
1.8359999999998533 0.31275855811932624
1.8359999999998533 0.22698622544432692
1.8359999999998533 0.27219196425932407
1.8364999999998532 0.3127512993742315
1.8364999999998532 0.22584365709067375
1.8364999999998532 0.27160487848105713
1.8369999999998532 0.3127440403874022
1.8369999999998532 0.22470186647409132
1.8369999999998532 0.27067944429028296
1.8374999999998531 0.31273678115883835
1.8374999999998531 0.22356094076707428
1.8374999999998531 0.2697484857952555
1.837999999999853 0.308598088783837
1.837999999999853 0.22242096731023964
1.837999999999853 0.26881215780955325
1.838499999999853 0.3085901280911594
1.838499999999853 0.22213656771923543
1.838499999999853 0.2678706155991502
1.838999999999853 0.3085821671306722
1.838999999999853 0.22099970162522953
1.838999999999853 0.2669240148356064
1.839499999999853 0.3085742059023775
1.839499999999853 0.2198639496999819
1.839499999999853 0.26597251154914686
1.8399999999998529 0.3085662444062767
1.8399999999998529 0.21872939964368057
1.8399999999998529 0.2650162620816304
1.8404999999998528 0.30449128924291674
1.8404999999998528 0.21759613920255175
1.8404999999998528 0.2644320247968282
1.8409999999998528 0.3044826065246929
1.8409999999998528 0.21646425613873715
1.8409999999998528 0.26347151269236246
1.8414999999998527 0.304473923512783
1.8414999999998527 0.21533383820035978
1.8414999999998527 0.2625065960274641
1.8419999999998526 0.30446524020719073
1.8419999999998526 0.21420497309183503
1.8419999999998526 0.26153743179302646
1.8424999999998526 0.3004535792271228
1.8424999999998526 0.2139351649603914
1.8424999999998526 0.2605641770948836
1.8429999999998525 0.3004441564059804
1.8429999999998525 0.21280991321577097
1.8429999999998525 0.2599828124196129
1.8434999999998525 0.3004347332658358
1.8434999999998525 0.2116863766220458
1.8434999999998525 0.25900606839784696
1.8439999999998524 0.3004253098066952
1.8439999999998524 0.21056464261629276
1.8439999999998524 0.2580255763504469
1.8444999999998524 0.30041588602856545
1.8444999999998524 0.20944479847578107
1.8444999999998524 0.25704149340799404
1.8449999999998523 0.29646565700744043
1.8449999999998523 0.209183183168733
1.8449999999998523 0.25646294980180956
1.8454999999998523 0.29645547678546835
1.8454999999998523 0.20806723433943133
1.8454999999998523 0.2554759651779681
1.8459999999998522 0.29644529622013277
1.8459999999998522 0.2069533366849931
1.8459999999998522 0.2544857314989725
1.8464999999998521 0.29643511531144345
1.8464999999998521 0.20584157687437563
1.8464999999998521 0.25349240544604446
1.846999999999852 0.29254598901717266
1.846999999999852 0.20558604607027636
1.846999999999852 0.252916955415538
1.847499999999852 0.2925350361044053
1.847499999999852 0.20447838768208026
1.847499999999852 0.2519213129021186
1.847999999999852 0.2925240828252468
1.847999999999852 0.20337302712977529
1.847999999999852 0.2509229182283359
1.848499999999852 0.29251312917971184
1.848499999999852 0.2022700502292025
1.848499999999852 0.2499219271551252
1.8489999999998519 0.292502175167815
1.8489999999998519 0.20202047038433843
1.8489999999998519 0.24934983949241096
1.8494999999998518 0.2886723318167235
1.8494999999998518 0.2009217991310804
1.8494999999998518 0.24834711300146592
1.8499999999998518 0.288660591516457
1.8499999999998518 0.19982566972426272
1.8499999999998518 0.2473421276788579
1.8504999999998517 0.28864885082853775
1.8504999999998517 0.19873216689268589
1.8504999999998517 0.24677290323776072
1.8509999999998517 0.28863710975298595
1.8509999999998517 0.19848840631599637
1.8509999999998517 0.24576657685918255
1.8514999999998516 0.28486632131737794
1.8514999999998516 0.19739941076325868
1.8514999999998516 0.2447583267883601
1.8519999999998515 0.2848537809459836
1.8519999999998515 0.1963131977264116
1.8519999999998515 0.24419208395824726
1.8524999999998515 0.28484124016782053
1.8524999999998515 0.19607335765904207
1.8524999999998515 0.2431828837235982
1.8529999999998514 0.2848286989829164
1.8529999999998514 0.19499177945733343
1.8529999999998514 0.24217209204166787
1.8534999999998514 0.28481615739129745
1.8534999999998514 0.19391313800304646
1.8534999999998514 0.24160894711048847
1.8539999999998513 0.28110264484719377
1.8539999999998513 0.19367715687618994
1.8539999999998513 0.24059759214329157
1.8544999999998513 0.28108929214703277
1.8544999999998513 0.19260327627677787
1.8544999999998513 0.23958497462060094
1.8549999999998512 0.2810759390236037
1.8549999999998512 0.19153248476331203
1.8549999999998512 0.2390250416035396
1.8554999999998512 0.28106258547694146
1.8554999999998512 0.1913003016616249
1.8554999999998512 0.23801224312590627
1.855999999999851 0.27740621043583646
1.855999999999851 0.19023439530436795
1.855999999999851 0.23699850718134213
1.856499999999851 0.27739203515785077
1.856499999999851 0.18917172830323947
1.856499999999851 0.23644189765286072
1.856999999999851 0.27737785944307836
1.856999999999851 0.18894328295828416
1.856999999999851 0.2354283580116568
1.857499999999851 0.27736368329156313
1.857499999999851 0.18788562352327756
1.857499999999851 0.23441420174883312
1.8579999999998509 0.27734950670334957
1.8579999999998509 0.18683135147982083
1.8579999999998509 0.23386102467865647
1.8584999999998508 0.27374852951053086
1.8584999999998508 0.18660658426374072
1.8584999999998508 0.2328474363941317
1.8589999999998508 0.27373352168908227
1.8589999999998508 0.18555744014106051
1.8589999999998508 0.23229673239687243
1.8594999999998507 0.27371851342082015
1.8594999999998507 0.1845118290534424
1.8594999999998507 0.23128390925494224
1.8599999999998507 0.27370350470579924
1.8599999999998507 0.1842906809728374
1.8599999999998507 0.230270954094611
1.8604999999998506 0.2736884955440742
1.8604999999998506 0.1832503159510514
1.8604999999998506 0.22972384113020095
1.8609999999998506 0.2701420176366168
1.8609999999998506 0.18303110771498582
1.8609999999998506 0.22871201311549821
1.8614999999998505 0.27012616883998564
1.8614999999998505 0.18199603975836953
1.8614999999998505 0.2277003611960027
1.8619999999998504 0.27011031959040527
1.8619999999998504 0.18096471273241577
1.8619999999998504 0.22715694080911344
1.8624999999998504 0.2700944698879431
1.8624999999998504 0.18074903331286007
1.8624999999998504 0.22614677122269358
1.8629999999998503 0.2666024682018019
1.8629999999998503 0.1797231179909746
1.8629999999998503 0.22560595050381627
1.8634999999998503 0.2665857715289524
1.8634999999998503 0.1795093290361701
1.8634999999998503 0.2245974507356345
1.8639999999998502 0.2665690744012641
1.8639999999998502 0.17848887471002994
1.8639999999998502 0.2235895899050424
1.8644999999998502 0.26655237681881844
1.8644999999998502 0.1774723631992582
1.8644999999998502 0.2230526079144405
1.86499999999985 0.266535678781697
1.86499999999985 0.17726201430643418
1.86499999999985 0.22204676060496076
1.86549999999985 0.26309647115015516
1.86549999999985 0.17625107463102202
1.86549999999985 0.22151244795788774
1.86599999999985 0.26307891982958365
1.86599999999985 0.17604256773178556
1.86599999999985 0.22050879500543985
1.86649999999985 0.26306136805711067
1.86649999999985 0.17503724733612966
1.86649999999985 0.2195062287599148
1.86699999999985 0.2630438158328342
1.86699999999985 0.17483056545700648
1.86699999999985 0.21897589275193027
1.8674999999998498 0.26302626315685196
1.8674999999998498 0.17383091117094854
1.8674999999998498 0.21797585207534084
1.8679999999998498 0.2596390329524086
1.8679999999998498 0.17283545512034684
1.8679999999998498 0.2174482503025022
1.8684999999998497 0.25962062167463873
1.8684999999998497 0.1726320954832668
1.8684999999998497 0.21645090886113044
1.8689999999998497 0.25960220995309713
1.8689999999998497 0.17164241097038707
1.8689999999998497 0.21592606086073035
1.8694999999998496 0.2595837977878993
1.8694999999998496 0.17144082909894756
1.8694999999998496 0.21493158965081963
1.8694999999998496 0.206525079338344
1.8694999999998496 0.20718447572480064
1.8699999999998496 0.2562486160281577
1.8699999999998496 0.17045696094774063
1.8699999999998496 0.21393878336596375
1.8699999999998496 0.20446878950521322
1.8699999999998496 0.20720857728084457
1.8704999999998495 0.2562293408911059
1.8704999999998495 0.17025714030928757
1.8704999999998495 0.21341808160301617
1.8704999999998495 0.20299352547495564
1.8704999999998495 0.2067208800885069
1.8709999999998495 0.2562100653238969
1.8709999999998495 0.16927913268107475
1.8709999999998495 0.21242845836719784
1.8709999999998495 0.20165776432886434
1.8709999999998495 0.2061239313912388
1.8714999999998494 0.25619078932666617
1.8714999999998494 0.1690810568590713
1.8714999999998494 0.21191056844132
1.8714999999998494 0.20039427743239283
1.8714999999998494 0.20545483655697244
1.8719999999998493 0.25617151289954987
1.8719999999998493 0.16810895324212122
1.8719999999998493 0.21092429145062472
1.8719999999998493 0.19922725418734843
1.8719999999998493 0.20474419328211324
1.8724999999998493 0.2528867529245905
1.8724999999998493 0.16714134736023953
1.8724999999998493 0.2104092303968465
1.8724999999998493 0.19803825335997766
1.8724999999998493 0.20399257521292985
1.8729999999998492 0.2528666100924105
1.8729999999998492 0.16694644913512907
1.8729999999998492 0.2094264599729513
1.8729999999998492 0.19697089572612167
1.8729999999998492 0.2032328814651459
1.8734999999998492 0.2528464668498449
1.8734999999998492 0.16598484544812458
1.8734999999998492 0.20844589987679263
1.8734999999998492 0.19574612480154416
1.8734999999998492 0.2024482556248232
1.8739999999998491 0.2528263231970517
1.8739999999998491 0.16579164628703438
1.8739999999998491 0.20793513769611946
1.8739999999998491 0.19465404455854815
1.8739999999998491 0.2016399180446068
1.874499999999849 0.25280617913418835
1.874499999999849 0.16483608612472278
1.874499999999849 0.2069583771126587
1.874499999999849 0.19370683463925162
1.874499999999849 0.2008545499274795
1.874999999999849 0.24957109527433669
1.874999999999849 0.16464457003832828
1.874999999999849 0.2064504947373837
1.874999999999849 0.19259999071636263
1.874999999999849 0.20000727064270377
1.875499999999849 0.24955008227086406
1.875499999999849 0.163695094023175
1.875499999999849 0.2054776856468579
1.875499999999849 0.19164484902187678
1.875499999999849 0.1991935003492766
1.875999999999849 0.24952906888323606
1.875999999999849 0.16350524513463505
1.875999999999849 0.20497269752216854
1.875999999999849 0.19052509162089873
1.875999999999849 0.198368469055108
1.8764999999998488 0.24950805511163482
1.8764999999998488 0.162561893174796
1.8764999999998488 0.20400398885870946
1.8764999999998488 0.18956339643411693
1.8764999999998488 0.1975328355012914
1.8769999999998488 0.24948704095624216
1.8769999999998488 0.16237369571899596
1.8769999999998488 0.20350190873970372
1.8769999999998488 0.18859993764573751
1.8769999999998488 0.1966872655868003
1.8774999999998487 0.24630090929239457
1.8774999999998487 0.1614365070020446
1.8774999999998487 0.20253744635272833
1.8774999999998487 0.18763498853166444
1.8774999999998487 0.19583243091789101
1.8779999999998487 0.24627902452790293
1.8779999999998487 0.1612499453248539
1.8779999999998487 0.2015758304105635
1.8779999999998487 0.18666883362426442
1.8779999999998487 0.19496900736787953
1.8784999999998486 0.2462571394123541
1.8784999999998486 0.16031895831220716
1.8784999999998486 0.20107821391945593
1.8784999999998486 0.18570176845041442
1.8784999999998486 0.1940976736512484
1.8789999999998486 0.24623525394595652
1.8789999999998486 0.1601340168697438
1.8789999999998486 0.20012111037720387
1.8789999999998486 0.1849068275013301
1.8789999999998486 0.19321910991595612
1.8794999999998485 0.24309824240550687
1.8794999999998485 0.1592092692917729
1.8794999999998485 0.19962644349913353
1.8794999999998485 0.1839401831872735
1.8794999999998485 0.19240890857878365
1.8799999999998485 0.24307548545897478
1.8799999999998485 0.15902593264968187
1.8799999999998485 0.19867398932007915
1.8799999999998485 0.18297344402620325
1.8799999999998485 0.19151985460697415
1.8804999999998484 0.24305272820151494
1.8804999999998484 0.1581074615015111
1.8804999999998484 0.198182283148257
1.8804999999998484 0.18218259557740188
1.8804999999998484 0.19062542069727892
1.8809999999998483 0.2430299706333651
1.8809999999998483 0.157925714334251
1.8809999999998483 0.19723461208289983
1.8809999999998483 0.18121763065606705
1.8809999999998483 0.18980612744903863
1.8814999999998483 0.24300721275476303
1.8814999999998483 0.15701355587224786
1.8814999999998483 0.1967458770090358
1.8814999999998483 0.18043035814502678
1.8814999999998483 0.18890437794112053
1.8819999999998482 0.23991776680686122
1.8819999999998482 0.156833382962384
1.8819999999998482 0.19580311956810856
1.8819999999998482 0.17946805488507625
1.8819999999998482 0.18808137844597228
1.8824999999998482 0.23989413741718282
1.8824999999998482 0.15592757270132182
1.8824999999998482 0.19486378465642185
1.8824999999998482 0.17868489449511968
1.8824999999998482 0.18717429060136545
1.8829999999998481 0.2398705077645726
1.8829999999998481 0.15574895893883553
1.8829999999998481 0.19437964871166757
1.8829999999998481 0.1779040513796459
1.8829999999998481 0.18626477548132492
1.8829999999998481 0.18427747152053517
1.8829999999998481 0.18504796181939837
1.883499999999848 0.23984687784930003
1.883499999999848 0.15484953164974125
1.883499999999848 0.193445465236846
1.883499999999848 0.17694769522046003
1.883499999999848 0.18543851882472492
1.883499999999848 0.18303982787758774
1.883499999999848 0.18422798271535254
1.883999999999848 0.23982324767163388
1.883999999999848 0.1546724620313427
1.883999999999848 0.19296433246076958
1.883999999999848 0.17617174176330594
1.883999999999848 0.18452670694883744
1.883999999999848 0.18187420162180065
1.883999999999848 0.18333151874658182
1.884499999999848 0.23678070185780217
1.884499999999848 0.15377945174001637
1.884499999999848 0.19203542166172483
1.884499999999848 0.17539840254807737
1.884499999999848 0.18370034283085296
1.884499999999848 0.18077351983285186
1.884499999999848 0.18238695772065588
1.884999999999848 0.23675620091711838
1.884999999999848 0.15360391136846901
1.884999999999848 0.19155729975444763
1.884999999999848 0.1746277609238935
1.884999999999848 0.1827880928573265
1.884999999999848 0.1797278522874171
1.884999999999848 0.18141302503792303
1.8854999999998479 0.23673169976953734
1.8854999999998479 0.15271735135467396
1.8854999999998479 0.1906337795473264
1.8854999999998479 0.1738599016826675
1.8854999999998479 0.1818761919788665
1.8854999999998479 0.17867557437486054
1.8854999999998479 0.18042479737345896
1.8859999999998478 0.23670719841536217
1.8859999999998478 0.15254332543812696
1.8859999999998478 0.19015867550710205
1.8859999999998478 0.1729175250167233
1.8859999999998478 0.18105205444227865
1.8859999999998478 0.17765763360522088
1.8859999999998478 0.1794339097168901
1.8864999999998477 0.23668269685489593
1.8864999999998477 0.1516632482354473
1.8864999999998477 0.18924066047011764
1.8864999999998477 0.1721558463239291
1.8864999999998477 0.18014252070356945
1.8864999999998477 0.1766788485166966
1.8864999999998477 0.17841354721075434
1.8864999999998477 0.1778042995086131
1.8864999999998477 0.17814427766872293
1.8869999999998477 0.23368640362861512
1.8869999999998477 0.1514907220867752
1.8869999999998477 0.18832658115632
1.8869999999998477 0.1713972743738577
1.8869999999998477 0.17932159332014652
1.8869999999998477 0.17570362275062568
1.8869999999998477 0.17738563371547192
1.8869999999998477 0.1766458749650268
1.8869999999998477 0.17700885007447673
1.8869999999998477 0.17687839071568634
1.8869999999998477 0.17695216289124752
1.8874999999998476 0.23366103280422082
1.8874999999998476 0.15131842242992655
1.8874999999998476 0.18785618195561288
1.8874999999998476 0.17064189985371972
1.8874999999998476 0.1784161074763132
1.8874999999998476 0.174733720241163
1.8874999999998476 0.1763381028044643
1.8874999999998476 0.17553769410637893
1.8874999999998476 0.17580353993716763
1.8874999999998476 0.17565569073996787
1.8879999999998476 0.23363566183737114
1.8879999999998476 0.15044611851928819
1.8879999999998476 0.1869478163282489
1.8879999999998476 0.16988981464709485
1.8879999999998476 0.17751348222747332
1.8879999999998476 0.1738093157728196
1.8879999999998476 0.17527810446564596
1.8879999999998476 0.1744730650926575
1.8884999999998475 0.23361029072840592
1.8884999999998475 0.15027530162371827
1.8884999999998475 0.1864804574701051
1.8884999999998475 0.1691411117881935
1.8884999999998475 0.17661423809646917
1.8884999999998475 0.17289296077185218
1.8884999999998475 0.17418320106152688
1.8884999999998475 0.17345718272176763
1.8889999999998475 0.2335849194776639
1.8889999999998475 0.1494095312994853
1.8889999999998475 0.1855779106115785
1.8889999999998475 0.16839588541585143
1.8889999999998475 0.1757188780839688
1.8889999999998475 0.1719859569996534
1.8889999999998475 0.1730633818627995
1.8889999999998475 0.17250540435761674
1.8894999999998474 0.23063424834178012
1.8894999999998474 0.14924018271109118
1.8894999999998474 0.1851135964152442
1.8894999999998474 0.16765423072730362
1.8894999999998474 0.17491179324744352
1.8894999999998474 0.1710896550039866
1.8899999999998474 0.23060801004982692
1.8899999999998474 0.14838097635131767
1.8899999999998474 0.18421697003211937
1.8899999999998474 0.1669162439317879
1.8899999999998474 0.1740246479401702
1.8899999999998474 0.17020544793862005
1.8904999999998473 0.2305817716886245
1.8904999999998473 0.14821308171854589
1.8904999999998473 0.18332464133648801
1.8904999999998473 0.16618202220405867
1.8904999999998473 0.17306085830136847
1.8904999999998473 0.1693347649408455
1.8909999999998472 0.23055553325855055
1.8909999999998472 0.14736046896071625
1.8909999999998472 0.1828650965449074
1.8909999999998472 0.16545166363783356
1.8909999999998472 0.1721856954498003
1.8909999999998472 0.1685109346646909
1.8914999999998472 0.23052929475998335
1.8914999999998472 0.14719401403393534
1.8914999999998472 0.18197887324537126
1.8914999999998472 0.16472526719927766
1.8914999999998472 0.17131665076891645
1.8914999999998472 0.16766979909553784
1.8919999999998471 0.2276236314423358
1.8919999999998471 0.14634802377807665
1.8919999999998471 0.18152238803676418
1.8919999999998471 0.1640029326805204
1.8919999999998471 0.17045411200751892
1.8919999999998471 0.16684637653419532
1.892499999999847 0.22759652882203235
1.892499999999847 0.14618299440896138
1.892499999999847 0.18064236227890368
1.892499999999847 0.16345256024113133
1.892499999999847 0.1695227267672523
1.892499999999847 0.1660679611773379
1.892999999999847 0.22756942621479173
1.892999999999847 0.14601817938657458
1.892999999999847 0.18018893833159702
1.892999999999847 0.1627374565695388
1.892999999999847 0.1686024492943336
1.892999999999847 0.16528187814511686
1.893499999999847 0.22754232362103322
1.893499999999847 0.14518003696231047
1.893499999999847 0.17931519888212283
1.893499999999847 0.16202665157184792
1.893499999999847 0.16769393668248256
1.893499999999847 0.16451775473782215
1.893999999999847 0.2275152210411764
1.893999999999847 0.14501663115529403
1.893999999999847 0.17844607803539042
1.893999999999847 0.16132024764466177
1.893999999999847 0.16679779094865418
1.893999999999847 0.1637597256741422
1.8944999999998469 0.2246539667067845
1.8944999999998469 0.14418515518342087
1.8944999999998469 0.17799746945048495
1.8944999999998469 0.16061834780516315
1.8944999999998469 0.16584917834733884
1.8944999999998469 0.16304719451408942
1.8949999999998468 0.22462600359506174
1.8949999999998468 0.14402314466847735
1.8949999999998468 0.17713479617590558
1.8949999999998468 0.1599210556459128
1.8949999999998468 0.1649200925784559
1.8949999999998468 0.16235113973948403
1.8954999999998468 0.22459804058814906
1.8954999999998468 0.14319836193688096
1.8954999999998468 0.17668925634278393
1.8954999999998468 0.1593886922820255
1.8954999999998468 0.16389645611931447
1.8954999999998468 0.16168583941367665
1.8959999999998467 0.22457007768650972
1.8959999999998467 0.1430377328899721
1.8959999999998467 0.17583310987791143
1.8959999999998467 0.1586993685937133
1.8959999999998467 0.1629111807283611
1.8959999999998467 0.16106891896484785
1.8964999999998466 0.2245421148906069
1.8964999999998466 0.14221966946744452
1.8964999999998466 0.1753906378966562
1.8964999999998466 0.15801489820912654
1.8964999999998466 0.16182949682679929
1.8964999999998466 0.16053863498894494
1.8969999999998466 0.22172468538884638
1.8969999999998466 0.1420604081632023
1.8969999999998466 0.174541094130479
1.8969999999998466 0.15733538646907758
1.8974999999998465 0.22169586629546204
1.8974999999998465 0.14190135190670633
1.8974999999998465 0.17369644886894328
1.8974999999998465 0.15681525009262506
1.8979999999998465 0.2216670474083839
1.8979999999998465 0.14109118221680503
1.8979999999998465 0.17325881993323738
1.8979999999998465 0.15614418171209868
1.8984999999998464 0.22163822872812128
1.8984999999998464 0.14093347788017863
1.8984999999998464 0.17242091515111782
1.8984999999998464 0.15547832161999245
1.8989999999998464 0.22160941025518324
1.8989999999998464 0.14013006617086884
1.8989999999998464 0.17198635431897022
1.8989999999998464 0.15481777638594663
1.8994999999998463 0.2188352354004781
1.8994999999998463 0.139973700247601
1.8994999999998463 0.17115525649981098
1.8994999999998463 0.15431027072241144
1.8999999999998463 0.21880556548353516
1.8999999999998463 0.13917707054376866
1.8999999999998463 0.17032923904025227
1.8999999999998463 0.1536586517859335
1.9004999999998462 0.2187758958844405
1.9004999999998462 0.1390220296240692
1.9004999999998462 0.1698995327189478
1.9004999999998462 0.15301260011464451
1.9009999999998461 0.21874622660375212
1.9009999999998461 0.1388671869812922
1.9009999999998461 0.16908044288755858
1.9009999999998461 0.1523722230136137
1.901499999999846 0.21871655764202752
1.901499999999846 0.13807847602983117
1.901499999999846 0.16826654088031145
1.901499999999846 0.15187776304525677
1.901999999999846 0.21598508052666185
1.901999999999846 0.13792494295402424
1.901999999999846 0.16784169473951752
1.901999999999846 0.15124680068270902
1.902499999999846 0.21595456556851625
1.902499999999846 0.13714304889830406
1.902499999999846 0.16703483010112968
1.902499999999846 0.15062176687333054
1.902999999999846 0.21592405105008858
1.902999999999846 0.13699081219396003
1.902999999999846 0.16661304342176508
1.902999999999846 0.15013705277115083
1.9034999999998459 0.21589353697198735
1.9034999999998459 0.13683876929654595
1.9034999999998459 0.16581326747955102
1.9034999999998459 0.14952177833469693
1.9039999999998458 0.21586302333482174
1.9039999999998458 0.1360648036511076
1.9039999999998458 0.16501882539637044
1.9039999999998458 0.14891268694586965
1.9044999999998458 0.21317369967255753
1.9044999999998458 0.13591404194974907
1.9044999999998458 0.16460189486454826
1.9044999999998458 0.14843792606094372
1.9049999999998457 0.21314234605609836
1.9049999999998457 0.13514692570584766
1.9049999999998457 0.16381463462724374
1.9049999999998457 0.14783893965999692
1.9054999999998457 0.2131109930118175
1.9054999999998457 0.13499743221619184
1.9054999999998457 0.16303279290098105
1.9054999999998457 0.14724639078190127
1.9059999999998456 0.2130796405403774
1.9059999999998456 0.13423718617865324
1.9059999999998456 0.16262071437739778
1.9059999999998456 0.146781792351925
1.9064999999998455 0.21304828864243955
1.9064999999998455 0.13408894800988136
1.9064999999998455 0.1618461371239156
1.9064999999998455 0.14619969428858495
1.9069999999998455 0.21040058614169693
1.9069999999998455 0.13394089725349576
1.9069999999998455 0.16107705431341357
1.9069999999998455 0.1457415105962044
1.9074999999998454 0.21036840082697716
1.9074999999998454 0.13318859669465882
1.9074999999998454 0.16066981994674387
1.9074999999998454 0.14517006223668424
1.9079999999998454 0.21033621622773388
1.9079999999998454 0.133041786455347
1.9079999999998454 0.15990807390336356
1.9079999999998454 0.14460545179019066
1.9084999999998453 0.21030403234468498
1.9084999999998453 0.13229638509501696
1.9084999999998453 0.15915188967502383
1.9084999999998453 0.14415776038524616
1.9089999999998453 0.2102718491785474
1.9089999999998453 0.13215080268878412
1.9089999999998453 0.1587494879940103
1.9089999999998453 0.14360414448683934
1.9094999999998452 0.2076652469439698
1.9094999999998452 0.13200540347481732
1.9094999999998452 0.15800070270170333
1.9094999999998452 0.14305761878396117
1.9099999999998452 0.20763223744517534
1.9099999999998452 0.1312679523420532
1.9099999999998452 0.15725753821039642
1.9099999999998452 0.14262063115015342
1.910499999999845 0.20759922881622145
1.910499999999845 0.13112376640859882
1.910499999999845 0.15652002084501962
1.910499999999845 0.14208544328959447
1.910999999999845 0.20756622105788267
1.910999999999845 0.13097976148104562
1.910999999999845 0.15612424093251812
1.910999999999845 0.14155759626116646
1.911499999999845 0.2075332141709332
1.911499999999845 0.13025025615368793
1.911499999999845 0.15539419923054099
1.911499999999845 0.14113152372463184
1.911999999999845 0.2049672021322278
1.911999999999845 0.13010745009023514
1.911999999999845 0.15466985176838252
1.911999999999845 0.1406153556967567
1.9124999999998449 0.2049333764949689
1.9124999999998449 0.1293848781679963
1.9124999999998449 0.15395121955547653
1.9124999999998449 0.1401067771185768
1.9129999999998448 0.20489955189318868
1.9129999999998448 0.1292432585996384
1.9129999999998448 0.15356203309361677
1.9129999999998448 0.13969183037350677
1.9134999999998448 0.20486572832772074
1.9134999999998448 0.12910181596573034
1.9134999999998448 0.15285093300910513
1.9134999999998448 0.13919526928089196
1.9139999999998447 0.20483190579939856
1.9139999999998447 0.12838719206515856
1.9139999999998447 0.1521455838413327
1.9139999999998447 0.1387065438950731
1.9144999999998447 0.20230598416639398
1.9144999999998447 0.1282469217550113
1.9144999999998447 0.15144600148344933
1.9144999999998447 0.13830293256817072
1.9149999999998446 0.2022713509453061
1.9149999999998446 0.1275392550638161
1.9149999999998446 0.15075220026945907
1.9149999999998446 0.13782655998796994
1.9154999999998445 0.2022367189367998
1.9154999999998445 0.12740014490770393
1.9154999999998445 0.15006419299512808
1.9154999999998445 0.13735826669867512
1.9159999999998445 0.20220208814176874
1.9159999999998445 0.12726120770876126
1.9159999999998445 0.1496851349810699
1.9159999999998445 0.1369661989498731
1.9164999999998444 0.2021674585611079
1.9164999999998444 0.1265614896244759
1.9164999999998444 0.14900471569446938
1.9164999999998444 0.13651059017045528
1.9169999999998444 0.19968113730403048
1.9169999999998444 0.12642369864947922
1.9169999999998444 0.1483301083782329
1.9169999999998444 0.13606330130566818
1.9174999999998443 0.1996457055406772
1.9174999999998443 0.1262860785726986
1.9174999999998443 0.1476613210596388
1.9174999999998443 0.13562443259977994
1.9179999999998443 0.19961027517864252
1.9179999999998443 0.125594302930639
1.9179999999998443 0.14699836031846433
1.9179999999998443 0.13524870677910092
1.9184999999998442 0.19957484621888316
1.9184999999998442 0.12545781527827368
1.9184999999998442 0.14634123130914747
1.9184999999998442 0.1348229874077816
1.9189999999998442 0.19953941866235594
1.9189999999998442 0.1247730239531655
1.9189999999998442 0.14568993778314007
1.9189999999998442 0.13440592413274682
1.919499999999844 0.19709221701637197
1.919499999999844 0.12463765685887211
1.919499999999844 0.14504448211140253
1.919499999999844 0.13399761508932295
1.919999999999844 0.19705599621743883
1.919999999999844 0.124502456825889
1.919999999999844 0.14440486530704302
1.919999999999844 0.1335981577469759
1.920499999999844 0.19701977702034623
1.920499999999844 0.12382560638092902
1.920499999999844 0.14377108704806388
1.920499999999844 0.13324394272471193
1.920999999999844 0.19698355942611515
1.920999999999844 0.12369151334186036
1.920999999999844 0.14314314570020736
1.920999999999844 0.13285822346562273
1.9214999999998439 0.1969473434357658
1.9214999999998439 0.12355758537874212
1.9214999999998439 0.14252103833988355
1.9214999999998439 0.132481585033092
1.9219999999998438 0.19453878942889044
1.9219999999998438 0.12288866878559904
1.9219999999998438 0.14190476077714193
1.9219999999998438 0.13211412253808735
1.9224999999998438 0.19450178954466227
1.9224999999998438 0.12275583437950924
1.9224999999998438 0.1410441452400955
1.9224999999998438 0.1317559303530318
1.9229999999998437 0.19446479147471232
1.9229999999998437 0.1220939255136899
1.9229999999998437 0.14044360326748617
1.9229999999998437 0.1314071020946146
1.9234999999998437 0.1944277952201258
1.9234999999998437 0.12196217309483673
1.9234999999998437 0.13984886868683566
1.9234999999998437 0.13106773060601562
1.9239999999998436 0.1943908007819883
1.9239999999998436 0.12183058205056267
1.9239999999998436 0.13925993153801616
1.9239999999998436 0.13073790793844778
1.9244999999998436 0.19202043078549597
1.9244999999998436 0.12117660359297659
1.9244999999998436 0.1384464347197035
1.9244999999998436 0.13041710016124083
1.9249999999998435 0.19198266218861565
1.9249999999998435 0.12104608132872029
1.9249999999998435 0.13787313249862954
1.9249999999998435 0.1301113624261652
1.9254999999998434 0.19194489563047543
1.9254999999998434 0.12091571852471733
1.9254999999998434 0.1370868301095004
1.9254999999998434 0.12981549983048393
1.9259999999998434 0.19190713111222643
1.9259999999998434 0.12026966271946787
1.9259999999998434 0.13631781554640787
1.9259999999998434 0.12954587834387252
1.9264999999998433 0.19186936863501974
1.9264999999998433 0.12014035561234059
1.9264999999998433 0.13576981283908238
1.9264999999998433 0.12927493941457538
1.9269999999998433 0.19183160820000647
1.9269999999998433 0.12001120607523783
1.9269999999998433 0.1350277225573171
1.9269999999998433 0.12904301795080905
1.9274999999998432 0.1894982004000396
1.9274999999998432 0.11937306498931458
1.9274999999998432 0.13411376041736484
1.9274999999998432 0.12883418969924906
1.9279999999998432 0.18945967613985448
1.9279999999998432 0.11924495818888993
1.9279999999998432 0.1334131088929542
1.9279999999998432 0.128648801415234
1.9284999999998431 0.1894211541562024
1.9284999999998431 0.11861384787421762
1.9284999999998431 0.13255836802241464
1.9284999999998431 0.12854256298855282
1.928999999999843 0.18938263445030057
1.928999999999843 0.1184867726317578
1.928999999999843 0.1315811089090171
1.928999999999843 0.12847973593983814
1.929499999999843 0.1893441170233665
1.929499999999843 0.11835985143322937
1.929499999999843 0.13052200585222393
1.929499999999843 0.12862569130431006
1.929999999999843 0.18704799952341966
1.929999999999843 0.11773665040177675
1.930499999999843 0.18700872872809485
1.930499999999843 0.11761074802315506
1.9309999999998428 0.18696946045812707
1.9309999999998428 0.11748499786593022
1.9314999999998428 0.1869301947147998
1.9314999999998428 0.11686969765698865
1.9319999999998427 0.18689093149939728
1.9319999999998427 0.1167449537014769
1.9324999999998427 0.18463166352749483
1.9324999999998427 0.11662036016778271
1.9329999999998426 0.18459165772424818
1.9329999999998426 0.11601295221266573
1.9334999999998426 0.18455165470741092
1.9334999999998426 0.11588935238126553
1.9339999999998425 0.18451165447833323
1.9339999999998425 0.11576590119476846
1.9344999999998425 0.18447165703836577
1.9344999999998425 0.1151663768349734
1.9349999999998424 0.18224880455628356
1.9349999999998424 0.11504390696904292
1.9354999999998423 0.18220807561246502
1.9354999999998423 0.11492158399348368
1.9359999999998423 0.18216734972836243
1.9359999999998423 0.11432993449927832
1.9364999999998422 0.1821266269053932
1.9364999999998422 0.11420858057917861
1.9369999999998422 0.1820859071449738
1.9369999999998422 0.11408737181701771
1.9374999999998421 0.17989904249993488
1.9374999999998421 0.11350358840644166
1.937999999999842 0.1798576026031163
1.937999999999842 0.1133833365501937
1.938499999999842 0.17981616605157963
1.938499999999842 0.11326322814127109
1.938999999999842 0.17977473284680834
1.938999999999842 0.11268730199955658
1.939499999999842 0.17973330299028475
1.939499999999842 0.11256813846150933
1.9399999999998419 0.1775820045847539
1.9399999999998419 0.11244911668171699
1.9404999999998418 0.17753986622308793
1.9404999999998418 0.11188103898111681
1.9409999999998417 0.17749773150451317
1.9409999999998417 0.11176295015062986
1.9414999999998417 0.17745560043057754
1.9414999999998417 0.11120192953351708
1.9419999999998416 0.17741347300282873
1.9419999999998416 0.11108476333061802
1.9424999999998416 0.17737134922281425
1.9424999999998416 0.1109677357307572
1.9429999999998415 0.17525450092462083
1.9429999999998415 0.11041455601081408
1.9434999999998415 0.1752116808205788
1.9434999999998415 0.11029843932258993
1.9439999999998414 0.17516886467125486
1.9439999999998414 0.11018245960883362
1.9444999999998414 0.17512605247826016
1.9444999999998414 0.10963711195248317
1.9449999999998413 0.17508324424320548
1.9449999999998413 0.10952203154504925
1.9454999999998412 0.17300114771209998
1.9454999999998412 0.10940708650400781
1.9459999999998412 0.17295765526622148
1.9459999999998412 0.1092922766749263
1.9464999999998411 0.17291416709728658
1.9464999999998411 0.10875550491837815
1.946999999999841 0.1728706832069684
1.946999999999841 0.10864158146652655
1.947499999999841 0.17282720359693993
1.947499999999841 0.10852779164122052
1.947999999999841 0.17077945378621381
1.947999999999841 0.10799882471462038
1.948499999999841 0.17073530228535283
1.948499999999841 0.10788590989704103
1.9489999999998409 0.17069115539572913
1.9489999999998409 0.10777312714053172
1.9494999999998408 0.17064701311907593
1.9494999999998408 0.1072519565771973
1.9499999999998407 0.1706028754571255
1.9499999999998407 0.10714003756633558
1.9504999999998407 0.1685890722049352
1.9504999999998407 0.10702824907074915
1.9509999999998406 0.1685442751606145
1.9509999999998406 0.10651486654103742
1.9514999999998406 0.16849948307379392
1.9514999999998406 0.10640393063547218
1.9519999999998405 0.16845469594626436
1.9519999999998405 0.10629312371880922
1.9524999999998405 0.16840991377981512
1.9524999999998405 0.10578752105312765
1.9529999999998404 0.1683651365762359
1.9529999999998404 0.10567755567634643
1.9534999999998404 0.16638423269093694
1.9534999999998404 0.10556771778126654
1.9539999999998403 0.1663388091366936
1.9539999999998403 0.10506988699347113
1.9544999999998403 0.16629339089990833
1.9544999999998403 0.10496087969266535
1.9549999999998402 0.16624797798242608
1.9549999999998402 0.10485199838527962
1.9554999999998401 0.16620257038609054
1.9554999999998401 0.10436193169647026
1.95599999999984 0.16425483888488152
1.95599999999984 0.10425387014133664
1.95649999999984 0.1642087977812751
1.95649999999984 0.10414593311001283
1.95699999999984 0.16416276236500318
1.95699999999984 0.10366362297271793
1.95749999999984 0.16411673263796148
1.95749999999984 0.1035564949542749
1.9579999999998399 0.16407070860204498
1.9579999999998399 0.10344949000845556
1.9584999999998398 0.16215576266927234
1.9584999999998398 0.10297492913121148
1.9589999999998398 0.16210911810495157
1.9589999999998398 0.10286872256062489
1.9594999999998397 0.16206247960939124
1.9594999999998397 0.1027626376296566
1.9599999999998396 0.1620158471845351
1.9599999999998396 0.102656674204696
1.9604999999998396 0.16196922083232523
1.9604999999998396 0.10219052190940456
1.9609999999998395 0.1600866776126448
1.9609999999998395 0.10208534504137944
1.9614999999998395 0.1600394438294516
1.9614999999998395 0.10198028826644484
1.9619999999998394 0.1599922165078186
1.9619999999998394 0.10152186249257057
1.9624999999998394 0.15994499564973194
1.9624999999998394 0.10141758185317741
1.9629999999998393 0.1598977812571772
1.9629999999998393 0.101313419911629
1.9634999999998393 0.15804726166304361
1.9634999999998393 0.10086271436850443
1.9639999999998392 0.15799945303892954
1.9639999999998392 0.10075931823989429
1.9644999999998392 0.15795165128035227
1.9644999999998392 0.10065603943131753
1.964999999999839 0.15790385638933663
1.964999999999839 0.10021304818592998
1.965499999999839 0.1578560683679064
1.965499999999839 0.10011052496559167
1.965999999999839 0.15780828721808496
1.965999999999839 0.10000811770467598
1.966499999999839 0.15598882793198404
1.966499999999839 0.09990582627808486
1.9669999999998389 0.15594046624471775
1.9669999999998389 0.099471173407909
1.9674999999998388 0.15589211183998614
1.9674999999998388 0.09936962622333716
1.9679999999998388 0.15584376471984782
1.9679999999998388 0.09926819353148057
1.9684999999998387 0.15579542488635797
1.9684999999998387 0.09884123558285828
1.9689999999998387 0.15400725458715422
1.9689999999998387 0.09874053711621027
1.9694999999998386 0.15395834758211596
1.9694999999998386 0.09863995181737714
1.9699999999998385 0.15390944828531372
1.9699999999998385 0.0982206841700618
1.9704999999998385 0.1538605566988326
1.9704999999998385 0.09812082317472678
1.9709999999998384 0.15381167282475688
1.9709999999998384 0.0980210740387898
1.9714999999998384 0.1520544227414666
1.9714999999998384 0.0976094925384348
1.9719999999998383 0.15200498511610197
1.9719999999998383 0.09751045787853928
1.9724999999998383 0.15195555563515262
1.9724999999998383 0.09741153378588106
1.9729999999998382 0.15190613430072578
1.9729999999998382 0.09731272014341792
1.9734999999998382 0.15185672111492707
1.9734999999998382 0.09690941542166982
1.973999999999838 0.15013002558162067
1.973999999999838 0.096811305362125
1.974499999999838 0.1500800721041045
1.974499999999838 0.09671330447857267
1.974999999999838 0.15003012721739709
1.974999999999838 0.09631767073912004
1.975499999999838 0.14998019092362072
1.975499999999838 0.09622036381092731
1.9759999999998379 0.14993026322489642
1.9759999999998379 0.09612316480031086
1.9764999999998378 0.14988034412334442
1.9764999999998378 0.09573519953395097
1.9769999999998378 0.1481833050411928
1.9769999999998378 0.09563868494271727
1.9774999999998377 0.14813285958210945
1.9774999999998377 0.09554227702621064
1.9779999999998377 0.1480824231722925
1.9779999999998377 0.09544597567316274
1.9784999999998376 0.14803199581387141
1.9784999999998376 0.09506624536251651
1.9789999999998376 0.14798157750897445
1.9789999999998376 0.09497061786742288
1.9794999999998375 0.1463143834756874
1.9794999999998375 0.09487509571013547
1.9799999999998374 0.14626345231748253
1.9799999999998374 0.09450302249799003
1.9804999999998374 0.14621253067451015
1.9804999999998374 0.09440816485673506
1.9809999999998373 0.14616161854890108
1.9809999999998373 0.09431341134274247
1.9814999999998373 0.14611071594278385
1.9814999999998373 0.09394899462799601
1.9819999999998372 0.14447300983623343
1.9819999999998372 0.09385489637713212
1.9824999999998372 0.14442160787726838
1.9824999999998372 0.09376090105788289
1.9829999999998371 0.1443702159088231
1.9829999999998371 0.09366700856451927
1.983499999999837 0.14431883393302108
1.983499999999837 0.09331079169086393
1.983999999999837 0.1442674619519839
1.983999999999837 0.09321754422073991
1.984499999999837 0.14265888926995648
1.984499999999837 0.09312439839731156
1.984999999999837 0.14260703141929762
1.984999999999837 0.09277583096902933
1.9854999999998368 0.14255518404344292
1.9854999999998368 0.09268332110437978
1.9859999999998368 0.14250334714450086
1.9859999999998368 0.0925909117216881
1.9864999999998367 0.14245152072457679
1.9864999999998367 0.09249860271881294
1.9869999999998367 0.14087172949132926
1.9869999999998367 0.09215821291987464
1.9874999999998366 0.14081943065471428
1.9874999999998366 0.09206652984952676
1.9879999999998366 0.14076714278584893
1.9879999999998366 0.09197494601022613
1.9884999999998365 0.14071486588681698
1.9884999999998365 0.09164220184696908
1.9889999999998365 0.14066259995969982
1.9889999999998365 0.09155123506044165
1.9894999999998364 0.13911124064138153
1.9894999999998364 0.09146036637020766
1.9899999999998363 0.13905851570756178
1.9899999999998363 0.09113527106529885
1.9904999999998363 0.13900580224274892
1.9904999999998363 0.09104501063301394
1.9909999999998362 0.13895310024899332
1.9909999999998362 0.09095484717608111
1.9914999999998362 0.13890040972834264
1.9914999999998362 0.09086478059752669
1.9919999999998361 0.1373771351568997
1.9919999999998361 0.09054784087659293
1.992499999999836 0.1373239989843606
1.992499999999836 0.09045837283502951
1.992999999999836 0.13727087479003844
1.992999999999836 0.0903690005661687
1.993499999999836 0.13721776257593996
1.993499999999836 0.090059711163679
1.993999999999836 0.13716466234406874
1.993999999999836 0.08997092881649424
1.9944999999998358 0.13566912764925343
1.9944999999998358 0.0898822411497247
1.9949999999998358 0.1356155950533233
1.9949999999998358 0.0897936480697433
1.9954999999998357 0.13556207495240158
1.9954999999998357 0.0894925016851681
1.9959999999998357 0.13550856734844147
1.9959999999998357 0.08940448900875185
1.9964999999998356 0.13545507224339332
1.9964999999998356 0.08931656984163718
1.9969999999998356 0.13398693479251017
1.9969999999998356 0.08902307913460164
1.9974999999998355 0.13393302053285708
1.9974999999998355 0.08893573193180465
1.9979999999998355 0.1338791192922055
1.9979999999998355 0.08884847717379384
1.9984999999998354 0.13382523107244468
1.9984999999998354 0.08856265002144127
1.9989999999998354 0.13377135587546077
1.9989999999998354 0.0884759588696861
1.9994999999998353 0.1337174937031374
1.9994999999998353 0.08838935911097953
1.9999999999998352 0.13227599398901088
1.9999999999998352 0.08830285065651698
2.0004999999998354 0.13222172630734372
2.0004999999998354 0.08802515997034648
2.0009999999998356 0.13216747217729788
2.0009999999998356 0.08793920589427898
2.0014999999998357 0.1321132316006842
2.0014999999998357 0.08785334208484889
2.001999999999836 0.13069886943239914
2.001999999999836 0.08758332661444741
2.002499999999836 0.13064423584152943
2.002499999999836 0.08749800899667597
2.0029999999998362 0.13058961633768862
2.0029999999998362 0.08741278062030738
2.0034999999998364 0.13053501092260417
2.0034999999998364 0.08732764139965907
2.0039999999998366 0.1304804195979998
2.0039999999998366 0.08706576115931719
2.0044999999998367 0.12909243970679157
2.0044999999998367 0.08698115909537699
2.004999999999837 0.12903746827817508
2.004999999999837 0.0868966451756099
2.005499999999837 0.1289825114798197
2.005499999999837 0.08664245642847747
2.0059999999998372 0.12892756931335436
2.0059999999998372 0.08655847164689366
2.0064999999998374 0.12887264178040528
2.0064999999998374 0.08647457400990953
2.0069999999998376 0.12751071002338624
2.0069999999998376 0.08639076343488006
2.0074999999998377 0.1274554151769924
2.0074999999998377 0.08614471375375243
2.007999999999838 0.12740013550969279
2.007999999999838 0.08606142347106971
2.008499999999838 0.1273448710230053
2.008499999999838 0.08597821926402063
2.0089999999998382 0.12728962171844574
2.0089999999998382 0.08573988227536043
2.0094999999998384 0.12595340599255672
2.0094999999998384 0.08565719050737289
2.0099999999998386 0.1258978020361885
2.0099999999998386 0.0855745838402818
2.0104999999998387 0.12584221381293093
2.0104999999998387 0.08549206219439515
2.010999999999839 0.1257866413241794
2.010999999999839 0.08526187348610999
2.011499999999839 0.12573108457132634
2.011499999999839 0.08517985561892641
2.0119999999998393 0.12442025479208785
2.0119999999998393 0.08509792181103497
2.0124999999998394 0.12436435591130224
2.0124999999998394 0.08487547223360181
2.0129999999998396 0.1243084733224068
2.0129999999998396 0.08479403451354926
2.0134999999998398 0.12425260702666137
2.0134999999998398 0.08471267990207453
2.01399999999984 0.12419675702532222
2.01399999999984 0.08449798807603617
2.01449999999984 0.12291098511091107
2.01449999999984 0.08441712193693128
2.0149999999998403 0.12285480535935443
2.0149999999998403 0.08433633796670749
2.0154999999998404 0.12279864246280561
2.0154999999998404 0.08425563608993623
2.0159999999998406 0.12274249642237518
2.0159999999998406 0.08404912084272971
2.0164999999998408 0.12268636723917084
2.0164999999998408 0.08396889904434558
2.016999999999841 0.12142532709950116
2.016999999999841 0.08388875841192557
2.017499999999841 0.1213688803896579
2.017499999999841 0.0836900357680277
2.0179999999998413 0.12131245110184975
2.0179999999998413 0.08361036775718966
2.0184999999998414 0.12125603923702584
2.0184999999998414 0.08353077999546957
2.0189999999998416 0.12001973022403416
2.0189999999998416 0.08345127241019853
2.0194999999998418 0.11996301232662544
2.0194999999998418 0.0832607503536852
2.019999999999842 0.11990631242098244
2.019999999999842 0.08318170717333957
2.020499999999842 0.11984963050788242
2.020499999999842 0.0831027432643967
2.0209999999998423 0.1197929665880973
2.0209999999998423 0.08292005475288722
2.0214999999998424 0.11858073180502977
2.0214999999998424 0.08284154794832554
2.0219999999998426 0.11852377374214447
2.0219999999998426 0.08276311952039299
2.0224999999998428 0.11846683424477
2.0224999999998428 0.08258829058976477
2.022999999999843 0.11840991331349404
2.022999999999843 0.08251031203856263
2.023499999999843 0.11835301094889886
2.023499999999843 0.08243241097931417
2.0239999999998433 0.117164530438908
2.0239999999998433 0.08235458734333576
2.0244999999998434 0.11710734564555969
2.0244999999998434 0.08218801092382105
2.0249999999998436 0.11705017999409771
2.0249999999998436 0.08211062920338033
2.0254999999998438 0.11699303348490592
2.0254999999998438 0.08203332403274334
2.025999999999844 0.11582827990507523
2.025999999999844 0.08187465789278733
2.026499999999844 0.11577086192240171
2.026499999999844 0.08179778756320943
2.0269999999998443 0.1157134636600191
2.0269999999998443 0.08172099291970585
2.0274999999998444 0.11565608511809755
2.0274999999998444 0.08164427389617315
2.0279999999998446 0.11559872629680132
2.0279999999998446 0.08149390128614506
2.0284999999998448 0.11445708231385743
2.0284999999998448 0.08141760931283548
2.028999999999845 0.11439946336223937
2.028999999999845 0.08134139210658399
2.029499999999845 0.1143418647114866
2.029499999999845 0.08119898750563423
2.0299999999998453 0.11428428636153609
2.0299999999998453 0.08112319042638125
2.0304999999998454 0.11316570809945796
2.0304999999998454 0.08104746727065591
2.0309999999998456 0.11310788018757192
2.0309999999998456 0.08091306531168033
2.0314999999998458 0.11305007315878335
2.0314999999998458 0.08083775543071274
2.031999999999846 0.11299228701278781
2.031999999999846 0.08076251863895562
2.032499999999846 0.1118964426164467
2.032499999999846 0.08063615580240792
2.0329999999998463 0.11183841727579891
2.0329999999998463 0.08056132550391014
2.0334999999998464 0.11178041340192658
2.0334999999998464 0.08048656746935183
2.0339999999998466 0.11172243099426828
2.0339999999998466 0.08041188163756056
2.0344999999998468 0.11166447005225721
2.0344999999998468 0.08029392388449555
2.034999999999847 0.11059077983874162
2.034999999999847 0.08021963707977717
2.035499999999847 0.11053259045054213
2.035499999999847 0.08014542166262249
2.0359999999998473 0.11047442311302946
2.0359999999998473 0.08003557592533408
2.0364999999998474 0.11041627782536603
2.0364999999998474 0.0799617529021578
2.0369999999998476 0.10936467518103037
2.0369999999998476 0.07988800046004209
2.0374999999998478 0.10930631140309419
2.0374999999998478 0.0797863091487344
2.037999999999848 0.10924797026099464
2.037999999999848 0.07971294253754665
2.038499999999848 0.1091896517536074
2.038499999999848 0.0796396457094527
2.0389999999998483 0.10815981272235348
2.0389999999998483 0.07954615330278458
2.0394999999998484 0.10810128546950787
2.0394999999998484 0.07947323581249092
2.0399999999998486 0.1080427814379546
2.0399999999998486 0.07940038731569783
2.0404999999998488 0.10798430062626911
2.0404999999998488 0.07932760775591555
2.040999999999849 0.1069759040209683
2.040999999999849 0.07924266483666334
2.041499999999849 0.1069172239950439
2.041499999999849 0.07917025746649665
2.0419999999998493 0.1068585677758091
2.0419999999998493 0.07909791825308718
2.0424999999998494 0.10679993536152456
2.0424999999998494 0.07902126406179265
2.0429999999998496 0.10581266279826974
2.0429999999998496 0.07894929069140842
2.0434999999998498 0.10575384048522471
2.0434999999998498 0.07887738470556453
2.04399999999985 0.1056950425638489
2.04399999999985 0.07880907034192242
2.04449999999985 0.10563626903207322
2.04449999999985 0.0787375239221288
2.0449999999998503 0.10466980496421874
2.0449999999998503 0.07866604412253453
2.0454999999998504 0.10461085063160981
2.0454999999998504 0.07860612299503286
2.0459999999998506 0.10455192127487967
2.0459999999998506 0.07853499655414771
2.0464999999998508 0.10449301689161446
2.0464999999998508 0.0784639359768385
2.046999999999851 0.10354704864344258
2.046999999999851 0.07841246386605741
2.047499999999851 0.10348797233823603
2.047499999999851 0.07834175050980575
2.0479999999998513 0.103428921592001
2.0479999999998513 0.07827110226806468
2.0484999999998514 0.10336989640196456
2.0484999999998514 0.07822813739132754
2.0489999999998516 0.10244411420182883
2.0489999999998516 0.07815783030277752
2.0494999999998518 0.1023849257485395
2.0494999999998518 0.0780875875870747
2.049999999999852 0.10232576343585946
2.049999999999852 0.0780531906644749
2.050499999999852 0.10142004199827682
2.050499999999852 0.07798328310401663
2.0509999999998523 0.10136072427343948
2.0509999999998523 0.0779134391819874
2.0514999999998524 0.1013014332725913
2.0514999999998524 0.07788767350382908
2.0519999999998526 0.1012421689922023
2.0519999999998526 0.07781815880919628
2.0524999999998528 0.10035601526282549
2.0524999999998528 0.0778008291725263
2.052999999999853 0.10029660378758785
2.052999999999853 0.07773163852133742
2.053499999999853 0.10023721961448252
2.053499999999853 0.07766251010767296
2.0539999999998533 0.09937050002627662
2.0539999999998533 0.07765395135597644
2.0544999999998534 0.09931097606999524
2.0544999999998534 0.0775851411930432
2.0549999999998536 0.09925147999592
2.0549999999998536 0.07751639255301024
2.0554999999998538 0.09919201179970918
2.0554999999998538 0.07751667604212303
2.055999999999854 0.09834425445067745
2.055999999999854 0.07744823993114949
2.056499999999854 0.0982846542471927
2.056499999999854 0.07737986463509189
2.0569999999998543 0.09822508249935953
2.0569999999998543 0.07738906457497123
2.0574999999998544 0.09739614652835817
2.0574999999998544 0.07732099615770288
2.0579999999998546 0.0973364497475953
2.0579999999998546 0.07733894784808085
2.058499999999855 0.09727678199813868
2.058499999999855 0.0772711813834441
2.058999999999855 0.0964663631938494
2.058999999999855 0.07720347437992657
2.059499999999855 0.09640657716949518
2.059499999999855 0.07723050462062903
2.0599999999998553 0.09634682074972196
2.0599999999998553 0.07716309405833986
2.0604999999998554 0.09555461865232186
2.0604999999998554 0.07719905313594495
2.0609999999998556 0.09549475050081847
2.0609999999998556 0.0771319342193481
2.061499999999856 0.09543491252455184
2.061499999999856 0.07706487343099551
2.061999999999856 0.09466063044358324
2.061999999999856 0.07711008522954627
2.062499999999856 0.09460068706553257
2.062499999999856 0.0770433107169597
2.0629999999998563 0.0945407744305246
2.0629999999998563 0.07709764057036178
2.0634999999998564 0.09378411946033573
2.0634999999998564 0.0770311476719628
2.0639999999998566 0.09372410754209509
2.0639999999998566 0.07696471158879349
2.064499999999857 0.09298491582574803
2.064499999999857 0.07702848103866985
2.064999999999857 0.09292480996438732
2.064999999999857 0.07696232134429287
2.065499999999857 0.09286473597985075
2.065499999999857 0.07703541083700695
2.0659999999998573 0.09214259182357022
2.0659999999998573 0.07696952300759162
2.0664999999998575 0.09208242960080937
2.0664999999998575 0.07705204044704807
2.0669999999998576 0.09137716745980867
2.0669999999998576 0.07698642002743764
2.067499999999858 0.09131692193554061
2.067499999999858 0.07707847669337156
2.067999999999858 0.09125670941002469
2.067999999999858 0.0770131192983284
2.068499999999858 0.0905679313392433
2.068499999999858 0.07711482993087462
2.0689999999998583 0.09050764081340883
2.0689999999998583 0.07704973124639376
2.0694999999998585 0.08983518037581852
2.0694999999998585 0.07716121413205775
2.0699999999998586 0.08977481639411238
2.0699999999998586 0.07709636991674512
2.070499999999859 0.08911839580967397
2.070499999999859 0.07721774697577198
2.070999999999859 0.08905796272638068
2.070999999999859 0.07715315306229129
2.071499999999859 0.08841730859488002
2.071499999999859 0.0772845499374247
2.0719999999998593 0.0883568105773346
2.0719999999998593 0.077425905153706
2.0724999999998595 0.08773165386175796
2.0724999999998595 0.07736174838063298
2.0729999999998596 0.08767109489362993
2.0729999999998596 0.07751338956236098
2.07349999999986 0.08706117090099179
2.07349999999986 0.0776752690797327
2.07399999999986 0.0864663096391908
2.07399999999986 0.07761153607610766
2.07449999999986 0.08640560314534378
2.07449999999986 0.07778398338387812
2.0749999999998603 0.08582545524846384
2.0749999999998603 0.07796696475280529
2.0754999999998605 0.08525985434491047
2.0754999999998605 0.07816063539531157
2.0759999999998606 0.08470854840768512
2.0759999999998606 0.07836515464578812
2.076499999999861 0.08417129008760357
2.076499999999861 0.07858068605011148
2.076999999999861 0.08364783666606271
2.076999999999861 0.07880739745588884
2.077499999999861 0.083137950005978
2.077499999999861 0.07904546110338159
2.0779999999998613 0.08221930445942544
2.0779999999998613 0.07961853285572425
