1.7700700000000174 0.6916919999999529
1.7700700000000174 0.6916919999998923
1.7700700000000174 0.6916919999999529
1.7700700000000174 0.6916919999998923
1.7700700000000174 0.6916919999999529
1.7700700000000174 0.6916919999998923
1.7700700000000174 0.6916919999999529
1.7700700000000174 0.6916919999998923
1.7696700000000174 0.6934519999998932
1.7696700000000174 0.6934519999999534
1.7696700000000174 0.6934519999998932
1.7696700000000174 0.6934519999999534
1.7696700000000174 0.6934519999998932
1.7696700000000174 0.6934519999999534
1.7696700000000174 0.6934519999998932
1.7696700000000174 0.6934519999999534
1.7695700000000174 0.693891999999895
1.7695700000000174 0.693891999999895
1.7695700000000174 0.693891999999895
1.7695700000000174 0.693891999999895
1.7693700000000174 0.6947719999999526
1.7693700000000174 0.6947719999999526
1.7693700000000174 0.6947719999999526
1.7693700000000174 0.6947719999999526
1.7691700000000175 0.6956519999998931
1.7691700000000175 0.6956519999998931
1.7691700000000175 0.6956519999998931
1.7691700000000175 0.6956519999998931
1.7690700000000175 0.6960919999998931
1.7690700000000175 0.6960919999999541
1.7690700000000175 0.6960919999998931
1.7690700000000175 0.6960919999999541
1.7690700000000175 0.6960919999998931
1.7690700000000175 0.6960919999999541
1.7690700000000175 0.6960919999998931
1.7690700000000175 0.6960919999999541
1.7688700000000175 0.6969719999999533
1.7688700000000175 0.696971999999894
1.7688700000000175 0.6969719999999533
1.7688700000000175 0.696971999999894
1.7688700000000175 0.6969719999999533
1.7688700000000175 0.696971999999894
1.7688700000000175 0.6969719999999533
1.7688700000000175 0.696971999999894
1.7687700000000175 0.6974119999998937
1.7687700000000175 0.6974119999998937
1.7687700000000175 0.6974119999998937
1.7687700000000175 0.6974119999998937
1.7685700000000175 0.6982919999998989
1.7685700000000175 0.6982919999999475
1.7685700000000175 0.6982919999998989
1.7685700000000175 0.6982919999999475
1.7685700000000175 0.6982919999998989
1.7685700000000175 0.6982919999999475
1.7685700000000175 0.6982919999998989
1.7685700000000175 0.6982919999999475
1.7683700000000175 0.6991719999999004
1.7683700000000175 0.6991719999999004
1.7683700000000175 0.6991719999999004
1.7683700000000175 0.6991719999999004
1.7682700000000175 0.6996119999999466
1.7682700000000175 0.6996119999999466
1.7682700000000175 0.6996119999999466
1.7682700000000175 0.6996119999999466
1.7678700000000176 0.7013719999999415
1.7678700000000176 0.7013719999999029
1.7678700000000176 0.7013719999999415
1.7678700000000176 0.7013719999999029
1.7678700000000176 0.7013719999999415
1.7678700000000176 0.7013719999999029
1.7678700000000176 0.7013719999999415
1.7678700000000176 0.7013719999999029
1.7655700000000178 0.7114919999998512
1.7655700000000178 0.7114919999998512
1.7655700000000178 0.7114919999999919
1.7655700000000178 0.7114919999998512
1.7655700000000178 0.711491999999992
1.7655700000000178 0.7114919999998512
1.7655700000000178 0.7114919999998512
1.7654700000000179 0.7119319999999558
1.7654700000000179 0.7119319999998859
1.7654700000000179 0.7119319999999558
1.7654700000000179 0.7119319999998859
1.7654700000000179 0.7119319999999558
1.7654700000000179 0.7119319999998859
1.7654700000000179 0.7119319999999558
1.7654700000000179 0.7119319999998859
1.7652700000000179 0.7128119999999786
1.7652700000000179 0.7128119999998591
1.7652700000000179 0.7128119999999786
1.7652700000000179 0.7128119999998591
1.7652700000000179 0.7128119999999786
1.7652700000000179 0.7128119999998591
1.7652700000000179 0.7128119999999786
1.7652700000000179 0.7128119999998591
1.765170000000018 0.7132519999999826
1.765170000000018 0.7132519999998629
1.765170000000018 0.7132519999999826
1.765170000000018 0.7132519999998621
1.765170000000018 0.7132519999999826
1.765170000000018 0.7132519999998629
1.765170000000018 0.7132519999999826
1.765170000000018 0.7132519999998621
1.765070000000018 0.7136919999998873
1.765070000000018 0.7136919999999559
1.765070000000018 0.7136919999998873
1.765070000000018 0.7136919999999559
1.765070000000018 0.7136919999998873
1.765070000000018 0.7136919999999559
1.765070000000018 0.7136919999998873
1.765070000000018 0.7136919999999559
1.764870000000018 0.7145720000002791
1.764870000000018 0.7145719999995851
1.764870000000018 0.7145720000002413
1.764870000000018 0.7145719999996163
1.764870000000018 0.7145720000002079
1.764870000000018 0.714571999999648
1.764870000000018 0.7145720000001766
1.764870000000018 0.7145719999996776
1.764770000000018 0.7150120000030135
1.764770000000018 0.7150119999969515
1.764770000000018 0.7150120000027675
1.764770000000018 0.7150119999972225
1.764770000000018 0.7150120000025125
1.764770000000018 0.7150119999974652
1.764770000000018 0.7150120000022819
1.764770000000018 0.7150119999976863
1.764670000000018 0.7154519999725333
1.764670000000018 0.7154520000264144
1.764670000000018 0.7154519999746322
1.764670000000018 0.7154520000240594
1.764670000000018 0.7154519999765598
1.764670000000018 0.7154520000222163
1.764670000000018 0.7154519999786406
1.764670000000018 0.7154520000205109
1.764570000000018 0.7158919997678241
1.764570000000018 0.7158920002232008
1.764570000000018 0.7158919997851223
1.764570000000018 0.7158920002065575
1.764570000000018 0.7158919998011403
1.764570000000018 0.7158920001911484
1.764570000000018 0.7158919998134563
1.764570000000018 0.7158920001792967
1.764470000000018 0.7163319980615132
1.764470000000018 0.7163320018792673
1.764470000000018 0.7163319981778375
1.764470000000018 0.7163320017664866
1.764470000000018 0.7163319982871792
1.764470000000018 0.7163320016604783
1.764470000000018 0.7163319983899643
1.764470000000018 0.7163320015608248
1.764370000000018 0.7167719838434872
1.764370000000018 0.7167720157860054
1.764370000000018 0.716771984575814
1.764370000000018 0.7167720150702394
1.764370000000018 0.7167719854714625
1.764370000000018 0.7167720141954568
1.764370000000018 0.7167719861297841
1.764370000000018 0.7167720135520186
1.764270000000018 0.7172121383054882
1.764270000000018 0.717211865636275
1.764270000000018 0.7172121323015558
1.764270000000018 0.717211869732934
1.764270000000018 0.7172121265570038
1.764270000000018 0.7172118753870672
1.764270000000018 0.7172121226956297
1.764270000000018 0.7172118807969721
1.764170000000018 0.717653138383385
1.764170000000018 0.7176508705105432
1.764170000000018 0.7176531058056289
1.764170000000018 0.7176509028488631
1.764170000000018 0.7176530741563908
1.764170000000018 0.7176509342650268
1.764170000000018 0.7176530434093324
1.764170000000018 0.7176509785257889
1.764070000000018 0.7181014585934622
1.764070000000018 0.718082670763144
1.764070000000018 0.7181012050127893
1.764070000000018 0.7180827985508897
1.764070000000018 0.7181010790797367
1.764070000000018 0.7180830450183646
1.764070000000018 0.7181008356745221
1.764070000000018 0.7180831676813393
1.763970000000018 0.7184538656986921
1.763970000000018 0.7186097902632723
1.763970000000018 0.7184547960881619
1.763970000000018 0.7186088630851408
1.763970000000018 0.7184557156715442
1.763970000000018 0.7186079466904122
1.763970000000018 0.7184556118260597
1.763970000000018 0.7186070409556533
1.763970000000018 0.7184565202702249
1.763870000000018 0.7183379019628303
1.763870000000018 0.7195898719732937
1.763870000000018 0.7183363170438543
1.763870000000018 0.7195914380096515
1.763870000000018 0.7183431326029465
1.763870000000018 0.7195930042480209
1.763870000000018 0.718341547777638
1.763870000000018 0.7195945706879294
1.763770000000018 0.7154426228026803
1.763770000000018 0.7230126549201945
1.763770000000018 0.7154579815298233
1.763770000000018 0.7229989029593576
1.763770000000018 0.7154220473449663
1.763770000000018 0.7230329087432762
1.763770000000018 0.7153867646236575
1.763770000000018 0.7230663000755306
1.763670000000018 0.7265543959881958
1.763670000000018 0.7117935256310666
1.763670000000018 0.7264815282384516
1.763670000000018 0.7117736418798379
1.763670000000018 0.7264987589705235
1.763670000000018 0.7117544526889376
1.763670000000018 0.7265153848288506
1.763670000000018 0.7117359313995735
1.763570000000018 0.7283126127628103
1.763570000000018 0.7100905226450183
1.763570000000018 0.7283050858649305
1.763570000000018 0.7100995679344392
1.763570000000018 0.7282975251153121
1.763570000000018 0.7101086513151322
1.763570000000018 0.7284001319519068
1.763570000000018 0.7099858640692315
1.763470000000018 0.7086647713043583
1.763470000000018 0.7298512643599013
1.763470000000018 0.70869519037207
1.763470000000018 0.7298265533702287
1.763470000000018 0.708725612666089
1.763470000000018 0.7298018384612343
1.763470000000018 0.7087560380729818
1.763470000000018 0.7299022647035688
1.763370000000018 0.7311630770716889
1.763370000000018 0.7074398265066955
1.763370000000018 0.7312528479958341
1.763370000000018 0.7075004975248396
1.763370000000018 0.7312047862190917
1.763370000000018 0.7075611752941658
1.763370000000018 0.7311567140545906
1.763370000000018 0.7074478560765156
1.763270000000018 0.7324543403549054
1.763270000000018 0.7064640236022697
1.763270000000018 0.7323758344539367
1.763270000000018 0.7063730256027078
1.763270000000018 0.732446309767094
1.763270000000018 0.7064743952654389
1.763270000000018 0.7323678012100023
1.763270000000018 0.7063833957897085
1.7631700000000181 0.7055351604094678
1.7631700000000181 0.7335480224861112
1.7631700000000181 0.7054791302223757
1.7631700000000181 0.733590503239679
1.7631700000000181 0.7054231042786114
1.7631700000000181 0.7334740647896064
1.7631700000000181 0.7053670826157944
1.7631700000000181 0.7335165580980225
1.7630700000000181 0.7345682364834653
1.7630700000000181 0.7045076040734859
1.7630700000000181 0.7345739045784354
1.7630700000000181 0.704499981683003
1.7630700000000181 0.7345795725506992
1.7630700000000181 0.7044923593622788
1.7630700000000181 0.7345852404002329
1.7630700000000181 0.7044847371113968
1.7629700000000181 0.7356714214764468
1.7629700000000181 0.7035820809909387
1.7629700000000181 0.7356312511237071
1.7629700000000181 0.7036371341240332
1.7629700000000181 0.735591074828821
1.7629700000000181 0.7036921904852456
1.7629700000000181 0.7355508925987216
1.7629700000000181 0.7037472500465011
1.7628700000000181 0.7028165654303901
1.7628700000000181 0.7365248074983506
1.7628700000000181 0.7029494756323416
1.7628700000000181 0.7366131890472774
1.7628700000000181 0.7028261803949869
1.7628700000000181 0.7365179136177379
1.7628700000000181 0.7027028995963769
1.7628700000000181 0.73660629733228
1.7627700000000182 0.7374967693110105
1.7627700000000182 0.7021042944974871
1.7627700000000182 0.7375275405313303
1.7627700000000182 0.7020606264985024
1.7627700000000182 0.7375583084835411
1.7627700000000182 0.7020169601212197
1.7627700000000182 0.737589073165247
1.7627700000000182 0.7019732953772017
1.7626700000000182 0.738371452533472
1.7626700000000182 0.7013488284913432
1.7626700000000182 0.7383343794140224
1.7626700000000182 0.7014023042835558
1.7626700000000182 0.7384944312995152
1.7626700000000182 0.7011714069312647
1.7626700000000182 0.7384573734819988
1.7626700000000182 0.7012248754222571
1.7625700000000182 0.7006483392152191
1.7625700000000182 0.7392648679919809
1.7625700000000182 0.7005195639009739
1.7625700000000182 0.7393527140919168
1.7625700000000182 0.7006886127387264
1.7625700000000182 0.739237391191816
1.7625700000000182 0.7005598338405826
1.7625700000000182 0.7393252451932727
1.7624700000000182 0.7401854924813015
1.7624700000000182 0.6999133564476064
1.7624700000000182 0.7401901327184288
1.7624700000000182 0.6999064476211333
1.7624700000000182 0.7401947728866068
1.7624700000000182 0.6998995388245538
1.7624700000000182 0.7401994129858293
1.7624700000000182 0.6998926300578742
1.7623700000000182 0.7410294438320866
1.7623700000000182 0.699076350444067
1.7623700000000182 0.7409396938850211
1.7623700000000182 0.6992119797856315
1.7623700000000182 0.7408499187381302
1.7623700000000182 0.6990239474304628
1.7623700000000182 0.7409743753933973
1.7623700000000182 0.6991595726515296
1.7622700000000182 0.6985040797872168
1.7622700000000182 0.7416949425349835
1.7622700000000182 0.6984677466050759
1.7622700000000182 0.7417186421386802
1.7622700000000182 0.6984314141176414
1.7622700000000182 0.741742340022245
1.7622700000000182 0.698395082329543
1.7622700000000182 0.7417660361850339
1.7621700000000182 0.7424776113307893
1.7621700000000182 0.697988122377214
1.7621700000000182 0.7426126880424178
1.7621700000000182 0.6977780232542395
1.7621700000000182 0.742523795794381
1.7621700000000182 0.6979162940399906
1.7621700000000182 0.742434879789917
1.7621700000000182 0.6980545738202638
1.7620700000000182 0.7433174835688424
1.7620700000000182 0.6974001574383613
1.7620700000000182 0.7433324286646437
1.7620700000000182 0.6973765825957828
1.7620700000000182 0.7433473731007858
1.7620700000000182 0.6973530079867034
1.7620700000000182 0.7433623168771488
1.7619700000000182 0.6965668870951685
1.7619700000000182 0.7439472622141928
1.7619700000000182 0.696754992899806
1.7619700000000182 0.7440623682172114
1.7619700000000182 0.6965709665802123
1.7619700000000182 0.7439447100217362
1.7619700000000182 0.6967590726840017
1.7619700000000182 0.744059816875892
1.7618700000000183 0.7448397998675326
1.7618700000000183 0.696032491273877
1.7618700000000183 0.7448137153508899
1.7618700000000183 0.6960747680235622
1.7618700000000183 0.7447876288927107
1.7618700000000183 0.6961170454042239
1.7618700000000183 0.7447615404936039
1.7618700000000183 0.6961593234099477
1.7617700000000183 0.695586979091207
1.7617700000000183 0.745369063036638
1.7617700000000183 0.6954879118136018
1.7617700000000183 0.7454294100579741
1.7617700000000183 0.695388847675516
1.7617700000000183 0.7454897468757914
1.7617700000000183 0.6952897867495774
1.7617700000000183 0.7455500734831159
1.7616700000000183 0.6947960644638782
1.7616700000000183 0.7461094565049163
1.7616700000000183 0.694968087108882
1.7616700000000183 0.7462503224770803
1.7616700000000183 0.6947337784646886
1.7616700000000183 0.7461469090403243
1.7616700000000183 0.6949057979635163
1.7616700000000183 0.7462877604470776
1.7615700000000183 0.7468330598815863
1.7615700000000183 0.694459626431199
1.7615700000000183 0.7468000870680697
1.7615700000000183 0.6940977596987588
1.7615700000000183 0.746767111301747
1.7615700000000183 0.6941532987026917
1.7615700000000183 0.7469819043958942
1.7615700000000183 0.6942088385519626
1.7614700000000183 0.6938538359147335
1.7614700000000183 0.7476345681088539
1.7614700000000183 0.6938020220275886
1.7614700000000183 0.747664930253097
1.7614700000000183 0.6937502087673332
1.7614700000000183 0.7474442255026539
1.7614700000000183 0.6936983961431145
1.7614700000000183 0.7474746031302423
1.7613700000000183 0.692994459976211
1.7613700000000183 0.7483433123623854
1.7613700000000183 0.6932851571432423
1.7613700000000183 0.7481750366672565
1.7613700000000183 0.693136701620256
1.7613700000000183 0.7482609810503429
1.7613700000000183 0.6929882508628745
1.7612700000000183 0.7487935988596114
1.7612700000000183 0.6927549721794527
1.7612700000000183 0.7489267360221159
1.7612700000000183 0.6925221748912908
1.7612700000000183 0.7488026102588591
1.7612700000000183 0.6927392174982093
1.7612700000000183 0.7489357443005886
1.7612700000000183 0.6925064209097845
1.7611700000000183 0.692158414096538
1.7611700000000183 0.7494383039073219
1.7611700000000183 0.692315582444009
1.7611700000000183 0.7496096386264376
1.7611700000000183 0.6920123308756936
1.7611700000000183 0.7495208502360095
1.7611700000000183 0.6921694954334853
1.7611700000000183 0.7494320416156253
1.7610700000000183 0.6916089086565929
1.7610700000000183 0.7501624204579868
1.7610700000000183 0.6917215862028112
1.7610700000000183 0.7500995111083729
1.7610700000000183 0.6913633822890002
1.7610700000000183 0.7502994700117707
1.7610700000000183 0.69147605568362
1.7609700000000184 0.7509804712532834
1.7609700000000184 0.6909416377238863
1.7609700000000184 0.750933484912757
1.7609700000000184 0.6910268379244068
1.7609700000000184 0.750886493052244
1.7609700000000184 0.6911120390718667
1.7609700000000184 0.750839495673525
1.7608700000000184 0.6906326734623355
1.7608700000000184 0.7514895483837373
1.7608700000000184 0.6907090569817386
1.7608700000000184 0.7514479047861726
1.7608700000000184 0.690293908784009
1.7608700000000184 0.7514062569166442
1.7608700000000184 0.690370289385288
1.7608700000000184 0.7513646047762967
1.7607700000000184 0.7520247489618201
1.7607700000000184 0.6899202401062724
1.7607700000000184 0.751977377741801
1.7607700000000184 0.6900081252346674
1.7607700000000184 0.7522003949393203
1.7607700000000184 0.690096011094484
1.7607700000000184 0.7521530439421462
1.7607700000000184 0.6901838976509488
1.7606700000000184 0.7527402914900877
1.7606700000000184 0.6892776853869569
1.7606700000000184 0.7526756193252754
1.7606700000000184 0.6893990857910183
1.7606700000000184 0.7526109371295849
1.7606700000000184 0.6895204874273047
1.7606700000000184 0.7528189256880732
1.7605700000000184 0.6891349316296698
1.7605700000000184 0.7533658600375887
1.7605700000000184 0.6887917004829057
1.7605700000000184 0.753271772337342
1.7605700000000184 0.6889703527850121
1.7605700000000184 0.7534525164027439
1.7605700000000184 0.6891490071481412
1.7605700000000184 0.7533584480111596
1.7604700000000184 0.7539905520501011
1.7604700000000184 0.6882973064933826
1.7604700000000184 0.7538544423928776
1.7604700000000184 0.6885587018659977
1.7604700000000184 0.7539952726463146
1.7604700000000184 0.6882882392750372
1.7604700000000184 0.7538591644902762
1.7604700000000184 0.6885496345237481
1.7603700000000184 0.6879423134301508
1.7603700000000184 0.7546261558676135
1.7603700000000184 0.6877719674749248
1.7603700000000184 0.7544349271894842
1.7603700000000184 0.6881433905418576
1.7603700000000184 0.7545226412931284
1.7603700000000184 0.6879730433171294
1.7603700000000184 0.7546103376638069
1.7602700000000184 0.6871636167513486
1.7602700000000184 0.7550390541728437
1.7602700000000184 0.6876741869907294
1.7602700000000184 0.7550599574141499
1.7602700000000184 0.6876331361891542
1.7602700000000184 0.7550808596619555
1.7602700000000184 0.6875920854153912
1.7601700000000184 0.7557986891822135
1.7601700000000184 0.6868879747888392
1.7601700000000184 0.7557386299429797
1.7601700000000184 0.6870072768123255
1.7601700000000184 0.7556785626025069
1.7601700000000184 0.6871265789795088
1.7601700000000184 0.7556184871628215
1.7600700000000185 0.6863672203198684
1.7600700000000185 0.756263183738282
1.7600700000000185 0.6866798589980344
1.7600700000000185 0.7563919069789691
1.7600700000000185 0.6864213324424152
1.7600700000000185 0.7562362360675852
1.7600700000000185 0.6861628060483717
1.7600700000000185 0.7563649669930738
1.7599700000000185 0.7569020650809222
1.7599700000000185 0.6861164638831564
1.7599700000000185 0.7569217260628329
1.7599700000000185 0.6860765397437015
1.7599700000000185 0.7569413861995445
1.7599700000000185 0.686036615580778
1.7599700000000185 0.7569610454909902
1.7599700000000185 0.6859966913970102
1.7598700000000185 0.757536003477371
1.7598700000000185 0.6855546985582252
1.7598700000000185 0.7574309226055129
1.7598700000000185 0.6851799025379531
1.7598700000000185 0.7576134704908327
1.7598700000000185 0.6853956303362378
1.7598700000000185 0.7575084071834894
1.7597700000000185 0.6848849845465261
1.7597700000000185 0.7579721832903212
1.7597700000000185 0.6847953712390127
1.7597700000000185 0.7580153665435337
1.7597700000000185 0.68470575774487
1.7597700000000185 0.7580585458303724
1.7597700000000185 0.6852162853722196
1.7596700000000185 0.7585464993030309
1.7596700000000185 0.6843383347257243
1.7596700000000185 0.7587241811104826
1.7596700000000185 0.6845752575992348
1.7596700000000185 0.7586112681608785
1.7596700000000185 0.6842024560309014
1.7596700000000185 0.7584983284497896
1.7595700000000185 0.6838494058181209
1.7595700000000185 0.75913965592566
1.7595700000000185 0.683837182529673
1.7595700000000185 0.7591454197810171
1.7595700000000185 0.6838249592347566
1.7595700000000185 0.759151183567641
1.7595700000000185 0.6838127359335502
1.7595700000000185 0.7591569472855073
1.7594700000000185 0.6831407288699551
1.7594700000000185 0.7596378718541126
1.7594700000000185 0.6835350240501911
1.7594700000000185 0.7597472706263829
1.7594700000000185 0.683300520484088
1.7594700000000185 0.7598566449794045
1.7594700000000185 0.6836948122525798
1.7593700000000185 0.760356899827389
1.7593700000000185 0.6827548337195369
1.7593700000000185 0.7602595938891838
1.7593700000000185 0.6829656893189989
1.7593700000000185 0.7604568297383563
1.7593700000000185 0.6831765420841658
1.7593700000000185 0.760359543370665
1.7592700000000185 0.6821732018184545
1.7592700000000185 0.7609539487308771
1.7592700000000185 0.682232498865068
1.7592700000000185 0.7609268795409297
1.7592700000000185 0.6822917956897744
1.7592700000000185 0.7608998088972087
1.7592700000000185 0.6823510922852916
1.7591700000000186 0.7615062980730664
1.7591700000000186 0.6818060972083541
1.7591700000000186 0.761532374841046
1.7591700000000186 0.6817483596197693
1.7591700000000186 0.761558450279197
1.7591700000000186 0.6816906217945616
1.7591700000000186 0.7612876433039002
1.7590700000000186 0.6817635008414196
1.7590700000000186 0.7619484278923274
1.7590700000000186 0.6816259971815455
1.7590700000000186 0.7620098870564544
1.7590700000000186 0.6814884918081761
1.7590700000000186 0.762071338946783
1.7590700000000186 0.6813509848081699
1.7590700000000186 0.761834820356691
1.7589700000000186 0.6806587930946876
1.7589700000000186 0.7625204857684424
1.7589700000000186 0.6811577030040308
1.7589700000000186 0.7625988353934678
1.7589700000000186 0.6809805293302578
1.7589700000000186 0.7623781812344161
1.7589700000000186 0.6808033527582643
1.7588700000000186 0.7630531837782036
1.7588700000000186 0.680779473992592
1.7588700000000186 0.7631292331988992
1.7588700000000186 0.6806056805557389
1.7588700000000186 0.7632052718160585
1.7588700000000186 0.6804318840185368
1.7588700000000186 0.7629813654980886
1.7587700000000186 0.6797688799471798
1.7587700000000186 0.7636138219878733
1.7587700000000186 0.6796445675045013
1.7587700000000186 0.7636676449485444
1.7587700000000186 0.680215165394758
1.7587700000000186 0.7637214625819904
1.7587700000000186 0.6800908586710921
1.7586700000000186 0.7639980675944626
1.7586700000000186 0.6796089682782696
1.7586700000000186 0.7640090050021144
1.7586700000000186 0.679583448394331
1.7586700000000186 0.764019942193476
1.7586700000000186 0.6795579284363464
1.7586700000000186 0.7640308791685655
1.7585700000000186 0.6792229084278355
1.7585700000000186 0.7647851028844328
1.7585700000000186 0.6786350926866951
1.7585700000000186 0.7647317314468972
1.7585700000000186 0.6787609937419904
1.7585700000000186 0.7646783549371062
1.7585700000000186 0.678886893061947
1.7585700000000186 0.7646249733554956
1.7584700000000186 0.7653582090800528
1.7584700000000186 0.6781636478798753
1.7584700000000186 0.7652183377811754
1.7584700000000186 0.6784970732653246
1.7584700000000186 0.7650784322241574
1.7584700000000186 0.6781073710105636
1.7584700000000186 0.7652419476929399
1.7584700000000186 0.6784407985773871
1.7583700000000186 0.6782514913376982
1.7583700000000186 0.7657555558287958
1.7583700000000186 0.6781196571062307
1.7583700000000186 0.7658102891483334
1.7583700000000186 0.6779878206003248
1.7583700000000186 0.7658650173108382
1.7583700000000186 0.6778559818867761
1.7583700000000186 0.7656156208071649
1.7582700000000187 0.677718829741436
1.7582700000000187 0.7662273150573125
1.7582700000000187 0.6771664536486512
1.7582700000000187 0.7661494193970828
1.7582700000000187 0.6773560245822338
1.7582700000000187 0.7663763702848607
1.7582700000000187 0.6775455909047793
1.7581700000000187 0.7668637668419027
1.7581700000000187 0.6765518886695876
1.7581700000000187 0.7669340336833635
1.7581700000000187 0.6771304135843627
1.7581700000000187 0.766698828092033
1.7581700000000187 0.676957562315873
1.7581700000000187 0.766769114192899
1.7580700000000187 0.676447311189883
1.7580700000000187 0.7671845269626527
1.7580700000000187 0.6759648864486583
1.7580700000000187 0.7673786359882673
1.7580700000000187 0.6762433034012109
1.7580700000000187 0.7672666208277886
1.7580700000000187 0.6765217098876671
1.7579700000000187 0.7679797196650767
1.7579700000000187 0.6757293226080989
1.7579700000000187 0.7679655689509779
1.7579700000000187 0.6757648710072941
1.7579700000000187 0.7679514179160429
1.7579700000000187 0.6758004192291411
1.7579700000000187 0.7679372665602804
1.7578700000000187 0.6752302811482992
1.7578700000000187 0.768328099290629
1.7578700000000187 0.6750848286851131
1.7578700000000187 0.7683854088203687
1.7578700000000187 0.6749393732558087
1.7578700000000187 0.7684427131906808
1.7578700000000187 0.6755736985017766
1.7577700000000187 0.7690064317141384
1.7577700000000187 0.6743868421022258
1.7577700000000187 0.7687999592551767
1.7577700000000187 0.6749164051369948
1.7577700000000187 0.7689012347042632
1.7577700000000187 0.6746566788359687
1.7577700000000187 0.7690024943560002
1.7576700000000187 0.6744668417636066
1.7576700000000187 0.7695035806219697
1.7576700000000187 0.6741646931419062
1.7576700000000187 0.7693119433181036
1.7576700000000187 0.6738625307019938
1.7576700000000187 0.769428534339072
1.7576700000000187 0.6743592072726431
1.7576700000000187 0.7695451048412231
1.7575700000000187 0.673328165075868
1.7575700000000187 0.7700353441472979
1.7575700000000187 0.6738692713815236
1.7575700000000187 0.7698287413400758
1.7575700000000187 0.6736019799757194
1.7575700000000187 0.7699308073990094
1.7575700000000187 0.6733346775582091
1.7574700000000187 0.7704958717879626
1.7574700000000187 0.6729614750754195
1.7574700000000187 0.7705523095275141
1.7574700000000187 0.6728120824323421
1.7574700000000187 0.7702996735913811
1.7574700000000187 0.6734806960930559
1.7574700000000187 0.7703561273591156
1.7573700000000188 0.6729064779799843
1.7573700000000188 0.7709266859380969
1.7573700000000188 0.6721365117314066
1.7573700000000188 0.7709051136205093
1.7573700000000188 0.6721942083747243
1.7573700000000188 0.7708835406440928
1.7573700000000188 0.6722519045099685
1.7572700000000188 0.7713478039831222
1.7572700000000188 0.6721818660339801
1.7572700000000188 0.7715242497836897
1.7572700000000188 0.6717049826132884
1.7572700000000188 0.771390878846179
1.7572700000000188 0.6720654609682598
1.7572700000000188 0.7715673141264049
1.7571700000000188 0.6715725732790807
1.7571700000000188 0.7720488196365384
1.7571700000000188 0.6714913919992338
1.7571700000000188 0.772078538008855
1.7571700000000188 0.6714102096103125
1.7571700000000188 0.7717981137138783
1.7571700000000188 0.6713290261251128
1.7570700000000188 0.7725281662073026
1.7570700000000188 0.6705704804789097
1.7570700000000188 0.7723743479062427
1.7570700000000188 0.670995061882084
1.7570700000000188 0.7725309721590627
1.7570700000000188 0.6705627341911011
1.7570700000000188 0.7723771544279406
1.7569700000000188 0.6706108324620653
1.7569700000000188 0.7729120663087076
1.7569700000000188 0.6699256984485792
1.7569700000000188 0.7728469506691861
1.7569700000000188 0.6701073327024131
1.7569700000000188 0.7730925522685139
1.7569700000000188 0.6702889614294121
1.7568700000000188 0.7735296227905053
1.7568700000000188 0.6695166372623387
1.7568700000000188 0.7735134984038599
1.7568700000000188 0.6695621008814981
1.7568700000000188 0.773497373690685
1.7568700000000188 0.6696075641479853
1.7568700000000188 0.7734812486510079
1.7567700000000188 0.6685437042718122
1.7567700000000188 0.7740342629942247
1.7567700000000188 0.6685688352346388
1.7567700000000188 0.7740254446765031
1.7567700000000188 0.6685939660941141
1.7567700000000188 0.7740166262636881
1.7567700000000188 0.6686190968498538
1.7566700000000188 0.7745740537377103
1.7566700000000188 0.6684322404819234
1.7566700000000188 0.7745287812664612
1.7566700000000188 0.6685626330108767
1.7566700000000188 0.7744835063557326
1.7566700000000188 0.66869302249861
1.7566700000000188 0.7744382290057562
1.7565700000000188 0.6678549123528599
1.7565700000000188 0.7748385116115847
1.7565700000000188 0.6673197951628455
1.7565700000000188 0.7750223469070406
1.7565700000000188 0.6676916542354722
1.7565700000000188 0.7748946036024561
1.7565700000000188 0.6680634891263227
1.7564700000000188 0.7755535258638615
1.7564700000000188 0.6667322904916143
1.7564700000000188 0.7756066178048605
1.7564700000000188 0.6674932611173527
1.7564700000000188 0.7753479887311153
1.7564700000000188 0.6673370378265965
1.7564700000000188 0.7754010929299499
1.7563700000000189 0.6660862566434927
1.7563700000000189 0.775858497339595
1.7563700000000189 0.66646902055796
1.7563700000000189 0.7760416815859871
1.7563700000000189 0.6668517583117979
1.7563700000000189 0.7759129908433455
1.7563700000000189 0.6663069602320866
1.7562700000000189 0.7764253879175586
1.7562700000000189 0.6654598738664107
1.7562700000000189 0.7763729910631532
1.7562700000000189 0.6656174022620985
1.7562700000000189 0.7763205913119492
1.7562700000000189 0.6657749263023681
1.7562700000000189 0.7765802005485982
1.7561700000000189 0.6646112090601023
1.7561700000000189 0.7769160378190723
1.7561700000000189 0.6647111931269489
1.7561700000000189 0.7768831422285185
1.7561700000000189 0.6648111754786802
1.7561700000000189 0.7768502455330999
1.7561700000000189 0.6649111560948096
1.756070000000019 0.7773702714177895
1.756070000000019 0.6641126815482241
1.756070000000019 0.7772966132524074
1.756070000000019 0.6643389978880483
1.756070000000019 0.7775351767458876
1.756070000000019 0.6645653050748784
1.756070000000019 0.7774615305668234
1.755970000000019 0.6637708388781443
1.755970000000019 0.7778904564981245
1.755970000000019 0.6633550702471022
1.755970000000019 0.7780242794765168
1.755970000000019 0.6639095127895753
1.755970000000019 0.777845815661468
1.755970000000019 0.6634937544858308
1.755870000000019 0.7783344162864211
1.755870000000019 0.6628838404798992
1.755870000000019 0.7782952354684611
1.755870000000019 0.6630069059584976
1.755870000000019 0.7785684173646968
1.755870000000019 0.6631299687015657
1.755870000000019 0.778529244958197
1.755770000000019 0.6624766378107082
1.755770000000019 0.7788039585932395
1.755770000000019 0.6623899250219547
1.755770000000019 0.7788312606402467
1.755770000000019 0.6623032108727562
1.755770000000019 0.7788585620439822
1.755670000000019 0.661265721604613
1.755670000000019 0.7795053533946731
1.755670000000019 0.6612152345793476
1.755670000000019 0.7795210682817639
1.755670000000019 0.6611647468380399
1.755670000000019 0.7795367827811676
1.755670000000019 0.6611142588905871
1.755570000000019 0.7798506922426032
1.755570000000019 0.6602372097403544
1.755570000000019 0.7797708630170613
1.755570000000019 0.6604965590202583
1.755570000000019 0.7800035577524632
1.755570000000019 0.6607558956822029
1.755570000000019 0.7799237384907975
1.755470000000019 0.659384678444036
1.755470000000019 0.780537349151252
1.755470000000019 0.6592316329853003
1.755470000000019 0.7802713649936689
1.755470000000019 0.6601057438488931
1.755470000000019 0.7803179365291256
1.755470000000019 0.6599527179063902
1.755370000000019 0.7809275932257856
1.755370000000019 0.6592868652400454
1.755370000000019 0.7810023979081222
1.755370000000019 0.6590381825861603
1.755370000000019 0.7807646165668944
1.755370000000019 0.6587894896590821
1.755370000000019 0.7808394302183953
1.755270000000019 0.6582767366675477
1.755270000000019 0.7813509276408643
1.755270000000019 0.6582896112731239
1.755270000000019 0.7813470996885967
1.755270000000019 0.6583024855315976
1.755270000000019 0.7813432715312641
1.755170000000019 0.6568892910085999
1.755170000000019 0.7817217883685607
1.755170000000019 0.6575680625326926
1.755170000000019 0.7818350113141499
1.755170000000019 0.6571827660533716
1.755170000000019 0.7819482257235908
1.755170000000019 0.6567974435495081
1.755070000000019 0.7822299662934755
1.755070000000019 0.6564912999130791
1.755070000000019 0.782331524290926
1.755070000000019 0.6561415274562227
1.755070000000019 0.7824330757698622
1.755070000000019 0.6557917339967364
1.755070000000019 0.7822219195892162
1.754970000000019 0.6555219800994311
1.754970000000019 0.7830033792658957
1.754970000000019 0.6546154750668934
1.754970000000019 0.7829506324703023
1.754970000000019 0.6547994012308355
1.754970000000019 0.7828978840151644
1.754870000000019 0.6536855677408554
1.754870000000019 0.7834909300928252
1.754870000000019 0.6538745443370407
1.754870000000019 0.7834373990484501
1.754870000000019 0.6540635150995483
1.754870000000019 0.7833838663993765
1.754870000000019 0.6542524799137125
1.754770000000019 0.7838158443032531
1.754770000000019 0.6527751321296187
1.754770000000019 0.7838950865548922
1.754770000000019 0.6524918582620615
1.754770000000019 0.7839743255218077
1.754770000000019 0.6533270814191549
1.754670000000019 0.7842290474756799
1.754670000000019 0.6515553589746786
1.754670000000019 0.7842371167165753
1.754670000000019 0.6515261416147382
1.754670000000019 0.7842451859259572
1.754670000000019 0.651496924121487
1.754670000000019 0.7842532551035858
1.754570000000019 0.6505251594120737
1.754570000000019 0.7849826756148321
1.754570000000019 0.6504700705734359
1.754570000000019 0.7849976893243433
1.754570000000019 0.650414981262536
1.754570000000019 0.784699573076817
1.754470000000019 0.6493644615119006
1.754470000000019 0.7852537236136303
1.754470000000019 0.6491385638510049
1.754470000000019 0.7853144652938645
1.754470000000019 0.6489126584653959
1.754470000000019 0.7853752054528916
1.754370000000019 0.6476525966111802
1.754370000000019 0.785751122993131
1.754370000000019 0.647299817391225
1.754370000000019 0.7858446548162269
1.754370000000019 0.6481295657357978
1.754370000000019 0.7859381833520823
1.754370000000019 0.6477768112090865
1.754270000000019 0.7864731702422791
1.754270000000019 0.6462252285857717
1.754270000000019 0.786516246221728
1.754270000000019 0.6460603613831954
1.754270000000019 0.7862455160801824
1.754270000000019 0.6458954903792209
1.754170000000019 0.7869235449641625
1.754170000000019 0.6443447173876985
1.754170000000019 0.786733167352892
1.754170000000019 0.6438635373119637
1.754170000000019 0.7868569802604845
1.754170000000019 0.6446034057684628
1.7540700000000191 0.7874394575618643
1.7540700000000191 0.6429551845519523
1.7540700000000191 0.7873122273138611
1.7540700000000191 0.6422147524034533
1.7540700000000191 0.7874996782070597
1.7540700000000191 0.6427173163496495
1.7539700000000191 0.6406821384858635
1.7539700000000191 0.7878108725768598
1.7539700000000191 0.640708483210556
1.7539700000000191 0.7878043189344891
1.7539700000000191 0.6407348278486646
1.7539700000000191 0.7881131150014764
1.7538700000000191 0.6378382589481731
1.7538700000000191 0.7884765900448414
1.7538700000000191 0.6376254936443763
1.7538700000000191 0.7885284874035768
1.7538700000000191 0.6374127234621433
1.7538700000000191 0.788580384235922
1.7537700000000191 0.6334407461461232
1.7537700000000191 0.7892037661426637
1.7537700000000191 0.6332912776204085
1.7537700000000191 0.7892393876184064
1.7537700000000191 0.6344749002033322
1.7537700000000191 0.789275008887855
1.7536700000000192 0.7897226390203625
1.7536700000000192 0.6279704672722516
1.7536700000000192 0.7898529618542879
1.7536700000000192 0.6287936789266096
1.7536700000000192 0.7896629013355974
1.7536700000000192 0.6282292122386096
1.7535700000000192 0.7926082043020093
1.7535700000000192 0.5539137268363368
1.7535700000000192 0.792523303880861
1.7535700000000192 0.5544041827778037
1.7535700000000192 0.7927912913981334
1.7534700000000192 0.5625858178105574
1.7534700000000192 0.7933108601172029
1.7534700000000192 0.5342453745554526
1.7534700000000192 0.7926622844244985
1.7534700000000192 0.5633553676087709
1.7533700000000192 0.7929861115214162
1.7533700000000192 0.5709012115170952
1.7533700000000192 0.7940416110342898
1.7533700000000192 0.5184093645430037
1.7533700000000192 0.7931320255436156
1.7532700000000192 0.7945358695510298
1.7532700000000192 0.4922554010917881
1.7532700000000192 0.7935320876032684
1.7532700000000192 0.5700640223696575
1.7532700000000192 0.7944098529844039
