1.6004999999998792 7.533811631775037e-06
1.6009999999998792 3.0414028746793832e-05
1.6014999999998791 6.842358285560982e-05
1.601999999999879 0.00012200854502213902
1.602499999999879 0.00019289687468334552
1.602999999999879 0.0002769690680366128
1.603499999999879 0.000378968412592417
1.6039999999998789 0.0004981019710286013
1.6044999999998788 0.0006339550697414784
1.6049999999998787 0.0007813135890373291
1.6054999999998787 0.000947515836032609
1.6059999999998786 0.0011306878821627363
1.6064999999998786 0.001327695840185359
1.6069999999998785 0.001546432345723832
1.6074999999998785 0.0017724554896046442
1.6079999999998784 0.002031257858833061
1.6084999999998784 0.0022907734878527923
1.6089999999998783 0.0025831091994253444
1.6094999999998783 0.0028665327351841117
1.6099999999998782 0.0031806794029248173
1.6104999999998781 0.0035010468383448842
1.610999999999878 0.0038531954606172408
1.611499999999878 0.004207008137185955
1.611999999999878 0.004592720826377949
1.612499999999878 0.004974112090563467
1.6129999999998779 0.005386520613768274
1.6134999999998778 0.0058323034105378525
1.6139999999998778 0.006265408254384819
1.6144999999998777 0.0067298401699425504
1.6149999999998776 0.007172495038594363
1.6154999999998776 0.007643510454381389
1.6159999999998775 0.008144539524793161
1.6164999999998775 0.00867730461573624
1.6169999999998774 0.009174160536705809
1.6174999999998774 0.009698587634696677
1.6179999999998773 0.010251942245928545
1.6184999999998773 0.010835622220154901
1.6189999999998772 0.011451064756156705
1.6194999999998771 0.012010972760930045
1.619999999999877 0.012597269964583432
1.620499999999877 0.013211019609984397
1.620999999999877 0.013853304917817746
1.621499999999877 0.014525226695093284
1.6219999999998769 0.015119100669181908
1.6224999999998768 0.015849112306910315
1.6229999999998768 0.016494706835023725
1.6234999999998767 0.01716546564112274
1.6239999999998767 0.01786217573194125
1.6244999999998766 0.01858562755979365
1.6249999999998765 0.019336612724855432
1.6254999999998765 0.01997814995372532
1.6259999999998764 0.020782034342076424
1.6264999999998764 0.021469607993713863
1.6269999999998763 0.022179179984355434
1.6274999999998763 0.023065194617428286
1.6279999999998762 0.023824361491230343
1.6284999999998762 0.024607180732883604
1.628999999999876 0.025248098834071524
1.629499999999876 0.02607559875961242
1.629999999999876 0.026928221703997765
1.630499999999876 0.02762862458479461
1.6309999999998759 0.028528638449401657
1.6314999999998758 0.029269570208400066
1.6319999999998758 0.03021864545024058
1.6324999999998757 0.03100158700539628
1.6329999999998757 0.031804293443133715
1.6334999999998756 0.03262707450581329
1.6339999999998756 0.03347022846601141
1.6344999999998755 0.03433404073557632
1.6349999999998754 0.03521878242630299
1.6354999999998754 0.036124708866253394
1.6359999999998753 0.03705205807650032
1.6364999999998753 0.0377798325757653
1.6369999999998752 0.03874706091689338
1.6374999999998752 0.039508762074923175
1.6379999999998751 0.040516612117514735
1.638499999999875 0.04131292822997227
1.638999999999875 0.04236199912099201
1.639499999999875 0.04319349257696284
1.639999999999875 0.04404139262210482
1.6404999999998748 0.0449057999689842
1.6409999999998748 0.04578679918985558
1.6414999999998747 0.04668445771182231
1.6419999999998747 0.04759882481427579
1.6424999999998746 0.0485299306342314
1.6429999999998746 0.049477785185490696
1.6434999999998745 0.05044237739796787
1.6439999999998745 0.05116076747775603
1.6444999999998744 0.05215624062032533
1.6449999999998743 0.05316832514553583
1.6454999999998743 0.05392740513624637
1.6459999999998742 0.05497003368575616
1.6464999999998742 0.055755429065829865
1.6469999999998741 0.05682819155553309
1.647499999999874 0.05763955428150885
1.647999999999874 0.058462939546481095
1.648499999999874 0.059298234517768056
1.648999999999874 0.06042725687913642
1.6494999999998738 0.06128742244332683
1.6499999999998738 0.06215901531778191
1.6504999999998737 0.06304184830717062
1.6509999999998737 0.06393571553000679
1.6514999999998736 0.06484039229569953
1.6519999999998736 0.0657556350518463
1.6524999999998735 0.06668118140572449
1.6529999999998735 0.0676167502235808
1.6534999999998734 0.06856204181084773
1.6539999999998733 0.06922209215521935
1.6544999999998733 0.0701848551918596
1.6549999999998732 0.07115638916468087
1.6554999999998732 0.07183918808175875
1.6559999999998731 0.07282629049603752
1.656499999999873 0.073821067759358
1.656999999999873 0.07452389348531888
1.657499999999873 0.07553207404191245
1.657999999999873 0.0762464456621163
1.6584999999998729 0.07726649364371864
1.6589999999998728 0.07799101226715231
1.6594999999998727 0.07902130705160341
1.6599999999998727 0.07975450217196554
1.6604999999998726 0.0807933536099942
1.6609999999998726 0.0815336978924725
1.6614999999998725 0.08257936344092645
1.6619999999998725 0.08332528921341457
1.6624999999998724 0.08407340251017321
1.6629999999998724 0.0851259097955689
1.6634999999998723 0.08587725776381207
1.6639999999998722 0.08662967669783665
1.6644999999998722 0.08738280912354164
1.6649999999998721 0.0884384899721097
1.665499999999872 0.08919178607534932
1.665999999999872 0.08994471502690299
1.666499999999872 0.0906969401142846
1.666999999999872 0.09174929615512513
1.6674999999998719 0.09249878577661445
1.6679999999998718 0.09324658066042786
1.6684999999998718 0.0939923819152131
1.6689999999998717 0.09503542399184209
1.6694999999998716 0.09577590395388921
1.6699999999998716 0.09651353808379523
1.6704999999998715 0.09724808001323834
1.6709999999998715 0.0982766037282298
1.6714999999998714 0.09900367314252931
1.6719999999998714 0.09972697634793577
1.6724999999998713 0.10074159374469771
1.6729999999998713 0.10145613707661084
1.6734999999998712 0.10216639289307615
1.6739999999998711 0.10287223090434196
1.674499999999871 0.10386569803014545
1.674999999999871 0.1045615835292728
1.675499999999871 0.10525274615621244
1.675999999999871 0.10622862663584595
1.6764999999998709 0.10690932030329463
1.6769999999998708 0.10787267231698063
1.6774999999998708 0.10854272411837636
1.6779999999998707 0.10920790368550676
1.6784999999998707 0.1101527250631691
1.6789999999998706 0.11080729750885637
1.6794999999998705 0.11173938369356004
1.6799999999998705 0.1123835309169385
1.6804999999998704 0.11330303884947301
1.6809999999998704 0.11393707230109631
1.6814999999998703 0.11484428987732608
1.6819999999998703 0.11546864107699197
1.6824999999998702 0.11636397647568136
1.6829999999998702 0.1169791865712318
1.68349999999987 0.11786315674436203
1.68399999999987 0.11846986538386381
1.68449999999987 0.11934308398830629
1.68499999999987 0.12021043155100956
1.6854999999998699 0.12080518278358238
1.6859999999998698 0.12166283488648699
1.6864999999998698 0.12251515519899055
1.6869999999998697 0.12309978328431458
1.6874999999998697 0.12394361423277023
1.6879999999998696 0.12478271893033978
1.6884999999998695 0.12535924407161464
1.6889999999998695 0.1261911735484257
1.6894999999998694 0.12701902758636505
1.6899999999998694 0.12784302376303958
1.6904999999998693 0.1284116583012369
1.6909999999998693 0.12923032054415992
1.6914999999998692 0.13004580601247054
1.6919999999998692 0.13085833727497354
1.692499999999869 0.1314230049347989
1.692999999999869 0.13223207949806493
1.693499999999869 0.1330388800459462
1.693999999999869 0.1338436243382977
1.6944999999998689 0.13464652761063764
1.6949999999998688 0.13521136469010847
1.6954999999998688 0.13601308547031604
1.6959999999998687 0.1368136070623911
1.6964999999998687 0.1376131297047987
1.6969999999998686 0.1384118488301547
1.6974999999998686 0.13898260892306527
1.6979999999998685 0.139782232609252
1.6984999999998684 0.14058162233441066
1.6989999999998684 0.14138095048267363
1.6994999999998683 0.1419605180572158
1.6999999999998683 0.14276222391303922
1.7004999999998682 0.14356436038854267
1.7009999999998682 0.144367071712179
1.7014999999998681 0.14495836850942836
1.701999999999868 0.14576470490687635
1.702499999999868 0.14657201708760675
1.702999999999868 0.14717416653003693
1.703499999999868 0.14798587841359373
1.7039999999998678 0.14879889100283458
1.7044999999998678 0.14941306083793068
1.7049999999998677 0.15023108925876932
1.7054999999998677 0.1510506620017839
1.7059999999998676 0.15167777250554204
1.7064999999998676 0.15250280846247782
1.7069999999998675 0.15313954575193608
1.7074999999998675 0.15397025494043695
1.7079999999998674 0.15461685273874676
1.7084999999998673 0.15545336355429198
1.7089999999998673 0.15610997104199292
1.7094999999998672 0.15677258233557795
1.7099999999998672 0.1576190079072167
1.7104999999998671 0.15829170536687023
1.710999999999867 0.15897041939827675
1.711499999999867 0.1598266084145629
1.711999999999867 0.16051528132951648
1.712499999999867 0.16120987857378416
1.7129999999998669 0.16191035084312183
1.7134999999998668 0.16261663647773125
1.7139999999998667 0.1633286613780507
1.7144999999998667 0.16404633894012177
1.7149999999998666 0.16476957001188658
1.7154999999998666 0.16549824287186313
1.7159999999998665 0.1662322332316122
1.7164999999998665 0.16682082191681685
1.7169999999998664 0.16756718231736414
1.7174999999998664 0.16831842172956227
1.7179999999998663 0.16893000458002314
1.7184999999998662 0.169692653458615
1.7189999999998662 0.17031938001217975
1.7194999999998661 0.17109267089586622
1.719999999999866 0.1717337648327069
1.720499999999866 0.1725168235340942
1.720999999999866 0.17317139489428782
1.721499999999866 0.17383332907974106
1.7219999999998659 0.17450237148322437
1.7224999999998658 0.17517825252209462
1.7229999999998658 0.17586068791126855
1.7234999999998657 0.17654937899220677
1.7239999999998656 0.17712393218533093
1.7244999999998656 0.17782621601820703
1.7249999999998655 0.1785337800624068
1.7254999999998655 0.1791320936608842
1.7259999999998654 0.17985118850922524
1.7264999999998654 0.18046418052811852
1.7269999999998653 0.1810848665418364
1.7274999999998653 0.18171285005556878
1.7279999999998652 0.18245242209479168
1.7284999999998651 0.1830918830949451
1.728999999999865 0.18363639972114093
1.729499999999865 0.1842893199424032
1.729999999999865 0.18494734712082897
1.730499999999865 0.18551449128601627
1.7309999999998649 0.18618316719476274
1.7314999999998648 0.1867635577072662
1.7319999999998648 0.18744089988639062
1.7324999999998647 0.18803250679644717
1.7329999999998646 0.18862979320870218
1.7334999999998646 0.18923222393589154
1.7339999999998645 0.18975586023228636
1.7344999999998645 0.1903686421429177
1.7349999999998644 0.19098492201385175
1.7354999999998644 0.19152569347183823
1.7359999999998643 0.19214897939822234
1.7364999999998643 0.1926988621731564
1.7369999999998642 0.1932532206309244
1.7374999999998642 0.19381147991109257
1.737999999999864 0.19437306882245128
1.738499999999864 0.19493742218260074
1.738999999999864 0.19550398314600176
1.739499999999864 0.1960060100921859
1.7399999999998639 0.19657683538234347
1.7404999999998638 0.19708492686214757
1.7409999999998638 0.19765787834095738
1.7414999999998637 0.19816990198848922
1.7419999999998637 0.19868381208148986
1.7424999999998636 0.19919911551492464
1.7429999999998635 0.19971534022049547
1.7434999999998635 0.2002320369788771
1.7439999999998634 0.20074878103794833
1.7444999999998634 0.20121251371362095
1.7449999999998633 0.20172944211625649
1.7454999999998633 0.20219509350372702
1.7459999999998632 0.20271075949368883
1.7464999999998632 0.20317693130644024
1.746999999999863 0.20369011491908612
1.747499999999863 0.20415563614567883
1.747999999999863 0.2046210317037324
1.748499999999863 0.20508607904177031
1.7489999999998629 0.20555058314748031
1.7494999999998628 0.20601437579079807
1.7499999999998628 0.2064773145245495
1.7504999999998627 0.20693928145914647
1.7509999999998627 0.20740018183058206
1.7514999999998626 0.2078231204637214
1.7519999999998626 0.2082826984103424
1.7524999999998625 0.2087410315894411
1.7529999999998624 0.20916426586444264
1.7529999999998624 0.3345164033948551
1.7529999999998624 0.20906908922050857
1.7529999999998624 0.3440956453461148
1.7534999999998624 0.2096210288697381
1.7534999999998624 0.3028676272438529
1.7534999999998624 0.20931102882689365
1.7534999999998624 0.31747212203776864
1.7534999999998624 0.2092217319863168
1.7539999999998623 0.21004459729954283
1.7539999999998623 0.2877202011879514
1.7539999999998623 0.21042528447579792
1.7539999999998623 0.2798046269461211
1.7539999999998623 0.21069402359979678
1.7544999999998623 0.21049974776572308
1.7544999999998623 0.2778191850327135
1.7544999999998623 0.2111722439819838
1.7544999999998623 0.2676954808192602
1.7544999999998623 0.21085835470116018
1.7549999999998622 0.21092358841774975
1.7549999999998622 0.2707480671894723
1.7549999999998622 0.2114757717413726
1.7549999999998622 0.2639472067052584
1.7549999999998622 0.21100479830112284
1.7549999999998622 0.2694440767072951
1.7554999999998622 0.21134801594266306
1.7554999999998622 0.2653058253237838
1.7554999999998622 0.21158501512775185
1.7554999999998622 0.26290827887184054
1.7554999999998622 0.21137107164247773
1.7554999999998622 0.26496943021026753
1.7559999999998621 0.21177301593682613
1.7559999999998621 0.26092569044690317
1.7559999999998621 0.21162863169107646
1.7559999999998621 0.2622470889795549
1.7559999999998621 0.2117473150156914
1.7559999999998621 0.2610261566172533
1.756499999999862 0.21222591525864404
1.756499999999862 0.25732743066790154
1.756499999999862 0.21172753936918237
1.756499999999862 0.26112546675457105
1.756499999999862 0.21207622716564672
1.756499999999862 0.2580488469239325
1.756999999999862 0.212651139360226
1.756999999999862 0.25425122233269665
1.756999999999862 0.21189454889787232
1.756999999999862 0.25948583338800535
1.756999999999862 0.2123649158961785
1.756999999999862 0.25590690546511835
1.757499999999862 0.21307689840160055
1.757499999999862 0.2516685893753286
1.757499999999862 0.21216670079988909
1.757499999999862 0.2574298756889704
1.757499999999862 0.21262753125168835
1.757499999999862 0.2543183936525194
1.757999999999862 0.2134784085237871
1.757999999999862 0.24944666225136927
1.757999999999862 0.21252054915579718
1.757999999999862 0.255053363100471
1.757999999999862 0.21285606849268474
1.757999999999862 0.25285939199063356
1.7584999999998618 0.21390598318571588
1.7584999999998618 0.24747826638502712
1.7584999999998618 0.212925160680496
1.7584999999998618 0.2524963708724734
1.7584999999998618 0.21310079518669206
1.7584999999998618 0.2515086497438795
1.7589999999998618 0.21433397449237834
1.7589999999998618 0.2457470641581566
1.7589999999998618 0.21338978142861634
1.7589999999998618 0.25010248589463135
1.7589999999998618 0.21343476959788757
1.7589999999998618 0.24988497699092424
1.7594999999998617 0.2147400408905052
1.7594999999998617 0.24423221423954516
1.7594999999998617 0.21390599248825704
1.7594999999998617 0.2477165031404744
1.7594999999998617 0.21382414869817584
1.7594999999998617 0.24815417196381237
1.7599999999998617 0.21516947830903727
1.7599999999998617 0.2428556749357699
1.7599999999998617 0.21447134483974611
1.7599999999998617 0.245567994766891
1.7599999999998617 0.214287678525385
1.7599999999998617 0.24628580801517885
1.7604999999998616 0.21557840766067352
1.7604999999998616 0.2416614840582431
1.7604999999998616 0.21504273029608809
1.7604999999998616 0.2435582560901993
1.7604999999998616 0.2148285396081249
1.7604999999998616 0.24430441641806377
1.7609999999998616 0.21598897657213123
1.7609999999998616 0.2405344387772796
1.7609999999998616 0.21562870804841228
1.7609999999998616 0.24177392228325936
1.7609999999998616 0.21546278820481876
1.7609999999998616 0.24231613020390666
1.7614999999998615 0.21640102911388562
1.7614999999998615 0.23956379834685881
1.7614999999998615 0.21623782182813409
1.7614999999998615 0.2401233190701967
1.7614999999998615 0.21613824873510634
1.7614999999998615 0.2404547558431129
1.7619999999998615 0.21681439332614832
1.7619999999998615 0.238690194030186
1.7619999999998615 0.21684033840026054
1.7619999999998615 0.23870360563250925
1.7619999999998615 0.21684874302536009
1.7619999999998615 0.23868660689292137
1.7619999999998615 0.21685464424535714
1.7624999999998614 0.2172288813166965
1.7624999999998614 0.23790545630335394
1.7624999999998614 0.21746597294490247
1.7624999999998614 0.23738971492581845
1.7624999999998614 0.21758831848152807
1.7624999999998614 0.23706776970905163
1.7624999999998614 0.21768248630460293
1.7629999999998613 0.21764428963674667
1.7629999999998613 0.23720174606576291
1.7629999999998613 0.21807223326444314
1.7629999999998613 0.2362553118174893
1.7629999999998613 0.21835123440386764
1.7629999999998613 0.2356569765911081
1.7629999999998613 0.21854272018536
1.7634999999998613 0.21804410820994893
1.7634999999998613 0.23654168090127903
1.7634999999998613 0.21867285339385373
1.7634999999998613 0.23525662519401042
1.7634999999998613 0.21910281587671793
1.7634999999998613 0.23442738715781894
1.7634999999998613 0.21941752717954643
1.7639999999998612 0.21844575821041273
1.7639999999998612 0.23598096126832038
1.7639999999998612 0.21927850656372275
1.7639999999998612 0.2343854085198187
1.7639999999998612 0.21984501752828406
1.7639999999998612 0.2333365902232416
1.7639999999998612 0.2202777369958424
1.7644999999998612 0.21884893501510558
1.7644999999998612 0.2354553548704805
1.7644999999998612 0.21987042762595493
1.7644999999998612 0.23361138893687172
1.7644999999998612 0.22057875170617805
1.7644999999998612 0.23242686231891604
1.7644999999998612 0.22112393408531508
1.7649999999998611 0.21925332012946877
1.7649999999998611 0.2349654682891309
1.7649999999998611 0.22044700937212702
1.7649999999998611 0.23294896667996742
1.7649999999998611 0.22128252276092283
1.7649999999998611 0.23165098387902677
1.7649999999998611 0.2219254920589355
1.765499999999861 0.2196449730567066
1.765499999999861 0.2345536819872456
1.765499999999861 0.22101857221013646
1.765499999999861 0.23238633568094771
1.765499999999861 0.22196163235650454
1.765499999999861 0.23101453286045687
1.765499999999861 0.22268086084480704
1.765999999999861 0.22005138550293324
1.765999999999861 0.23417028993071318
1.765999999999861 0.22157154274689225
1.765999999999861 0.23188541727173526
1.765999999999861 0.22261100239328305
1.765999999999861 0.23048155220171146
1.765999999999861 0.2233894607548058
1.766499999999861 0.2204455843372889
1.766499999999861 0.23383328627008595
1.766499999999861 0.2221154858898091
1.766499999999861 0.23146956118411136
1.766499999999861 0.2232277113092454
1.766499999999861 0.23006230706883668
1.766499999999861 0.2240400735925817
1.766999999999861 0.2208289995212703
1.766999999999861 0.23352194447622826
1.766999999999861 0.22263074122484933
1.766999999999861 0.2311178495976404
1.766999999999861 0.2238104994607291
1.766999999999861 0.22972635125233268
1.766999999999861 0.22463882067579255
1.7674999999998608 0.22122529934096086
1.7674999999998608 0.23325114442696085
1.7674999999998608 0.2231441922517611
1.7674999999998608 0.2308247193667989
1.7674999999998608 0.2243593488219687
1.7674999999998608 0.22947134394190358
1.7674999999998608 0.22518292661731254
1.7679999999998608 0.22161109056864345
1.7679999999998608 0.23300340330434363
1.7679999999998608 0.22363758625094257
1.7679999999998608 0.23058475354027075
1.7679999999998608 0.22487513580823057
1.7679999999998608 0.2292813094616507
1.7679999999998608 0.2256839366260745
1.7684999999998607 0.22199764072703082
1.7684999999998607 0.2327910526712901
1.7684999999998607 0.22411186411674439
1.7684999999998607 0.23039279985702069
1.7684999999998607 0.22536356497299928
1.7684999999998607 0.22914853810553523
1.7684999999998607 0.2261385887160879
1.7689999999998607 0.2223749530539102
1.7689999999998607 0.23261065802902048
1.7689999999998607 0.22457402455716882
1.7689999999998607 0.23024403876309346
1.7689999999998607 0.22582113146261515
1.7689999999998607 0.22906888493476757
1.7689999999998607 0.2265572742447112
1.7694999999998606 0.22275308944126918
1.7694999999998606 0.23244889092768325
1.7694999999998606 0.2250233373578468
1.7694999999998606 0.23013401687116128
1.7694999999998606 0.22625014633682983
1.7694999999998606 0.22903132971013077
1.7694999999998606 0.22693971423920697
1.7699999999998606 0.22313151026624128
1.7699999999998606 0.2323151221865757
1.7699999999998606 0.22544948503749188
1.7699999999998606 0.23005434595916718
1.7699999999998606 0.22665300227251836
1.7699999999998606 0.2290279907429728
1.7699999999998606 0.22729429012568025
1.7704999999998605 0.22350969287162178
1.7704999999998605 0.23220669004682135
1.7704999999998605 0.22586839183024474
1.7704999999998605 0.23001054784379088
1.7704999999998605 0.22703434333712708
1.7704999999998605 0.22905837036991883
1.7704999999998605 0.22762306836918125
1.7709999999998605 0.22387961715776447
1.7709999999998605 0.23211353292734163
1.7709999999998605 0.2262704367342348
1.7709999999998605 0.22999108995453368
1.7709999999998605 0.22739351782615927
1.7709999999998605 0.2291153654261954
1.7709999999998605 0.2279298724960457
1.7714999999998604 0.22424920769925516
1.7714999999998604 0.23204266787436276
1.7714999999998604 0.22665681280035052
1.7714999999998604 0.2299970724762669
1.7714999999998604 0.22773447544023678
1.7714999999998604 0.2291938965394572
1.7714999999998604 0.22821809494976025
1.7719999999998604 0.22461133063866115
1.7719999999998604 0.23198573339521145
1.7719999999998604 0.22703181654076085
1.7719999999998604 0.23002562489498024
1.7719999999998604 0.22805587348190384
1.7719999999998604 0.22929214005144455
1.7719999999998604 0.22849127386074805
1.7724999999998603 0.224972939757299
1.7724999999998603 0.23194840949641765
1.7724999999998603 0.22739263986051145
1.7724999999998603 0.2300721809551275
1.7724999999998603 0.2283627679195522
1.7724999999998603 0.22940779772329453
1.7724999999998603 0.22875070161692418
1.7729999999998602 0.22533350905528626
1.7729999999998602 0.23192376124307387
1.7729999999998602 0.2277428646754481
1.7729999999998602 0.23013877746876715
1.7729999999998602 0.2286564026013835
1.7729999999998602 0.22953661034799758
1.7729999999998602 0.22899964325126854
1.7734999999998602 0.2256871730704442
1.7734999999998602 0.23191635139442526
1.7734999999998602 0.22808041788145025
1.7734999999998602 0.23021813733502697
1.7734999999998602 0.22893722288875556
1.7734999999998602 0.22967679590057918
1.7734999999998602 0.22923944398951843
1.7739999999998601 0.22603461925926796
1.7739999999998601 0.23192461495070701
1.7739999999998601 0.22840826570644673
1.7739999999998601 0.23031350259943764
1.7739999999998601 0.22920684498473454
1.7739999999998601 0.229827533320125
1.7739999999998601 0.22947193376051
1.77449999999986 0.22638570070959246
1.77449999999986 0.23194340756645654
1.77449999999986 0.22872492076526457
1.77449999999986 0.23042044034538503
1.77449999999986 0.22946670646681028
1.77449999999986 0.22998630695368977
1.77449999999986 0.2296979790735193
1.77499999999986 0.22673036316327064
1.77499999999986 0.23197263627646542
1.77499999999986 0.22903131964407492
1.77499999999986 0.23053884479392428
1.77499999999986 0.2297185278828252
1.77499999999986 0.23015244861244444
1.77499999999986 0.22991910886902225
1.77549999999986 0.22706922040453043
1.77549999999986 0.23201813692904885
1.77549999999986 0.22932963477841078
1.77549999999986 0.23066733897145833
1.77549999999986 0.22996281897234813
1.77549999999986 0.2303240403097804
1.77549999999986 0.2301360621644986
1.77599999999986 0.22740645899606374
1.77599999999986 0.232069707136229
1.77599999999986 0.2296201445993414
1.77599999999986 0.2308040901547652
1.77599999999986 0.23020060548612428
1.77599999999986 0.23050082905237626
1.77599999999986 0.23034962630912564
1.7764999999998599 0.2277416912499971
1.7764999999998599 0.23213526295935966
1.7764999999998599 0.22990218252293798
1.7764999999998599 0.2309488576822494
1.7764999999998599 0.23043302598555382
1.7764999999998599 0.23068161636320042
1.7764999999998599 0.2305605055385875
1.7769999999998598 0.22807156232890965
1.7769999999998598 0.23220871930875278
1.7769999999998598 0.23017651067813025
1.7769999999998598 0.23110065671127417
1.7769999999998598 0.23066052489875766
1.7769999999998598 0.2308658778093323
1.7769999999998598 0.2307690990241815
1.7774999999998597 0.22839934813911636
1.7774999999998597 0.23228993588033156
1.7774999999998597 0.23044455994961863
1.7774999999998597 0.23125826750930858
1.7774999999998597 0.23088396306197767
1.7774999999998597 0.23105301311798532
1.7774999999998597 0.23097594664910912
1.7779999999998597 0.22872227976305087
1.7779999999998597 0.23238036332546222
1.7779999999998597 0.2307060147066311
1.7779999999998597 0.2314214137789202
1.7779999999998597 0.2311036018686635
1.7779999999998597 0.2312425218107675
1.7779999999998597 0.23118134971142515
1.7784999999998596 0.22904308393020253
1.7784999999998596 0.23247917128912246
1.7784999999998596 0.23096202279358546
1.7784999999998596 0.2315891609286284
1.7784999999998596 0.2313203616108486
1.7784999999998596 0.23143394461248493
1.7784999999998596 0.2313856170135236
1.7789999999998596 0.2293595219553989
1.7789999999998596 0.23258435537905767
1.7789999999998596 0.23121243799975122
1.7789999999998596 0.2317612314046829
1.7789999999998596 0.23153433084200253
1.7789999999998596 0.23162699843874512
1.7789999999998596 0.2315889556749344
1.7794999999998595 0.22967381542852788
1.7794999999998595 0.23269683692202106
1.7794999999998595 0.2314581744404088
1.7794999999998595 0.23193707278862274
1.7794999999998595 0.2317460975144485
1.7794999999998595 0.2318213643429124
1.7794999999998595 0.2317915583540083
1.7799999999998595 0.22998419558423955
1.7799999999998595 0.23281502614752456
1.7799999999998595 0.23169920253820644
1.7799999999998595 0.2321160748422608
1.7799999999998595 0.23195591506678775
1.7799999999998595 0.2320168358621723
1.7799999999998595 0.23199357947781252
1.7804999999998594 0.23029107773675037
1.7804999999998594 0.23293956463361817
1.7804999999998594 0.23193597754830966
1.7804999999998594 0.23229799708023188
1.7804999999998594 0.2321640852083692
1.7804999999998594 0.23221320779117238
1.7804999999998594 0.23219514250968637
1.7809999999998594 0.23059712223227727
1.7809999999998594 0.2330699048404473
1.7809999999998594 0.2321691278171631
1.7809999999998594 0.23248245928831382
1.7809999999998594 0.23237089329744567
1.7809999999998594 0.2324103113286473
1.7809999999998594 0.23239634944106224
1.7814999999998593 0.23089865647997704
1.7814999999998593 0.23320497291370124
1.7814999999998593 0.2323987192202418
1.7814999999998593 0.2326690665840766
1.7814999999998593 0.23257651625035095
1.7814999999998593 0.23260800784176341
1.7814999999998593 0.23259727287704013
1.7819999999998593 0.2311981246851275
1.7819999999998593 0.23334512202608892
1.7819999999998593 0.23262524335798615
1.7819999999998593 0.23285762313802127
1.7819999999998593 0.23278116086635983
1.7819999999998593 0.23280617841769616
1.7819999999998593 0.23279797580854023
1.7824999999998592 0.2314946486295645
1.7824999999998592 0.23348994657580852
1.7824999999998592 0.2328486890232218
1.7824999999998592 0.23304786958992735
1.7824999999998592 0.23298495258276108
1.7824999999998592 0.23300473835941726
1.7824999999998592 0.23299850910657957
1.7829999999998591 0.231788954650778
1.7829999999998591 0.23363875258441846
1.7829999999998591 0.2330696053346956
1.7829999999998591 0.2332395801941599
1.7829999999998591 0.2331880582391349
1.7829999999998591 0.23320361041992585
1.7829999999998591 0.23319890912168625
1.783499999999859 0.2320800489341895
1.783499999999859 0.23379169698804367
1.783499999999859 0.23328817936504356
1.783499999999859 0.2334325369070205
1.783499999999859 0.2333905800679552
1.783499999999859 0.23340272997194095
1.783499999999859 0.2333992086941016
1.783999999999859 0.23236894209892692
1.783999999999859 0.23394848394191853
1.783999999999859 0.23350448561373222
1.783999999999859 0.23362661701069512
1.783999999999859 0.23359261780656665
1.783999999999859 0.2336020501774814
1.783999999999859 0.23359943083644238
1.784499999999859 0.2326552024810384
1.784499999999859 0.23410885344257895
1.784499999999859 0.23371886787721496
1.784499999999859 0.23382163104205828
1.784499999999859 0.23379425841783555
1.784499999999859 0.23380152639861423
1.784499999999859 0.23379959432105746
1.784999999999859 0.23293885286707489
1.784999999999859 0.23427257622134254
1.784999999999859 0.2339314243575477
1.784999999999859 0.2340174662145619
1.784999999999859 0.23399556571695165
1.784999999999859 0.23400112669901516
1.784999999999859 0.23399971365376415
1.7854999999998589 0.2332198660164473
1.7854999999998589 0.2344394485783872
1.7854999999998589 0.2341424031518411
1.7854999999998589 0.23421400539305803
1.7854999999998589 0.23419660333944278
1.7854999999998589 0.23420082400956485
1.7854999999998589 0.2341998000590676
1.7859999999998588 0.2334981703119009
1.7859999999998588 0.23460928729566155
1.7859999999998588 0.2343519150773272
1.7859999999998588 0.23441114623686893
1.7859999999998588 0.23439742171737185
1.7859999999998588 0.23440059668611324
1.7859999999998588 0.2343998618867843
1.7864999999998588 0.2337738403600925
1.7864999999998588 0.2347819247832091
1.7864999999998588 0.23456014190817254
1.7864999999998588 0.2346087992963283
1.7864999999998588 0.23459806065590416
1.7864999999998588 0.2346004275009267
1.7864999999998588 0.23459990575232123
1.7869999999998587 0.23404666649100145
1.7869999999998587 0.23495720461853759
1.7869999999998587 0.2347671983390855
1.7869999999998587 0.23480688640852226
1.7869999999998587 0.23479855614107795
1.7869999999998587 0.23480030281380657
1.7869999999998587 0.23479993648857347
1.7874999999998586 0.23431675003537322
1.7874999999998586 0.23513498560711862
1.7874999999998586 0.2349732210646779
1.7874999999998586 0.2350053393475627
1.7874999999998586 0.23499893643960143
1.7874999999998586 0.23500021189075032
1.7874999999998586 0.23499995778601218
1.7879999999998586 0.23458367705222086
1.7879999999998586 0.23531509211341434
1.7879999999998586 0.235178324854702
1.7879999999998586 0.2352040984144327
1.7879999999998586 0.23519922557534423
1.7879999999998586 0.2352001463437419
1.7879999999998586 0.2351999723459511
1.7884999999998585 0.23484758381892196
1.7884999999998585 0.2354973907192773
1.7884999999998585 0.2353826192809417
1.7884999999998585 0.2354031123463007
1.7884999999998585 0.23539944306319177
1.7884999999998585 0.23540009967014539
1.7884999999998585 0.23539998216313046
1.7889999999998585 0.23510870100256623
1.7889999999998585 0.23568170810696304
1.7889999999998585 0.23558620180335935
1.7889999999998585 0.2356023360081543
1.7889999999998585 0.23559960476682543
1.7889999999998585 0.2356000668741929
1.7889999999998585 0.23559998868179552
1.7894999999998584 0.23536650574841925
1.7894999999998584 0.23586792928549663
1.7894999999998584 0.23578916263340027
1.7894999999998584 0.2358017316054175
1.7894999999998584 0.23579972348750913
1.7894999999998584 0.2358000441730112
1.7894999999998584 0.23579999294331117
1.7899999999998584 0.23562079823241455
1.7899999999998584 0.23605592493134214
1.7899999999998584 0.2359915892506351
1.7899999999998584 0.23600126595537427
1.7899999999998584 0.23599980938461465
1.7899999999998584 0.2360000286877443
1.7904999999998583 0.23587178079091908
1.7904999999998583 0.23624550862669924
1.7904999999998583 0.23619355763473088
1.7904999999998583 0.23620091269836
1.7904999999998583 0.23619987077886095
1.7904999999998583 0.23620001830631587
1.7909999999998583 0.23611963651293238
1.7909999999998583 0.23643659593562505
1.7909999999998583 0.23639513254157854
1.7909999999998583 0.23640064796057195
1.7909999999998583 0.2363999138016472
1.7909999999998583 0.23640001146689069
1.7914999999998582 0.23636412018961614
1.7914999999998582 0.2366290279650775
1.7914999999998582 0.23659637640723405
1.7914999999998582 0.23660045244608358
1.7914999999998582 0.23659994354868805
1.7914999999998582 0.2366000070432405
1.7919999999998582 0.23660463293035247
1.7919999999998582 0.23682267417061761
1.7919999999998582 0.23679734520283274
1.7919999999998582 0.2368003103206122
1.7919999999998582 0.23679996368391978
1.7919999999998582 0.23680000424569678
1.792499999999858 0.23684224475968646
1.792499999999858 0.23701742580770457
1.792499999999858 0.23699809056583626
1.792499999999858 0.2370002092320082
1.792499999999858 0.23699997709093923
1.792499999999858 0.23700000251102366
1.792999999999858 0.23707590557635444
1.792999999999858 0.2372131666383092
1.792999999999858 0.2371986492092253
1.792999999999858 0.2372001384170691
1.792999999999858 0.23719998578967091
1.792999999999858 0.23720000145689005
1.793499999999858 0.23730628863602754
1.793499999999858 0.23740976123445237
1.793499999999858 0.23739906333515826
1.793499999999858 0.23740009013667818
1.793499999999858 0.23739999134049994
1.793499999999858 0.2374000008329565
1.793999999999858 0.23753292857384736
1.793999999999858 0.2376071120796826
1.793999999999858 0.2375993632025368
1.793999999999858 0.23760005762844655
1.793999999999858 0.23759999478849825
1.793999999999858 0.23760000047108898
1.7944999999998579 0.2377562307825483
1.7944999999998579 0.23780512327728062
1.7944999999998579 0.2377995749466399
1.7944999999998579 0.23780003649262413
1.7944999999998579 0.23779999688844536
1.7944999999998579 0.2378000002654791
1.7949999999998578 0.23797562733772618
1.7949999999998578 0.23800368494600796
1.7949999999998578 0.2379997228930696
1.7949999999998578 0.23800002291371627
1.7949999999998578 0.2379999981486505
1.7949999999998578 0.23800000015027764
1.7954999999998578 0.23819146303353275
1.7954999999998578 0.23820259102236468
1.7954999999998578 0.23819982631877784
1.7954999999998578 0.2382000145452601
1.7954999999998578 0.2381999988932952
1.7954999999998578 0.23820000008649203
1.7959999999998577 0.2383999029579344
1.7959999999998577 0.23840000965228786
1.7959999999998577 0.23839999933797637
1.7959999999998577 0.23840000005145262
1.7964999999998577 0.23859996713621132
1.7964999999998577 0.23860000711326038
1.7964999999998577 0.23859999963437462
1.7964999999998577 0.23860000003329138
1.7964999999998577 0.23859999999772552
1.7969999999998576 0.23879999990637893
1.7969999999998576 0.23880000002601992
1.7969999999998576 0.23879999999887172
1.8004999999998572 0.49949289027239424
1.8009999999998572 0.4994953814796601
1.801499999999857 0.49949787269933005
1.801999999999857 0.49950036393140407
1.802499999999857 0.4989860230044115
1.802999999999857 0.49899098777398126
1.8034999999998569 0.4989959525927831
1.8039999999998568 0.4990009174608175
1.8044999999998568 0.49847860440861025
1.8049999999998567 0.4984860249764699
1.8054999999998567 0.4984934456542358
1.8059999999998566 0.4985008664419095
1.8064999999998566 0.4979698579843818
1.8069999999998565 0.4979797164289593
1.8074999999998564 0.49798957506738106
1.8079999999998564 0.497999433899651
1.8084999999998563 0.4974590239420023
1.8089999999998563 0.4974713021471599
1.8094999999998562 0.4974835806527757
1.8099999999998562 0.49749585945885716
1.8104999999998561 0.4969453586755009
1.810999999999856 0.49696003829497615
1.811499999999856 0.4969747183436031
1.811999999999856 0.4969893988213939
1.812499999999856 0.4964281342817162
1.8129999999998558 0.496445196704967
1.8134999999998558 0.4964622597075352
1.8139999999998557 0.49647932328944017
1.8144999999998557 0.4959066381230871
1.8149999999998556 0.49592606444249926
1.8154999999998556 0.495945491512249
1.8154999999998556 0.254207198931455
1.8154999999998556 0.26322740204118733
1.8159999999998555 0.4959649193323644
1.8159999999998555 0.25089777344670766
1.8159999999998555 0.2660996916846264
1.8164999999998555 0.4953801724318748
1.8164999999998555 0.24853805619399982
1.8164999999998555 0.268470535202286
1.8169999999998554 0.4954019434113019
1.8169999999998554 0.24715576565656805
1.8169999999998554 0.27036278183763296
1.8174999999998553 0.49542371533230867
1.8174999999998553 0.24526614241727254
1.8174999999998553 0.2717977789425742
1.8179999999998553 0.49544548819493495
1.8179999999998553 0.2438685378187041
1.8179999999998553 0.2732149015924145
1.8184999999998552 0.49484805395366427
1.8184999999998552 0.24296740367759406
1.8184999999998552 0.27419816023078236
1.8189999999998552 0.4948721499982672
1.8189999999998552 0.24156146094806977
1.8189999999998552 0.2755834116866146
1.8194999999998551 0.4948962471952676
1.8194999999998551 0.24065453519498428
1.8194999999998551 0.27654506606236673
1.819999999999855 0.49492034554471886
1.819999999999855 0.2397456175880903
1.819999999999855 0.2774975931163153
1.820499999999855 0.4949444450466744
1.820499999999855 0.23883509392676538
1.820499999999855 0.2784406114875729
1.820999999999855 0.4943360147554803
1.820999999999855 0.23792335526154101
1.820999999999855 0.2793737390335769
1.821499999999855 0.49436241726497165
1.821499999999855 0.23701079777398976
1.821499999999855 0.28029659299164633
1.8219999999998548 0.4943888211566603
1.8219999999998548 0.23609782265486434
1.8219999999998548 0.2812087901553566
1.8224999999998548 0.49441522643061603
1.8224999999998548 0.23568478774270155
1.8224999999998548 0.2817370306625653
1.8229999999998547 0.4937928821175703
1.8229999999998547 0.23477113525927482
1.8229999999998547 0.28263275147514666
1.8234999999998547 0.49382156956016565
1.8234999999998547 0.23385809381147055
1.8234999999998547 0.28351682888719804
1.8239999999998546 0.4938502586329393
1.8239999999998546 0.23344337084956648
1.8239999999998546 0.28403110186918096
1.8244999999998546 0.4938789493359801
1.8244999999998546 0.2325312296506925
1.8244999999998546 0.2848971501692387
1.8249999999998545 0.4932421101525876
1.8249999999998545 0.23211597809577203
1.8249999999998545 0.28540234764854927
1.8254999999998545 0.4932730617066086
1.8254999999998545 0.231205709017134
1.8254999999998545 0.285904399370965
1.8259999999998544 0.49330401515632427
1.8259999999998544 0.23079043168757016
1.8259999999998544 0.2867449896908353
1.8264999999998544 0.49333497050184555
1.8264999999998544 0.23037498526575217
1.8264999999998544 0.2872372187707724
1.8269999999998543 0.4926830703447092
1.8269999999998543 0.22946823122341797
1.8269999999998543 0.28772602913998746
1.8274999999998542 0.4927162647210033
1.8274999999998542 0.22905344638594358
1.8274999999998542 0.2885393821430553
1.8279999999998542 0.4927494612753252
1.8279999999998542 0.22863872865419824
1.8279999999998542 0.2890176182062954
1.8284999999998541 0.4927826600078109
1.8284999999998541 0.22773729973677828
1.8284999999998541 0.2894921606443095
1.828999999999854 0.49281586091859636
1.828999999999854 0.22732394611246853
1.828999999999854 0.28996293576937965
1.829499999999854 0.49215056282513003
1.829499999999854 0.22691090099677502
1.829499999999854 0.29042986977567065
1.829999999999854 0.49218598071954117
1.829999999999854 0.22649822648452744
1.829999999999854 0.2908928887604727
1.830499999999854 0.49222140109055473
1.830499999999854 0.22608598499604707
1.830499999999854 0.2913519187460611
1.8309999999998539 0.4922568239383346
1.8309999999998539 0.22567423927178926
1.8309999999998539 0.2921052435094922
1.8314999999998538 0.49157535328865687
1.8314999999998538 0.2247854782172112
1.8314999999998538 0.2925521369474121
1.8319999999998537 0.49161297024367756
1.8319999999998537 0.22437636860723117
1.8319999999998537 0.29299476527462387
1.8324999999998537 0.49165058998905903
1.8324999999998537 0.22396800465461544
1.8324999999998537 0.2934330546118096
1.8329999999998536 0.4916882125249969
1.8329999999998536 0.22356045057656584
1.8329999999998536 0.2938669311433908
1.8334999999998536 0.49099004629916904
1.8334999999998536 0.22315377088018934
1.8334999999998536 0.29429632114358495
1.8339999999998535 0.4910298394987775
1.8339999999998535 0.22274803035761687
1.8339999999998535 0.29472115100306784
1.8344999999998535 0.49106963581704355
1.8344999999998535 0.2223432940812098
1.8344999999998535 0.29514134725623575
1.8349999999998534 0.4911094352541963
1.8349999999998534 0.22193962739886194
1.8349999999998534 0.2955568366090562
1.8354999999998534 0.4911492378104646
1.8354999999998534 0.22153709592940168
1.8354999999998534 0.2959675459675023
1.8359999999998533 0.49043601092927896
1.8359999999998533 0.22113576555809722
1.8359999999998533 0.29637340246656013
1.8364999999998532 0.4904779604612212
1.8364999999998532 0.22073570243227528
1.8364999999998532 0.2965222096165353
1.8369999999998532 0.4905199134541164
1.8369999999998532 0.2203369729570566
1.8369999999998532 0.2969226601734654
1.8374999999998531 0.4905618699082307
1.8374999999998531 0.21993964379120792
1.8374999999998531 0.2973180918939377
1.837999999999853 0.48983091969456005
1.837999999999853 0.21954378184313056
1.837999999999853 0.2977084327195716
1.838499999999853 0.48987499850404687
1.838499999999853 0.21960112832728415
1.838499999999853 0.29809361094977743
1.838999999999853 0.4899190811294609
1.838999999999853 0.2192060889957195
1.838999999999853 0.29847355527362096
1.839499999999853 0.4899631675711082
1.839499999999853 0.21881265613644796
1.839499999999853 0.2988481948021844
1.8399999999998529 0.4900072578292949
1.8399999999998529 0.2184208974207693
1.8399999999998529 0.2992174591014106
1.8404999999998528 0.489260197169679
1.8404999999998528 0.21803088075425142
1.8404999999998528 0.29936214359988883
1.8409999999998528 0.48930638490861744
1.8409999999998528 0.21764267427342926
1.8409999999998528 0.29972533096887666
1.8414999999998527 0.4893525768308633
1.8414999999998527 0.21725634634267046
1.8414999999998527 0.30008298242756615
1.8419999999998526 0.4893987729367656
1.8419999999998526 0.21687196555119911
1.8419999999998526 0.30043502910321435
1.8424999999998526 0.48863301629192174
1.8424999999998526 0.21692436981548036
1.8424999999998526 0.3007814027220944
1.8429999999998525 0.4886812840128091
1.8429999999998525 0.21654132712487176
1.8429999999998525 0.3009231058957647
1.8434999999998525 0.4887295562952627
1.8434999999998525 0.21616037435740537
1.8434999999998525 0.3012630189529166
1.8439999999998524 0.4887778331396778
1.8439999999998524 0.2157815807929195
1.8439999999998524 0.3015971030738611
1.8444999999998524 0.4888261145464482
1.8444999999998524 0.21540501592531644
1.8444999999998524 0.301925292024616
1.8449999999998523 0.48804325024603756
1.8449999999998523 0.21545467959250605
1.8449999999998523 0.302064437371343
1.8454999999998523 0.48809357713923207
1.8454999999998523 0.21507975544148655
1.8454999999998523 0.3023858792693459
1.8459999999998522 0.48814390898298204
1.8459999999998522 0.21470720467071985
1.8459999999998522 0.3027012746805307
1.8464999999998521 0.48819424577772985
1.8464999999998521 0.21433709743432452
1.8464999999998521 0.303010559791174
1.846999999999852 0.4873917680046699
1.846999999999852 0.21438474500515387
1.846999999999852 0.303146940291585
1.847499999999852 0.4874441231156623
1.847499999999852 0.21401650943983566
1.847499999999852 0.3034491997705952
1.847999999999852 0.4874964835751724
1.847999999999852 0.2136508634785661
1.847999999999852 0.3037452030570525
1.848499999999852 0.48754884938369275
1.848499999999852 0.21328787791883272
1.848499999999852 0.3040348891484694
1.8489999999998519 0.48760122054171695
1.8489999999998519 0.21333355670104656
1.8489999999998519 0.30416829991703737
1.8494999999998518 0.4867806905847446
1.8494999999998518 0.21297267600757053
1.8494999999998518 0.3044506912635472
1.8499999999998518 0.4868350526188502
1.8499999999998518 0.21261460313864544
1.8499999999998518 0.3047266258310881
1.8504999999998517 0.48688942040840383
1.8504999999998517 0.21225940952427128
1.8504999999998517 0.3048578262827098
1.8509999999998517 0.486943793953951
1.8509999999998517 0.21230316744044125
1.8509999999998517 0.3051262850425321
1.8514999999998516 0.4861027885607373
1.8514999999998516 0.211950314076032
1.8514999999998516 0.3053881522356548
1.8519999999998515 0.48615912445873377
1.8519999999998515 0.21160048872211162
1.8519999999998515 0.30551705067932367
1.8524999999998515 0.48621546652607184
1.8524999999998515 0.21164297414401825
1.8524999999998515 0.3057712666329468
1.8529999999998514 0.4862718147633518
1.8529999999998514 0.21129564898359096
1.8529999999998514 0.3060187614610138
1.8534999999998514 0.48632816917117333
1.8534999999998514 0.21095150148813216
1.8534999999998514 0.30614526769997547
1.8539999999998513 0.48546822014604124
1.8539999999998513 0.21099273639212984
1.8539999999998513 0.3063849420210167
1.8544999999998513 0.4855265081066837
1.8544999999998513 0.21065125001026722
1.8544999999998513 0.30661777132103574
1.8549999999998512 0.4855848026576827
1.8549999999998512 0.2103130918461084
1.8549999999998512 0.3067417968681811
1.8554999999998512 0.4856431037996943
1.8554999999998512 0.210353098341849
1.8554999999998512 0.30696664309324423
1.855999999999851 0.48476187351820405
1.855999999999851 0.2100177631862682
1.855999999999851 0.3071845264998
1.856499999999851 0.4848220782969785
1.856499999999851 0.20968590770347414
1.856499999999851 0.30730598479510807
1.856999999999851 0.4848822900919779
1.856999999999851 0.20972470802746493
1.856999999999851 0.30751572979367253
1.857499999999851 0.4849425089039155
1.857499999999851 0.2093958384260088
1.857499999999851 0.30771840070703366
1.8579999999998509 0.48500273473350364
1.8579999999998509 0.2090706008633992
1.8579999999998509 0.30783720733628195
1.8584999999998508 0.48410172311573463
1.8584999999998508 0.2091082173728277
1.8584999999998508 0.30803159227649884
1.8589999999998508 0.4841638223851056
1.8589999999998508 0.20878612954975334
1.8589999999998508 0.30814885366242023
1.8594999999998507 0.4842259291017583
1.8594999999998507 0.2084678270558558
1.8594999999998507 0.308334871738611
1.8599999999998507 0.4842880432664641
1.8599999999998507 0.20850428222271938
1.8599999999998507 0.30851365304471035
1.8604999999998506 0.484350164879994
1.8604999999998506 0.20818929432455885
1.8604999999998506 0.3086281389169759
1.8609999999998506 0.4834289578296358
1.8609999999998506 0.20822515007320594
1.8609999999998506 0.3087984187682049
1.8614999999998505 0.48349292197790894
1.8614999999998505 0.2079135623938476
1.8614999999998505 0.30896136906507465
1.8619999999998504 0.4835568940080005
1.8619999999998504 0.2076059945251207
1.8619999999998504 0.3090730014564444
1.8624999999998504 0.48362087392073877
1.8624999999998504 0.20764072299516334
1.8624999999998504 0.3092273248091474
1.8629999999998503 0.48267726781402137
1.8629999999998503 0.20733672174602344
1.8629999999998503 0.30933730975774487
1.8634999999998503 0.4827430582072987
1.8634999999998503 0.20737086813666775
1.8634999999998503 0.30948293770917557
1.8639999999998502 0.4828088569184449
1.8639999999998502 0.20707051993343267
1.8639999999998502 0.3096211039231093
1.8644999999998502 0.48287466394834805
1.8644999999998502 0.20677442827405462
1.8644999999998502 0.3097281225786663
1.86499999999985 0.4829404792978956
1.86499999999985 0.20680748165261686
1.86499999999985 0.3098574828997101
1.86549999999985 0.4819759216899123
1.86549999999985 0.2065152110401102
1.86549999999985 0.309962797701928
1.86599999999985 0.48204351517884386
1.86599999999985 0.20654769975518456
1.86599999999985 0.31008329208827456
1.86649999999985 0.4821111174238315
1.86649999999985 0.20625933745034136
1.86649999999985 0.3101962130283704
1.86699999999985 0.4821787284258205
1.86699999999985 0.20629126738298542
1.86699999999985 0.310298456445487
1.8674999999998498 0.4822463481857568
1.8674999999998498 0.20600690093651552
1.8674999999998498 0.3104024171236506
1.8679999999998498 0.48126046533743866
1.8679999999998498 0.20572711224707743
1.8679999999998498 0.31050290466998487
1.8684999999998497 0.4813298301723629
1.8684999999998497 0.2057579952297113
1.8684999999998497 0.3105978540880012
1.8689999999998497 0.48139920420172033
1.8689999999998497 0.20548237265931887
1.8689999999998497 0.3106965692946249
1.8694999999998496 0.4814685874265133
1.8694999999998496 0.20551271436537194
1.8694999999998496 0.31078245977294816
1.8694999999998496 0.2701977950076182
1.8694999999998496 0.27151868950008906
1.8699999999998496 0.4804593174655347
1.8699999999998496 0.20524134635565644
1.8699999999998496 0.31086065760388604
1.8699999999998496 0.2680732687724633
1.8699999999998496 0.27356823473964736
1.8704999999998495 0.48053041154049003
1.8704999999998495 0.2052711526887619
1.8704999999998495 0.31095617402708625
1.8704999999998495 0.26704678871832926
1.8704999999998495 0.2745375230627158
1.8709999999998495 0.48060151524625244
1.8709999999998495 0.20500412799281328
1.8709999999998495 0.3110252421696066
1.8709999999998495 0.26626915903223847
1.8709999999998495 0.2753600959577308
1.8714999999998494 0.4806726285838805
1.8714999999998494 0.2050334048608203
1.8714999999998494 0.3111189407819111
1.8714999999998494 0.2656179484472516
1.8714999999998494 0.2760494080959201
1.8719999999998493 0.48074375155443155
1.8719999999998493 0.20477081254949692
1.8719999999998493 0.31117884138766916
1.8719999999998493 0.2650948366657916
1.8719999999998493 0.27661935026215584
1.8724999999998493 0.4797124845617629
1.8724999999998493 0.20451320738291506
1.8724999999998493 0.31127070813511576
1.8724999999998493 0.2645734157933413
1.8724999999998493 0.2771628706000544
1.8729999999998492 0.479785283866724
1.8729999999998492 0.20454149533305185
1.8729999999998492 0.31132140693979
1.8729999999998492 0.2641801121987345
1.8729999999998492 0.277604153252196
1.8734999999998492 0.4798580932377744
1.8734999999998492 0.20428849589536885
1.8734999999998492 0.3113643370819507
1.8734999999998492 0.2636657021801748
1.8734999999998492 0.2780264043616375
1.8739999999998491 0.4799309126760247
1.8739999999998491 0.20431627198651967
1.8739999999998491 0.3114528948186115
1.8739999999998491 0.26327926881469776
1.8739999999998491 0.27842893207022845
1.874499999999849 0.48000374218258657
1.874499999999849 0.20406796833512408
1.874499999999849 0.3114865778070924
1.874499999999849 0.26301702313033204
1.874499999999849 0.2787493998371184
1.874999999999849 0.47895014623154675
1.874999999999849 0.20409523849612068
1.874999999999849 0.3115732654029677
1.874999999999849 0.2626381144585689
1.874999999999849 0.2791154463723857
1.875499999999849 0.4790246168302127
1.875499999999849 0.2038517210353947
1.875499999999849 0.31159767750036355
1.875499999999849 0.2623814360046204
1.875499999999849 0.2794070080199248
1.875999999999849 0.47909909792698524
1.875999999999849 0.20387849119914597
1.875999999999849 0.3116824835300651
1.875999999999849 0.2620130468690304
1.875999999999849 0.2796855263818722
1.8764999999998488 0.4791735895230265
1.8764999999998488 0.20363985068874715
1.8764999999998488 0.31169760481274483
1.8764999999998488 0.2617641785103918
1.8764999999998488 0.27995076411000575
1.8769999999998488 0.47924809161949844
1.8769999999998488 0.20366612679227206
1.8769999999998488 0.31178051856443506
1.8769999999998488 0.26151905565427225
1.8769999999998488 0.2802025069726506
1.8774999999998487 0.4781718488476467
1.8774999999998487 0.20343245435581822
1.8774999999998487 0.31178633297632974
1.8774999999998487 0.2612781031405277
1.8774999999998487 0.2804405643141682
1.8779999999998487 0.47824795606856935
1.8779999999998487 0.20345824234029597
1.8779999999998487 0.3117843464021496
1.8779999999998487 0.26104175187082435
1.8779999999998487 0.2806647694722776
1.8784999999998486 0.47832407421516987
1.8784999999998486 0.20322962947445486
1.8784999999998486 0.31186383986696714
1.8784999999998486 0.26081043853536445
1.8784999999998486 0.28087498015072376
1.8789999999998486 0.4784002032886571
1.8789999999998486 0.20325493528529442
1.8789999999998486 0.3118525352728676
1.8789999999998486 0.2606856390943355
1.8789999999998486 0.2810710787449473
1.8794999999998485 0.47729945300884175
1.8794999999998485 0.20303147386928047
1.8794999999998485 0.3119301080633128
1.8794999999998485 0.260462950911232
1.8794999999998485 0.281230227547485
1.8799999999998485 0.47737715009809595
1.8799999999998485 0.20305630345620732
1.8799999999998485 0.31190948063874907
1.8799999999998485 0.2602464843773568
1.8799999999998485 0.281401868785085
1.8804999999998484 0.4774548585337025
1.8804999999998484 0.20283808576168852
1.8804999999998484 0.31198512490216374
1.8804999999998484 0.26013023254739076
1.8804999999998484 0.2815591901905417
1.8809999999998483 0.4775325783169137
1.8809999999998483 0.20286244507885107
1.8809999999998483 0.31195517387987937
1.8809999999998483 0.2599243768801837
1.8809999999998483 0.2816903180631033
1.8814999999998483 0.4776103094489821
1.8814999999998483 0.20264956378025928
1.8814999999998483 0.31202888252996325
1.8814999999998483 0.259814348692142
1.8814999999998483 0.2818229468421869
1.8819999999998482 0.47648635744280765
1.8819999999998482 0.2026734587863547
1.8819999999998482 0.31198961122451296
1.8819999999998482 0.25962037149338696
1.8819999999998482 0.281936225859076
1.8824999999998482 0.4765656191883685
1.8824999999998482 0.20246600697160957
1.8824999999998482 0.3119425842998842
1.8824999999998482 0.2595174046952031
1.8824999999998482 0.28204417263296777
1.8829999999998481 0.47664489269531846
1.8829999999998481 0.20248944363003155
1.8829999999998481 0.31201279379319824
1.8829999999998481 0.2594171961575879
1.8829999999998481 0.2821378608361301
1.8829999999998481 0.2729123011965271
1.8829999999998481 0.27465379647583055
1.883499999999848 0.4767241779649482
1.883499999999848 0.20228751481167148
1.883499999999848 0.31195647152372274
1.883499999999848 0.25924154193299914
1.883499999999848 0.2822230236932735
1.883499999999848 0.2724298876223047
1.883499999999848 0.27521291544108006
1.883999999999848 0.4768034749985487
1.883999999999848 0.20231049909067536
1.883999999999848 0.3120247276387706
1.883999999999848 0.25914959013187977
1.883999999999848 0.28229232803350396
1.883999999999848 0.27210660704831446
1.883999999999848 0.2755615216028574
1.884499999999848 0.47565604752286694
1.884499999999848 0.20211418721739768
1.884499999999848 0.31195912509272916
1.884499999999848 0.2590608768461005
1.884499999999848 0.282359881958528
1.884499999999848 0.27188379530828344
1.884499999999848 0.27583861646887814
1.884999999999848 0.4757368370554064
1.884999999999848 0.20213672509028852
1.884999999999848 0.31202542378210263
1.884999999999848 0.2589755407560386
1.884999999999848 0.28240514996588595
1.884999999999848 0.2717288789534822
1.884999999999848 0.2760530539212201
1.8854999999998479 0.4758176387563068
1.8854999999998479 0.20194612455889735
1.8854999999998479 0.3119505602223943
1.8854999999998479 0.25889372144522316
1.8854999999998479 0.28243672328160563
1.8854999999998479 0.2715916261548406
1.8854999999998479 0.27621492200823416
1.8859999999998478 0.47589845262689184
1.8859999999998478 0.20196822200424103
1.8859999999998478 0.3120148982435381
1.8859999999998478 0.2587513688236896
1.8859999999998478 0.2824770604158889
1.8859999999998478 0.2714946099265857
1.8859999999998478 0.2763345273835105
1.8864999999998477 0.4759792786684858
1.8864999999998477 0.20178342767200422
1.8864999999998477 0.311930797148846
1.8864999999998477 0.2586797334235578
1.8864999999998477 0.2824854195035682
1.8864999999998477 0.27143348467727957
1.8864999999998477 0.27641733255390616
1.8864999999998477 0.2741872715215005
1.8864999999998477 0.27503855345826705
1.8869999999998477 0.47480811687217983
1.8869999999998477 0.20180509067385935
1.8869999999998477 0.3118390666393334
1.8869999999998477 0.25861211079151974
1.8869999999998477 0.2825090106480425
1.8869999999998477 0.27138927438143406
1.8869999999998477 0.27646200255290654
1.8869999999998477 0.27412244808360997
1.8869999999998477 0.2751830252307053
1.8869999999998477 0.27470613048045583
1.8869999999998477 0.2748937833583121
1.8874999999998476 0.47489039659262866
1.8874999999998476 0.20182670300661765
1.8874999999998476 0.3118998611520763
1.8874999999998476 0.2585486437981024
1.8874999999998476 0.28249482630863204
1.8874999999998476 0.27136397456670197
1.8874999999998476 0.2764638397570354
1.8874999999998476 0.2741468720403204
1.8874999999998476 0.2751716396163548
1.8874999999998476 0.2747961343323524
1.8879999999998476 0.4749726888791198
1.8879999999998476 0.20164743241944053
1.8879999999998476 0.31179895530948387
1.8879999999998476 0.2584894759459607
1.8879999999998476 0.2824679915430164
1.8879999999998476 0.27136731575431416
1.8879999999998476 0.276419653065256
1.8879999999998476 0.27424392373586676
1.8884999999998475 0.47505499373300347
1.8884999999998475 0.20166861638245553
1.8884999999998475 0.31185778257461855
1.8884999999998475 0.25843475131698257
1.8884999999998475 0.2824288087060696
1.8884999999998475 0.27138714611853587
1.8884999999998475 0.2763040806331346
1.8884999999998475 0.2744185685414544
1.8889999999998475 0.4751373111556315
1.8889999999998475 0.20149534905370037
1.8889999999998475 0.3117477369008937
1.8889999999998475 0.2583846145180848
1.8889999999998475 0.28237760119870703
1.8889999999998475 0.2714247020202014
1.8889999999998475 0.27609613064084887
1.8889999999998475 0.2747021142823191
1.8894999999998474 0.4739421713010007
1.8894999999998474 0.2015161106389396
1.8894999999998474 0.31180459683561274
1.8894999999998474 0.25833921062567117
1.8894999999998474 0.2823583009936481
1.8894999999998474 0.27148117478164796
1.8899999999998474 0.47402590288502877
1.8899999999998474 0.20134894289564548
1.8899999999998474 0.3116854510914842
1.8899999999998474 0.25829868512872456
1.8899999999998474 0.2822870126539445
1.8899999999998474 0.27155770043770583
1.8904999999998473 0.4741096474222576
1.8904999999998473 0.20136928810143737
1.8904999999998473 0.3115588364178264
1.8904999999998473 0.25826318387050423
1.8904999999998473 0.2821553639190687
1.8904999999998473 0.27165534916048395
1.8909999999998472 0.47419340491405904
1.8909999999998472 0.20120831678486908
1.8909999999998472 0.31161214264750814
1.8909999999998472 0.25823285298881954
1.8909999999998472 0.28205968481949323
1.8909999999998472 0.27176370175381465
1.8914999999998472 0.47427717536180347
1.8914999999998472 0.20122825161622965
1.8914999999998472 0.311476519970843
1.8914999999998472 0.25820783885483695
1.8914999999998472 0.28195388524687737
1.8914999999998472 0.27190273486840677
1.8919999999998471 0.4730578290495667
1.8919999999998471 0.201073574096273
1.8919999999998471 0.31152786142420197
1.8919999999998471 0.25818828801039534
1.8919999999998471 0.281838397146296
1.8919999999998471 0.27206549949714515
1.892499999999847 0.473142973453461
1.892499999999847 0.20109310456525387
1.892499999999847 0.3113832825572543
1.892499999999847 0.2581974114082635
1.892499999999847 0.28165387447892454
1.892499999999847 0.27223038231693547
1.892999999999847 0.47322813118595836
1.892999999999847 0.20111258482752184
1.892999999999847 0.3114326623616601
1.892999999999847 0.2581855562776817
1.892999999999847 0.2814558546941987
1.892999999999847 0.27243864993221667
1.893499999999847 0.4733133022484419
1.893499999999847 0.20096395088127114
1.893499999999847 0.31127918336030613
1.893499999999847 0.2581795326395133
1.893499999999847 0.28124537002842387
1.893499999999847 0.2726723806998515
1.893999999999847 0.4733984866422945
1.893999999999847 0.20098303286491756
1.893999999999847 0.3111184476179737
1.893999999999847 0.25817948733570334
1.893999999999847 0.2810234767574156
1.893999999999847 0.2729662914639495
1.8944999999998469 0.4721547210392473
1.8944999999998469 0.2008408950634541
1.8944999999998469 0.31116428662593476
1.8944999999998469 0.258185567079576
1.8944999999998469 0.2807221342922137
1.8944999999998469 0.27325585376258865
1.8949999999998468 0.4722412385072067
1.8949999999998468 0.20085958479206983
1.8949999999998468 0.31099477250714075
1.8949999999998468 0.25819791838420075
1.8949999999998468 0.2804081192671626
1.8949999999998468 0.2736144057456853
1.8954999999998468 0.47232776966617546
1.8954999999998468 0.20072404219338247
1.8954999999998468 0.311038661644904
1.8954999999998468 0.25821910458495945
1.8954999999998468 0.2799380523376061
1.8954999999998468 0.2740552699967352
1.8959999999998467 0.47241431451754046
1.8959999999998467 0.20074234569882765
1.8959999999998467 0.31086043711750705
1.8959999999998467 0.25824037404087563
1.8959999999998467 0.2794549639789433
1.8959999999998467 0.27459236645626206
1.8964999999998466 0.472500873062689
1.8964999999998466 0.20061349795145828
1.8964999999998466 0.31090238273009024
1.8964999999998466 0.25826828271739294
1.8964999999998466 0.27874086972249845
1.8964999999998466 0.2753587729931867
1.8969999999998466 0.47123249113103943
1.8969999999998466 0.20063142127431352
1.8969999999998466 0.3107155199295359
1.8969999999998466 0.2583029760684957
1.8974999999998465 0.4713203412038887
1.8974999999998465 0.2006492947038596
1.8974999999998465 0.3105216634628708
1.8974999999998465 0.2583329101893565
1.8979999999998465 0.47140820531592265
1.8979999999998465 0.20052691782376822
1.8979999999998465 0.31056010438938436
1.8979999999998465 0.258377299102971
1.8984999999998464 0.47149608346852245
1.8984999999998464 0.20054441716960117
1.8984999999998464 0.3103577605010832
1.8984999999998464 0.2584288373124686
1.8989999999998464 0.47158397566306903
1.8989999999998464 0.20042894228580047
1.8989999999998464 0.3103942788724838
1.8989999999998464 0.258487668248739
1.8994999999998463 0.4702907963904682
1.8994999999998463 0.2004460736038637
1.8994999999998463 0.3101835312998121
1.8994999999998463 0.2585272843671771
1.8999999999998463 0.4703799379158108
1.8999999999998463 0.20033760225003472
1.8999999999998463 0.3099660185408307
1.8999999999998463 0.2585965815986019
1.9004999999998462 0.47046909381304775
1.9004999999998462 0.20035437160654196
1.9004999999998462 0.3099990731548691
1.9004999999998462 0.2586735306502763
1.9009999999998461 0.47055826408354423
1.9009999999998461 0.20037109128254788
1.9009999999998461 0.309773328409808
1.9009999999998461 0.2587582718767811
1.901499999999846 0.4706474487286658
1.901499999999846 0.20026941944714846
1.901499999999846 0.309540983164751
1.901499999999846 0.25880850091091223
1.901999999999846 0.46932930735794903
1.901999999999846 0.20028578327653476
1.901999999999846 0.3095706064287206
1.901999999999846 0.25890446710636333
1.902499999999846 0.4694196985017603
1.902499999999846 0.20019132608326917
1.902499999999846 0.30933021396571836
1.902499999999846 0.25900857631917334
1.902999999999846 0.4695101043334817
1.902999999999846 0.20020734015106315
1.902999999999846 0.30935796332892157
1.902999999999846 0.25906686040846605
1.9034999999998459 0.46960052485445153
1.9034999999998459 0.20022330468546662
1.9034999999998459 0.3091096256950433
1.9034999999998459 0.2591827281173811
1.9039999999998458 0.4696909600660079
1.9039999999998458 0.200135871582702
1.9039999999998458 0.30885495816188785
1.9039999999998458 0.2593070821633142
1.9044999999998458 0.46834770832365447
1.9044999999998458 0.20015149248297684
1.9044999999998458 0.3088793375008902
1.9044999999998458 0.25937388941882056
1.9049999999998457 0.46843930658332233
1.9049999999998457 0.20007148797478502
1.9049999999998457 0.30861692911893274
1.9049999999998457 0.2595105245386564
1.9054999999998457 0.4685309198290026
1.9054999999998457 0.20008677134738226
1.9054999999998457 0.30834838161989564
1.9054999999998457 0.2596559801787442
1.9059999999998456 0.4686225480619945
1.9059999999998456 0.20001430047701604
1.9059999999998456 0.30836943635752184
1.9059999999998456 0.259731771814322
1.9064999999998455 0.4687141912835972
1.9064999999998455 0.20002925244182265
1.9064999999998455 0.3080933644177684
1.9064999999998455 0.2598900176969418
1.9069999999998455 0.46734569760590333
1.9069999999998455 0.2000441550270028
1.9069999999998455 0.3078113537034454
1.9069999999998455 0.25997129751988196
1.9074999999998454 0.46743845982472576
1.9074999999998454 0.19997904769648
1.9074999999998454 0.3078291342094914
1.9074999999998454 0.26014263572716023
1.9079999999998454 0.46753123730853846
1.9079999999998454 0.19999362502755338
1.9079999999998454 0.30753982708894656
1.9079999999998454 0.260323308827552
1.9084999999998453 0.4676240300585892
1.9084999999998453 0.19993626982891716
1.9084999999998453 0.30724479067641375
1.9084999999998453 0.2604142945701507
1.9089999999998453 0.46771683807612585
1.9089999999998453 0.19995052805152203
1.9089999999998453 0.30725935213939054
1.9089999999998453 0.26060854255746974
1.9094999999998452 0.4663229878321034
1.9094999999998452 0.19996473700200695
1.9094999999998452 0.3069572584851855
1.9094999999998452 0.2608124277860576
1.9099999999998452 0.46641687021523504
1.9099999999998452 0.19991497764022537
1.9099999999998452 0.30664965371253144
1.9099999999998452 0.26091355316166404
1.910499999999845 0.4665107681220155
1.910499999999845 0.19992887365602408
1.910499999999845 0.3063366436743907
1.910499999999845 0.26113147522788965
1.910999999999845 0.4666046815536273
1.910999999999845 0.19994272048301168
1.910999999999845 0.30634664374636683
1.910999999999845 0.26135932098795533
1.911499999999845 0.4666986105112533
1.911499999999845 0.1999006774205728
1.911499999999845 0.3060269467660301
1.911499999999845 0.26147100482031493
1.911999999999845 0.46527930622123265
1.911999999999845 0.1999142174960543
1.911999999999845 0.305702074358184
1.911999999999845 0.2617133256381445
1.9124999999998449 0.46537426435309104
1.9124999999998449 0.19988026353544075
1.9124999999998449 0.30537213724824097
1.9124999999998449 0.2619658385303054
1.9129999999998448 0.4654692382457563
1.9129999999998448 0.19989350304819958
1.9129999999998448 0.305377714313423
1.9129999999998448 0.2620884821621471
1.9134999999998448 0.46556422790033253
1.9134999999998448 0.19990669345567558
1.9134999999998448 0.3050414809144917
1.9134999999998448 0.26235588127449344
1.9139999999998447 0.465659233317922
1.9139999999998447 0.1998806932712678
1.9139999999998447 0.304700423221689
1.9139999999998447 0.2626337204512087
1.9144999999998447 0.4642143948668664
1.9144999999998447 0.1998935893246442
1.9144999999998447 0.30435465631046954
1.9144999999998447 0.26276770497490093
1.9149999999998446 0.46431038372998534
1.9149999999998446 0.19987590519373627
1.9149999999998446 0.30400429645625515
1.9149999999998446 0.2630608109316437
1.9154999999998445 0.46440638856840827
1.9154999999998445 0.19988851311611144
1.9154999999998445 0.3036494610791768
1.9154999999998445 0.26336458208635927
1.9159999999998445 0.46450240938314574
1.9159999999998445 0.1999010720015146
1.9159999999998445 0.30364819447607555
1.9159999999998445 0.2635102653881129
1.9164999999998444 0.4645984461752046
1.9164999999998444 0.19989158279765662
1.9164999999998444 0.3032877404654982
1.9164999999998444 0.26382964950913734
1.9169999999998444 0.4631280110197226
1.9169999999998444 0.19990385978999586
1.9169999999998444 0.30292306584207795
1.9169999999998444 0.2641598984871063
1.9174999999998443 0.4632249850150514
1.9174999999998443 0.19991608780773987
1.9174999999998443 0.3025542914751798
1.9174999999998443 0.2645010795262351
1.9179999999998443 0.46332197517638307
1.9179999999998443 0.19991491863992694
1.9179999999998443 0.3021815391438837
1.9179999999998443 0.26466378185059247
1.9184999999998442 0.4634189815046159
1.9184999999998442 0.1999268710168829
1.9184999999998442 0.30180493147974846
1.9184999999998442 0.26502098787168415
1.9189999999998442 0.46351600400064696
1.9189999999998442 0.19993436844889503
1.9189999999998442 0.30142459190939813
1.9189999999998442 0.2653892849362354
1.919499999999844 0.4620199273686973
1.919499999999844 0.19994605146547756
1.919499999999844 0.30104064459696106
1.919499999999844 0.2657687223787223
1.919999999999844 0.4621178403373389
1.919999999999844 0.19995768555281843
1.919999999999844 0.30065321438643694
1.919999999999844 0.2661593438916707
1.920499999999844 0.46221576963776806
1.920499999999844 0.1999737500638245
1.920499999999844 0.30026242674403214
1.920499999999844 0.266344780205555
1.920999999999844 0.4623137152707549
1.920999999999844 0.19998512107874053
1.920999999999844 0.2998684077005225
1.920999999999844 0.2667518191249711
1.9214999999998439 0.46241167723706944
1.9214999999998439 0.19999644321452775
1.9214999999998439 0.2994712837936953
1.9214999999998439 0.26717013986897253
1.9219999999998438 0.46088993231935826
1.9219999999998438 0.20002120300360116
1.9219999999998438 0.2990711820109235
1.9219999999998438 0.2675997650857715
1.9224999999998438 0.4609887375657299
1.9224999999998438 0.2000322683726406
1.9224999999998438 0.2982798320433227
1.9224999999998438 0.2680407108352175
1.9229999999998437 0.4610875592836736
1.9229999999998437 0.20006605431452998
1.9229999999998437 0.2978725595280984
1.9229999999998437 0.26849298636888075
1.9234999999998437 0.4611863974738145
1.9234999999998437 0.20007686926433016
1.9234999999998437 0.29746279960052435
1.9234999999998437 0.2689565939071068
1.9239999999998436 0.4612852521367775
1.9239999999998436 0.20008763535800395
1.9239999999998436 0.297050680438184
1.9239999999998436 0.2694315284132263
1.9244999999998436 0.45973783026885046
1.9244999999998436 0.2001303699657488
1.9244999999998436 0.2962417304674669
1.9244999999998436 0.27018236816052493
1.9249999999998435 0.45983748058525475
1.9249999999998435 0.20014089198854065
1.9249999999998435 0.2958241991985131
1.9249999999998435 0.27068584167434984
1.9254999999998434 0.4599371474859608
1.9254999999998434 0.20015136519336904
1.9254999999998434 0.2950079472979941
1.9254999999998434 0.2712005466395655
1.9259999999998434 0.46003683097143055
1.9259999999998434 0.20020317999158851
1.9259999999998434 0.29418836104499896
1.9259999999998434 0.2720117554881379
1.9264999999998433 0.4601365310421251
1.9264999999998433 0.20021341549534336
1.9264999999998433 0.2937643555110478
1.9264999999998433 0.2725545711103854
1.9269999999998433 0.46023624769850385
1.9269999999998433 0.20022360221518276
1.9269999999998433 0.2929405476812808
1.9269999999998433 0.27340818239744585
1.9274999999998432 0.45866388956875126
1.9274999999998432 0.20028462989959953
1.9274999999998432 0.2917173516583882
1.9274999999998432 0.27428689104152854
1.9279999999998432 0.4587643539302964
1.9279999999998432 0.20029458531095387
1.9279999999998432 0.29089214100644
1.9279999999998432 0.27519025948505627
1.9284999999998431 0.4588648349610764
1.9284999999998431 0.20036513587806737
1.9284999999998431 0.28967164642047016
1.9284999999998431 0.27644519513524485
1.928999999999843 0.45896533266136985
1.928999999999843 0.20037486643390076
1.928999999999843 0.28806379698264073
1.928999999999843 0.27774192448174445
1.929499999999843 0.4590658470314534
1.929499999999843 0.20038454819956042
1.929499999999843 0.2860844963944665
1.929499999999843 0.2797811317655568
1.929999999999843 0.4574678012428131
1.929999999999843 0.2004645742504972
1.930499999999843 0.4575690148834754
1.930499999999843 0.2004740376063355
1.9309999999998428 0.4576702452487636
1.9309999999998428 0.2004834521945215
1.9314999999998428 0.4577714923387544
1.9314999999998428 0.2005730900768911
1.9319999999998427 0.45787275615352196
1.9319999999998427 0.20058229272792683
1.9324999999998427 0.45624906914697005
1.9324999999998427 0.20059144662986111
1.9329999999998426 0.4563509834539515
1.9329999999998426 0.20069083397469636
1.9334999999998426 0.4564529145109248
1.9334999999998426 0.20069978244061207
1.9339999999998425 0.4565548623177445
1.9339999999998425 0.20070868217204615
1.9344999999998425 0.45665682687426234
1.9344999999998425 0.20081795792269147
1.9349999999998424 0.4550075638850426
1.9349999999998424 0.20082665874923253
1.9354999999998423 0.45511012984451304
1.9354999999998423 0.20083531085201584
1.9359999999998423 0.45521271254841517
1.9359999999998423 0.2009546152931606
1.9364999999998422 0.4553153119963589
1.9364999999998422 0.2009630750537446
1.9369999999998422 0.45541792818795357
1.9369999999998422 0.20097148609743845
1.9374999999998421 0.45374317336761744
1.9374999999998421 0.20110096088425505
1.937999999999842 0.4538463415960493
1.937999999999842 0.20110918618162912
1.938499999999842 0.4539495265315695
1.938499999999842 0.2011173627651623
1.938999999999842 0.45405272817352405
1.938999999999842 0.20125715095252691
1.939499999999842 0.4541559465212568
1.939499999999842 0.20126514842046805
1.9399999999998419 0.4524558030445918
1.9399999999998419 0.20127309717383784
1.9404999999998418 0.4525595238213498
1.9404999999998418 0.20142334324559133
1.9409999999998417 0.4526632612352643
1.9409999999998417 0.20143111955065063
1.9414999999998417 0.45276701528539415
1.9414999999998417 0.20159208640759996
1.9419999999998416 0.45287078597079683
1.9419999999998416 0.201599697034887
1.9424999999998416 0.4529745732905267
1.9424999999998416 0.20160725887817868
1.9429999999998415 0.4512495994278982
1.9429999999998415 0.20177897023422137
1.9434999999998415 0.4513538392629266
1.9434999999998415 0.20178637314849573
1.9439999999998414 0.4514580956305857
1.9439999999998414 0.20179372726753447
1.9444999999998414 0.45156236852962345
1.9444999999998414 0.20197633202330792
1.9449999999998413 0.4516666579587857
1.9449999999998413 0.20198353400398397
1.9454999999998412 0.4499165093286192
1.9454999999998412 0.20199068717456717
1.9459999999998412 0.4500212012584614
1.9459999999998412 0.20199779159066167
1.9464999999998411 0.4501259095832824
1.9464999999998411 0.20219134364122454
1.946999999999841 0.45023063430149896
1.946999999999841 0.20219830267936142
1.947499999999841 0.45033537541152513
1.947499999999841 0.20220521294398805
1.947999999999841 0.44856021263956125
1.947999999999841 0.2024099677551525
1.948499999999841 0.448665306105064
1.948499999999841 0.2024167395190414
1.9489999999998409 0.44877041579318344
1.9489999999998409 0.20242346248686732
1.9494999999998408 0.44887554170198274
1.9494999999998408 0.20263957372840902
1.9499999999998407 0.44898068382952117
1.9499999999998407 0.20264616512046305
1.9504999999998407 0.447180686863515
1.9504999999998407 0.2026527076904136
1.9509999999998406 0.4472861311099182
1.9509999999998406 0.20288033066382766
1.9514999999998406 0.44739159137128415
1.9514999999998406 0.20288674863274683
1.9519999999998405 0.4474970676452978
1.9519999999998405 0.20289311775008315
1.9524999999998405 0.4476025599296419
1.9524999999998405 0.20313240941670355
1.9529999999998404 0.4477080682219947
1.9529999999998404 0.2031386609596006
1.9534999999998404 0.44588367217378144
1.9534999999998404 0.2031448636180389
1.9539999999998403 0.4459894320604911
1.9539999999998403 0.20339598262679837
1.9544999999998403 0.44609520771598127
1.9544999999998403 0.20340207479136863
1.9549999999998402 0.44620099913753347
1.9549999999998402 0.203408118035258
1.9554999999998401 0.4463068063224262
1.9554999999998401 0.20367122475001656
1.95599999999984 0.4444579439444997
1.95599999999984 0.20367716463676047
1.95649999999984 0.44456395239011154
1.95649999999984 0.2036830555633049
1.95699999999984 0.4446699763243461
1.95699999999984 0.20395831208969512
1.95749999999984 0.44477601574406084
1.95749999999984 0.20396410685419114
1.9579999999998399 0.4448820706461107
1.9579999999998399 0.20396985261572312
1.9584999999998398 0.4430089799535059
1.9584999999998398 0.2042574228274395
1.9589999999998398 0.4431151858132636
1.9589999999998398 0.204263079682666
1.9594999999998397 0.4432214068448085
1.9594999999998397 0.20426868748897076
1.9599999999998396 0.4433276430445509
1.9599999999998396 0.20427424629668428
1.9604999999998396 0.44343389440889885
1.9604999999998396 0.20457426327214942
1.9609999999998395 0.4415368327343926
1.9609999999998395 0.2045797403928403
1.9614999999998395 0.4416431848262987
1.9614999999998395 0.2045851684652485
1.9619999999998394 0.4417495517361598
1.9619999999998394 0.20489783971333458
1.9624999999998394 0.4418559334599179
1.9624999999998394 0.204903193480279
1.9629999999998393 0.44196232999351076
1.9629999999998393 0.20490849814616496
1.9634999999998393 0.44004157392268434
1.9634999999998393 0.20523399306674958
1.9639999999998392 0.44014802106935136
1.9639999999998392 0.20523923087654591
1.9644999999998392 0.4402544826429007
1.9644999999998392 0.2052444195294814
1.964999999999839 0.4403609586387818
1.964999999999839 0.20558290939111032
1.965499999999839 0.4404674490524411
1.965499999999839 0.20558803870761752
1.965999999999839 0.44057395387931936
1.965999999999839 0.20559311880849304
1.966499999999839 0.4386297854071761
1.966499999999839 0.2055981497417244
1.9669999999998389 0.43873629047678697
1.9669999999998389 0.2059498051277563
1.9674999999998388 0.4388428095397298
1.9674999999998388 0.20595478420736407
1.9679999999998388 0.43894934259093543
1.9679999999998388 0.20595971405705255
1.9684999999998387 0.43905588962533104
1.9684999999998387 0.20632472034616336
1.9689999999998387 0.4370885879894561
1.9689999999998387 0.20632960600782976
1.9694999999998386 0.4371950854777789
1.9694999999998386 0.206334442374457
1.9699999999998385 0.43730159649290085
1.9699999999998385 0.20671297665260932
1.9704999999998385 0.437408121029218
1.9704999999998385 0.20671777657487886
1.9709999999998384 0.43751465908111997
1.9709999999998384 0.2067225271342119
1.9714999999998384 0.43552455828983466
1.9714999999998384 0.20711476844195378
1.9719999999998383 0.4356309972536292
1.9719999999998383 0.2071194903813241
1.9724999999998383 0.4357374492401399
1.9724999999998383 0.2071241628871517
1.9729999999998382 0.4358439142432047
1.9729999999998382 0.20712878600505608
1.9734999999998382 0.43595039225665705
1.9734999999998382 0.20753494403115305
1.973999999999838 0.4339378451229371
1.973999999999838 0.2075395463180747
1.974499999999838 0.4340441747973884
1.974499999999838 0.20754409914322053
1.974999999999838 0.43415051695298035
1.974999999999838 0.2079643362815564
1.975499999999838 0.43425687158297344
1.975499999999838 0.20796887626781926
1.9759999999998379 0.43436323868062277
1.9759999999998379 0.2079733667158875
1.9764999999998378 0.43446961823917707
1.9764999999998378 0.20840786806351091
1.9769999999998378 0.43243478648215894
1.9769999999998378 0.20841235375390002
1.9774999999998377 0.4325409682277991
1.9774999999998377 0.2084167898271857
1.9779999999998377 0.4326471618683139
1.9779999999998377 0.20842117632719764
1.9784999999998376 0.4327533673963605
1.9784999999998376 0.20887018198958335
1.9789999999998376 0.4328595848045899
1.9789999999998376 0.20887457177993476
1.9794999999998375 0.43080302003248294
1.9794999999998375 0.208878911915077
1.9799999999998374 0.4309089910575151
1.9799999999998374 0.2093425664012769
1.9804999999998374 0.4310149733607416
1.9804999999998374 0.20934691809308642
1.9809999999998373 0.43112096693420265
1.9809999999998373 0.20935122004541953
1.9814999999998373 0.43122697176993274
1.9814999999998373 0.20982971464410544
1.9819999999998372 0.4291490824718013
1.9819999999998372 0.20983403651734497
1.9824999999998372 0.4292547927792746
1.9824999999998372 0.20983830856459576
1.9829999999998371 0.4293605137114076
1.9829999999998371 0.20984253082787427
1.983499999999837 0.42946624525960747
1.983499999999837 0.2103361370488351
1.983999999999837 0.4295719874152735
1.983999999999837 0.21034038756748227
1.984499999999837 0.42747320004548417
1.984499999999837 0.2103445882128631
1.984999999999837 0.42757859999761477
1.984999999999837 0.21085343194066705
1.9854999999998368 0.42768400988439964
1.9854999999998368 0.2108576694090755
1.9859999999998368 0.4277894296965942
1.9859999999998368 0.21086185691285522
1.9864999999998367 0.42789485942494776
1.9864999999998367 0.210865994492815
1.9869999999998367 0.42577561811899656
1.9869999999998367 0.21139036871385153
1.9874999999998366 0.42588065848267326
1.9874999999998366 0.2113945516574855
1.9879999999998366 0.4259857080549907
1.9879999999998366 0.21139868458333377
1.9884999999998365 0.4260907668260381
1.9884999999998365 0.2119387023827198
1.9889999999998365 0.426195834785897
1.9889999999998365 0.21194288945604411
1.9894999999998364 0.4240566010508211
1.9894999999998364 0.21194702641574317
1.9899999999998363 0.42416123304306
1.9899999999998363 0.21250288959740035
1.9904999999998363 0.4242658734824632
1.9904999999998363 0.21250708960189796
1.9909999999998362 0.42437052235843903
1.9909999999998362 0.2125112393951592
1.9914999999998362 0.42447517966038906
1.9914999999998362 0.2125153390161286
1.9919999999998361 0.42231643203983443
1.9919999999998361 0.21308737367415725
1.992499999999836 0.422420607373089
1.992499999999836 0.2130915452157518
1.992999999999836 0.4225247903571946
1.992999999999836 0.21309566648513625
1.993499999999836 0.4226289809808662
1.993499999999836 0.21368396553641675
1.993999999999836 0.4227331792328122
1.993999999999836 0.21368816785952108
1.9944999999998358 0.4205554129469004
1.9944999999998358 0.21369231980894254
1.9949999999998358 0.42065908387412954
1.9949999999998358 0.21369642142237966
1.9954999999998357 0.42076276162176685
1.9954999999998357 0.2143013335919563
1.9959999999998357 0.42086644617782315
1.9959999999998357 0.21430552537494038
1.9964999999998356 0.4209701375303021
1.9964999999998356 0.21430966671837562
1.9969999999998356 0.41877386409051515
1.9969999999998356 0.21493127095437858
1.9974999999998355 0.41887698344991475
1.9974999999998355 0.2149355118497718
1.9979999999998355 0.4189801087659382
1.9979999999998355 0.21493970220073322
1.9984999999998354 0.41908324002588115
1.9984999999998354 0.21557821075275918
1.9989999999998354 0.419186377217033
1.9989999999998354 0.21558251016818128
1.9994999999998353 0.41928952032667505
1.9994999999998353 0.21558675893309304
1.9999999999998352 0.41707464527571414
1.9999999999998352 0.21559095708326584
2.0004999999998354 0.4171771715953784
2.0004999999998354 0.2162467535181264
2.0009999999998356 0.41727970296197897
2.0009999999998356 0.21625107023579315
2.0014999999998357 0.4173822393620821
2.0014999999998357 0.216255336230912
2.001999999999836 0.4151505492411083
2.001999999999836 0.21692847732193102
2.002499999999836 0.41525242654135086
2.002499999999836 0.2169328716670434
2.0029999999998362 0.4153543079741587
2.0029999999998362 0.21693721518086712
2.0034999999998364 0.4154561935253785
2.0034999999998364 0.2169415078978839
2.0039999999998366 0.4155580831808496
2.0039999999998366 0.21763240099990894
2.0044999999998367 0.41330951396947235
2.0044999999998367 0.21763683184575056
2.004999999999837 0.41341070216813325
2.004999999999837 0.21764121178457682
2.005499999999837 0.41351189354104934
2.005499999999837 0.2183498981948569
2.0059999999998372 0.413613088073335
2.0059999999998372 0.21835442632913157
2.0064999999998374 0.4137142857500962
2.0064999999998374 0.21835890344553555
2.0069999999998376 0.4114494097864125
2.0069999999998376 0.21836332957723797
2.0074999999998377 0.41154986449983294
2.0074999999998377 0.21909024089340362
2.007999999999838 0.4116503213997768
2.007999999999838 0.21909482528997104
2.008499999999838 0.4117507804706232
2.008499999999838 0.2190993585897985
2.0089999999998382 0.41185124169674403
2.0089999999998382 0.21984451992270604
2.0094999999998384 0.4095706453229459
2.0094999999998384 0.21984922185241648
2.0099999999998386 0.40967032296792893
2.0099999999998386 0.21985387257300704
2.0104999999998387 0.4097700017834461
2.0104999999998387 0.2198584721163164
2.010999999999839 0.40986968175314253
2.010999999999839 0.22062233975043147
2.011499999999839 0.40996936286065416
2.011499999999839 0.22062711829856319
2.0119999999998393 0.4076736458969195
2.0119999999998393 0.22063184555615764
2.0124999999998394 0.40777250373141744
2.0124999999998394 0.22141442763680486
2.0129999999998396 0.40787136169343857
2.0129999999998396 0.22141934457697746
2.0134999999998398 0.4079702197658938
2.0134999999998398 0.22142421011334784
2.01399999999984 0.408069077931687
2.01399999999984 0.22222573614595598
2.01449999999984 0.4057588531287609
2.01449999999984 0.22223080220397012
2.0149999999998403 0.40585684929156113
2.0149999999998403 0.22223581674508505
2.0154999999998404 0.4059548445131513
2.0154999999998404 0.22224077979907061
2.0159999999998406 0.40605283877571485
2.0159999999998406 0.22306174390076547
2.0164999999998408 0.40615083206142477
2.0164999999998408 0.22306691833764303
2.016999999999841 0.4038267245327164
2.016999999999841 0.22307204117392931
2.017499999999841 0.40392381808203204
2.017499999999841 0.2239124242479732
2.0179999999998413 0.40402090959704945
2.0179999999998413 0.22391776964023338
2.0184999999998414 0.4041179990592282
2.0184999999998414 0.22392306331897788
2.0189999999998416 0.40178157900215894
2.0189999999998416 0.22392830531258576
2.0194999999998418 0.4018777330841083
2.0194999999998418 0.2247886271921246
2.019999999999842 0.401973884034988
2.019999999999842 0.22479410294581173
2.020499999999842 0.4020700318355515
2.020499999999842 0.22479952690144453
2.0209999999998423 0.402166176466544
2.0209999999998423 0.22567974924269119
2.0214999999998424 0.39981719313491215
2.0214999999998424 0.2256854184796295
2.0219999999998426 0.3999123667632123
2.0219999999998426 0.22569103580653258
2.0224999999998428 0.4000075361236835
2.0224999999998428 0.22659139566403977
2.022999999999843 0.4001027011963751
2.022999999999843 0.22659726997182106
2.023499999999843 0.4001978619613285
2.023499999999843 0.22660309225873737
2.0239999999998433 0.39783697284607694
2.0239999999998433 0.22660886255100818
2.0244999999998434 0.3979311280764485
2.0244999999998434 0.22752991900478062
2.0249999999998436 0.3980252778823118
2.0249999999998436 0.22753595802336513
2.0254999999998438 0.3981194222430248
2.0254999999998438 0.227541944937095
2.025999999999844 0.3957483270819906
2.025999999999844 0.2284836285885727
2.026499999999844 0.39584143360792057
2.026499999999844 0.22848989629675123
2.0269999999998443 0.39593453355563746
2.0269999999998443 0.22849611179145982
2.0274999999998444 0.39602762690383203
2.0274999999998444 0.22850227509746396
2.0279999999998446 0.39612071363118817
2.0279999999998446 0.22946517159434404
2.0284999999998448 0.3937390877234754
2.0284999999998448 0.22947162781934882
2.028999999999845 0.39383110436444824
2.028999999999845 0.22947803174810102
2.029499999999845 0.3939231132361527
2.029499999999845 0.23046204962988132
2.0299999999998453 0.3940151143166219
2.0299999999998453 0.23046875892751673
2.0304999999998454 0.39162473383951607
2.0304999999998454 0.23047541582342176
2.0309999999998456 0.39171563489160477
2.0309999999998456 0.2314807971852582
2.0314999999998458 0.3918065269909234
2.0314999999998458 0.23148777209400814
2.031999999999846 0.39189741011487345
2.031999999999846 0.2314946944978731
2.032499999999846 0.3894990230942339
2.032499999999846 0.2325216819706915
2.0329999999998463 0.3895887774636777
2.0329999999998463 0.23252893522821957
2.0334999999998464 0.38967852168474204
2.0334999999998464 0.2325361358802954
2.0339999999998466 0.3897682557342203
2.0339999999998466 0.23254328394863938
2.0344999999998468 0.38985797958889856
2.0344999999998468 0.23359251702082934
2.034999999999847 0.3874511914522851
2.034999999999847 0.23360000886373725
2.035499999999847 0.38753975789934797
2.035499999999847 0.23360744802441144
2.0359999999998473 0.38762831296819733
2.0359999999998473 0.23467878678316603
2.0364999999998474 0.3877168566350345
2.0364999999998474 0.23468658296470585
2.0369999999998476 0.38530354256923854
2.0369999999998476 0.2346943263686376
2.0374999999998478 0.38539090257487774
2.0374999999998478 0.23578801427559617
2.037999999999848 0.3854782499869634
2.037999999999848 0.23579612815140874
2.038499999999848 0.38556558478113745
2.038499999999848 0.2358041891576601
2.0389999999998483 0.38314650215692875
2.0389999999998483 0.23692046952447937
2.0394999999998484 0.383232628298335
2.0394999999998484 0.23692891466056726
2.0399999999998486 0.3833187406238487
2.0399999999998486 0.2369373068388556
2.0404999999998488 0.38340483910857964
2.0404999999998488 0.2369456460779145
2.040999999999849 0.38098074647539854
2.040999999999849 0.23808521280232642
2.041499999999849 0.3810656125887259
2.041499999999849 0.23809394993538627
2.0419999999998493 0.3811504636585469
2.0419999999998493 0.23810263404418391
2.0424999999998494 0.38123529965947084
2.0424999999998494 0.2392652927528391
2.0429999999998496 0.37880695598754827
2.0429999999998496 0.23927438883859645
2.0434999999998498 0.3788905371803113
2.0434999999998498 0.23928343181939216
2.04399999999985 0.3789741020984132
2.04399999999985 0.24046942433403895
2.04449999999985 0.379057650715995
2.04449999999985 0.24047889358759142
2.0449999999998503 0.3766258146439257
2.0449999999998503 0.24048830966014234
2.0454999999998504 0.37670808730543337
2.0454999999998504 0.24169787678015517
2.0459999999998506 0.37679034245932147
2.0459999999998506 0.24170773363553463
2.0464999999998508 0.37687258007929497
2.0464999999998508 0.24171753723886732
2.046999999999851 0.37443800916854536
2.046999999999851 0.24295091849049047
2.047499999999851 0.37451895097836774
2.047499999999851 0.24296117760219502
2.0479999999998513 0.3745998740475428
2.0479999999998513 0.24297138339614716
2.0484999999998514 0.3746807783493767
2.0484999999998514 0.24422881676800043
2.0489999999998516 0.37224422834716836
2.0489999999998516 0.24423949301227268
2.0494999999998518 0.3723238182816367
2.0494999999998518 0.24425011587878115
2.049999999999852 0.37240338824409064
2.049999999999852 0.24553183754319688
2.050499999999852 0.369966922810102
2.050499999999852 0.24554294601903182
2.0509999999998523 0.37004516231946966
2.0509999999998523 0.24555400106314818
2.0514999999998524 0.3701233806562137
2.0514999999998524 0.2468602450829022
2.0519999999998526 0.3702015777929579
2.0519999999998526 0.2468718011127622
2.0524999999998528 0.3677646511606983
2.0524999999998528 0.24820222902224612
2.052999999999853 0.3678415018764785
2.052999999999853 0.24821430168338812
2.053499999999853 0.36791833019702036
2.053499999999853 0.24822632081360912
2.0539999999998533 0.3654830245784048
2.0539999999998533 0.24958171578302343
2.0544999999998534 0.36555849296315546
2.0544999999998534 0.2495942673474319
2.0549999999998536 0.365633937764686
2.0549999999998536 0.24960676534828813
2.0554999999998538 0.36570935895509565
2.0554999999998538 0.2509873529908316
2.055999999999854 0.36327508907112926
2.055999999999854 0.2510003994448204
2.056499999999854 0.36334913692988846
2.056499999999854 0.25101339231023667
2.0569999999998543 0.3634231599981417
2.0569999999998543 0.2524193948034015
2.0574999999998544 0.36099201880128784
2.0574999999998544 0.25243295235585334
2.0579999999998546 0.3610646575631133
2.0579999999998546 0.2538639533133208
2.058499999999855 0.36113727036539256
2.058499999999855 0.25387809201611833
2.058999999999855 0.35871000357121513
2.058999999999855 0.25389217709739687
2.059499999999855 0.3587812223403941
2.059499999999855 0.25534900878986283
2.0599999999998553 0.3588524139928061
2.0599999999998553 0.25536369167061534
2.0604999999998554 0.35642975700808127
2.0604999999998554 0.25684589519430545
2.0609999999998556 0.3564995461345702
2.0609999999998556 0.2568611927273777
2.061499999999856 0.3565693070003278
2.061499999999856 0.2568764366450929
2.061999999999856 0.35415198436457535
2.061999999999856 0.2583848675742094
2.062499999999856 0.3542203354296417
2.062499999999856 0.2584007431971777
2.0629999999998563 0.35428865710466706
2.0629999999998563 0.25993489769007516
2.0634999999998564 0.3518773819586172
2.0634999999998564 0.25995142224545703
2.0639999999998566 0.35194428775897146
2.0639999999998566 0.25996789323430625
2.064499999999857 0.349541150536084
2.064499999999857 0.26152864916992374
2.064999999999857 0.34960663663752795
2.064999999999857 0.26154578653236016
2.065499999999857 0.3496720911680087
2.065499999999857 0.2631325926102919
2.0659999999998573 0.3472763941838736
2.0659999999998573 0.26315041392814914
2.0664999999998575 0.3473404252672433
2.0664999999998575 0.2647634139874453
2.0669999999998576 0.3449542358103645
2.0669999999998576 0.2647819370042968
2.067499999999858 0.3450168418678089
2.067499999999858 0.2664212670083867
2.067999999999858 0.34507941424707544
2.067999999999858 0.26644050962230237
2.068499999999858 0.34270200208282103
2.068499999999858 0.2681062971546463
2.0689999999998583 0.34276314792427465
2.0689999999998583 0.26812627741026634
2.0694999999998585 0.3403965513119455
2.0694999999998585 0.26981864115415033
2.0699999999998586 0.34045627118394745
2.0699999999998586 0.26983937723404955
2.070499999999859 0.33810111896138606
2.070499999999859 0.27155842643660366
2.070999999999859 0.3381594144554583
2.070999999999859 0.27157993665191593
2.071499999999859 0.335816318195938
2.071499999999859 0.2733257705724797
2.0719999999998593 0.3358731918986379
2.0719999999998593 0.27509761411651285
2.0724999999998595 0.3335427457226607
2.0724999999998595 0.2751207806957702
2.0729999999998596 0.3335982011868077
2.0729999999998596 0.2769195567710144
2.07349999999986 0.33128098160564967
2.07349999999986 0.2787444305611216
2.07399999999986 0.32897891548600655
2.07399999999986 0.27876932728394677
2.07449999999986 0.3290315891113296
2.07449999999986 0.28062123424892527
2.0749999999998603 0.3267438421947548
2.0749999999998603 0.2824992773315748
2.0754999999998605 0.32447228896263014
2.0754999999998605 0.28440344645861065
2.0759999999998606 0.3222174155888884
2.0759999999998606 0.286333717374957
2.076499999999861 0.3199796881494124
2.076499999999861 0.28829005105341127
2.076999999999861 0.31775955276811263
2.076999999999861 0.29027239309737013
2.077499999999861 0.3155574357883337
2.077499999999861 0.29228067313749756
2.0779999999998613 0.31116678983559926
2.0779999999998613 0.2963408591142201
