1.7700700000000174 0.22802799999999496
1.7700700000000174 0.2280280000000191
1.7700700000000174 0.22802799999999496
1.7700700000000174 0.2280280000000191
1.7700700000000174 0.22802799999999496
1.7700700000000174 0.2280280000000191
1.7700700000000174 0.22802799999999496
1.7700700000000174 0.2280280000000191
1.7696700000000174 0.22786800000001906
1.7696700000000174 0.22786799999999488
1.7696700000000174 0.22786800000001906
1.7696700000000174 0.22786799999999488
1.7696700000000174 0.22786800000001906
1.7696700000000174 0.22786799999999488
1.7696700000000174 0.22786800000001906
1.7696700000000174 0.22786799999999488
1.7695700000000174 0.22782800000001893
1.7695700000000174 0.22782800000001893
1.7695700000000174 0.22782800000001893
1.7695700000000174 0.22782800000001893
1.7693700000000174 0.2277479999999949
1.7693700000000174 0.2277479999999949
1.7693700000000174 0.2277479999999949
1.7693700000000174 0.2277479999999949
1.7691700000000175 0.22766800000001913
1.7691700000000175 0.22766800000001913
1.7691700000000175 0.22766800000001913
1.7691700000000175 0.22766800000001913
1.7690700000000175 0.2276280000000191
1.7690700000000175 0.22762799999999475
1.7690700000000175 0.2276280000000191
1.7690700000000175 0.22762799999999475
1.7690700000000175 0.2276280000000191
1.7690700000000175 0.22762799999999475
1.7690700000000175 0.2276280000000191
1.7690700000000175 0.22762799999999475
1.7688700000000175 0.2275479999999948
1.7688700000000175 0.22754800000001907
1.7688700000000175 0.2275479999999948
1.7688700000000175 0.22754800000001907
1.7688700000000175 0.2275479999999948
1.7688700000000175 0.22754800000001907
1.7688700000000175 0.2275479999999948
1.7688700000000175 0.22754800000001907
1.7687700000000175 0.22750800000001908
1.7687700000000175 0.22750800000001908
1.7687700000000175 0.22750800000001908
1.7687700000000175 0.22750800000001908
1.7685700000000175 0.22742800000001878
1.7685700000000175 0.2274279999999952
1.7685700000000175 0.22742800000001878
1.7685700000000175 0.2274279999999952
1.7685700000000175 0.22742800000001878
1.7685700000000175 0.2274279999999952
1.7685700000000175 0.22742800000001878
1.7685700000000175 0.2274279999999952
1.7683700000000175 0.22734800000001873
1.7683700000000175 0.22734800000001873
1.7683700000000175 0.22734800000001873
1.7683700000000175 0.22734800000001873
1.7682700000000175 0.2273079999999952
1.7682700000000175 0.2273079999999952
1.7682700000000175 0.2273079999999952
1.7682700000000175 0.2273079999999952
1.7678700000000176 0.2271479999999958
1.7678700000000176 0.2271480000000183
1.7678700000000176 0.2271479999999958
1.7678700000000176 0.2271480000000183
1.7678700000000176 0.2271479999999958
1.7678700000000176 0.2271480000000183
1.7678700000000176 0.2271479999999958
1.7678700000000176 0.2271480000000183
1.7655700000000178 0.22622800000003862
1.7655700000000178 0.22622800000003873
1.7655700000000178 0.22622799999997595
1.7655700000000178 0.2262280000000387
1.7655700000000178 0.22622799999997592
1.7655700000000178 0.22622800000003862
1.7655700000000178 0.22622800000003873
1.7654700000000179 0.22618799999999073
1.7654700000000179 0.22618800000002365
1.7654700000000179 0.22618799999999073
1.7654700000000179 0.22618800000002365
1.7654700000000179 0.22618799999999073
1.7654700000000179 0.22618800000002365
1.7654700000000179 0.22618799999999073
1.7654700000000179 0.22618800000002365
1.7652700000000179 0.22610799999998066
1.7652700000000179 0.22610800000003467
1.7652700000000179 0.22610799999998066
1.7652700000000179 0.22610800000003467
1.7652700000000179 0.22610799999998066
1.7652700000000179 0.22610800000003467
1.7652700000000179 0.22610799999998066
1.7652700000000179 0.22610800000003467
1.765170000000018 0.22606799999997973
1.765170000000018 0.22606800000003374
1.765170000000018 0.22606799999997965
1.765170000000018 0.22606800000003385
1.765170000000018 0.22606799999997973
1.765170000000018 0.22606800000003374
1.765170000000018 0.22606799999997965
1.765170000000018 0.22606800000003385
1.765070000000018 0.22602800000002368
1.765070000000018 0.2260279999999906
1.765070000000018 0.22602800000002368
1.765070000000018 0.2260279999999906
1.765070000000018 0.22602800000002368
1.765070000000018 0.2260279999999906
1.765070000000018 0.22602800000002368
1.765070000000018 0.2260279999999906
1.764870000000018 0.22594799999983467
1.764870000000018 0.2259480000001701
1.764870000000018 0.22594799999985288
1.764870000000018 0.22594800000015355
1.764870000000018 0.225947999999868
1.764870000000018 0.22594800000013907
1.764870000000018 0.22594799999988244
1.764870000000018 0.2259480000001247
1.764770000000018 0.22590799999851305
1.764770000000018 0.22590800000143454
1.764770000000018 0.22590799999864392
1.764770000000018 0.22590800000130695
1.764770000000018 0.22590799999876535
1.764770000000018 0.22590800000119104
1.764770000000018 0.22590799999887584
1.764770000000018 0.2259080000010852
1.764670000000018 0.2258680000131941
1.764670000000018 0.22586799998733786
1.764670000000018 0.22586800001215074
1.764670000000018 0.22586799998836796
1.764670000000018 0.22586800001119073
1.764670000000018 0.22586799998928855
1.764670000000018 0.2258680000102807
1.764670000000018 0.22586799999013626
1.764570000000018 0.22582800011083448
1.764570000000018 0.2258279998931772
1.764570000000018 0.22582800010298412
1.764570000000018 0.2258279999007444
1.764570000000018 0.22582800009568932
1.764570000000018 0.2258279999077761
1.764570000000018 0.22582800008912746
1.764570000000018 0.2258279999141016
1.764470000000018 0.22578800092750606
1.764470000000018 0.22578799910086494
1.764470000000018 0.2257880008716596
1.764470000000018 0.225787999155004
1.764470000000018 0.2257880008191763
1.764470000000018 0.22578799920588255
1.764470000000018 0.22578800076985217
1.764470000000018 0.22578799925369877
1.764370000000018 0.22574800774486378
1.764370000000018 0.22574799244920693
1.764370000000018 0.22574800736161357
1.764370000000018 0.22574799282286098
1.764370000000018 0.22574800698034928
1.764370000000018 0.22574799319456157
1.764370000000018 0.22574800663493802
1.764370000000018 0.22574799353132485
1.764270000000018 0.2257079340299901
1.764270000000018 0.22570806452526593
1.764270000000018 0.22570793673407294
1.764270000000018 0.2257080620313369
1.764270000000018 0.2257079393273569
1.764270000000018 0.22570805948872003
1.764270000000018 0.2257079416724629
1.764270000000018 0.2257080570502854
1.764170000000018 0.22566745480245815
1.764170000000018 0.225668537600122
1.764170000000018 0.22566747120312144
1.764170000000018 0.2256685214272216
1.764170000000018 0.2256674871105448
1.764170000000018 0.2256685057407437
1.764170000000018 0.22566750253955734
1.764170000000018 0.22566848933040268
1.764070000000018 0.2256234967401368
1.764070000000018 0.22563245530294515
1.764070000000018 0.22562359341345248
1.764070000000018 0.22563237033871525
1.764070000000018 0.22562367743066977
1.764070000000018 0.2256322765118724
1.764070000000018 0.22562377022527022
1.764070000000018 0.2256321949574691
1.763970000000018 0.22562521342925582
1.763970000000018 0.22555102430277219
1.763970000000018 0.22562482680749432
1.763970000000018 0.2255514079939292
1.763970000000018 0.225624444198347
1.763970000000018 0.22555178771254772
1.763970000000018 0.22562415425881385
1.763970000000018 0.22555216349969437
1.763970000000018 0.22562377869153488
1.763870000000018 0.22584809237789152
1.763870000000018 0.22525284507873147
1.763870000000018 0.22584826790342508
1.763870000000018 0.22525267314747596
1.763870000000018 0.22584770311998048
1.763870000000018 0.22525250125243737
1.763870000000018 0.2258478788113257
1.763870000000018 0.22525232939367365
1.763770000000018 0.22737622635818935
1.763770000000018 0.2237958145890842
1.763770000000018 0.22738322872730285
1.763770000000018 0.22378989686173556
1.763770000000018 0.22739481864075126
1.763770000000018 0.2237799241453419
1.763770000000018 0.22740630517132238
1.763770000000018 0.2237700497836422
1.763670000000018 0.2222760645465368
1.763670000000018 0.22926625338253592
1.763670000000018 0.22228083503530957
1.763670000000018 0.22926991994758317
1.763670000000018 0.22227809451887778
1.763670000000018 0.22927344743461367
1.763670000000018 0.22227545811670021
1.763670000000018 0.2292768412579016
1.763570000000018 0.22157053240999727
1.763570000000018 0.23022300718047625
1.763570000000018 0.22157111481582442
1.763570000000018 0.23022222114629806
1.763570000000018 0.22157170292644796
1.763570000000018 0.23022142728979425
1.763570000000018 0.22156312508822812
1.763570000000018 0.2302330140284172
1.763470000000018 0.23101481467630455
1.763470000000018 0.22101482232452177
1.763470000000018 0.23101192802642526
1.763470000000018 0.22101686484015653
1.763470000000018 0.23100903938293735
1.763470000000018 0.221018908350463
1.763470000000018 0.2310061487680356
1.763470000000018 0.2210106042365627
1.763370000000018 0.22054312314751445
1.763370000000018 0.23172468277725802
1.763370000000018 0.2205357411161006
1.763370000000018 0.2317188653384763
1.763370000000018 0.22053969247516225
1.763370000000018 0.2317130415926793
1.763370000000018 0.22054364659834416
1.763370000000018 0.2317239132532653
1.763270000000018 0.22011915077768718
1.763270000000018 0.23236671832715294
1.763270000000018 0.22012557914440511
1.763270000000018 0.23237552890939475
1.763270000000018 0.22011980814922677
1.763270000000018 0.2323657133742613
1.763270000000018 0.22012623718731983
1.763270000000018 0.23237452544846238
1.7631700000000181 0.23297100362487114
1.7631700000000181 0.21974630829548214
1.7631700000000181 0.23297648191208528
1.7631700000000181 0.2197428432388924
1.7631700000000181 0.2329819555620202
1.7631700000000181 0.2197523435957525
1.7631700000000181 0.23298742456917992
1.7631700000000181 0.21974887551368416
1.7630700000000181 0.21940714541535175
1.7630700000000181 0.23355896526641085
1.7630700000000181 0.21940668433372942
1.7630700000000181 0.23355971584134694
1.7630700000000181 0.21940622328039877
1.7630700000000181 0.23356046633515104
1.7630700000000181 0.21940576225536215
1.7630700000000181 0.23356121674781063
1.7629700000000181 0.21908391942946653
1.7629700000000181 0.2341158824219529
1.7629700000000181 0.2190871767156429
1.7629700000000181 0.23411042071769905
1.7629700000000181 0.21909043531425343
1.7629700000000181 0.23410495499035622
1.7629700000000181 0.21909369522488495
1.7629700000000181 0.2340994852442833
1.7628700000000181 0.23463937627740192
1.7628700000000181 0.218799953013678
1.7628700000000181 0.23462607686307074
1.7628700000000181 0.21879280120687156
1.7628700000000181 0.23463841486895035
1.7628700000000181 0.218800511017825
1.7628700000000181 0.23465073359511462
1.7628700000000181 0.21879335875096223
1.7627700000000182 0.21852260534830026
1.7627700000000182 0.23514259547540992
1.7627700000000182 0.21852012062525564
1.7627700000000182 0.23514699540405498
1.7627700000000182 0.21851763657048937
1.7627700000000182 0.23515139301146343
1.7627700000000182 0.21851515318414974
1.7627700000000182 0.2351557882957432
1.7626700000000182 0.21826718512752724
1.7626700000000182 0.2356373645547298
1.7626700000000182 0.21827017430223844
1.7626700000000182 0.23563193670984592
1.7626700000000182 0.2182572733077245
1.7626700000000182 0.23565535058098822
1.7626700000000182 0.21826025946296276
1.7626700000000182 0.23564993386980684
1.7625700000000182 0.23611545851559346
1.7625700000000182 0.21802260226730052
1.7625700000000182 0.2361286066904663
1.7625700000000182 0.2180155327471847
1.7625700000000182 0.2361113429042282
1.7625700000000182 0.2180248140671149
1.7625700000000182 0.23612449695676516
1.7625700000000182 0.21801774304057142
1.7624700000000182 0.2177867920439732
1.7624700000000182 0.2365873562805914
1.7624700000000182 0.21778641913201038
1.7624700000000182 0.23658806641051114
1.7624700000000182 0.21778604623276016
1.7624700000000182 0.2365887764880092
1.7624700000000182 0.21778567334622262
1.7624700000000182 0.23658948651308412
1.7623700000000182 0.217566952119123
1.7623700000000182 0.23706124314181137
1.7623700000000182 0.21757415825903595
1.7623700000000182 0.23704722726897973
1.7623700000000182 0.21758136890434496
1.7623700000000182 0.2370666534736875
1.7623700000000182 0.21757137334143192
1.7623700000000182 0.23705264519715433
1.7622700000000182 0.23750014346257395
1.7622700000000182 0.21737026710968232
1.7622700000000182 0.23750392105348425
1.7622700000000182 0.21736836525768116
1.7622700000000182 0.23750769727184032
1.7622700000000182 0.21736646370404317
1.7622700000000182 0.23751147211679102
1.7622700000000182 0.2173645624488136
1.7621700000000182 0.2171721907840218
1.7621700000000182 0.2379261633516563
1.7621700000000182 0.2171613601563815
1.7621700000000182 0.23794814530439437
1.7621700000000182 0.2171684871090252
1.7621700000000182 0.23793368328574982
1.7621700000000182 0.2171756180618963
1.7621700000000182 0.23791920192202373
1.7620700000000182 0.2169768494291116
1.7620700000000182 0.23835341900616064
1.7620700000000182 0.21697565171731764
1.7620700000000182 0.2383559027801765
1.7620700000000182 0.21697445411344723
1.7620700000000182 0.23835838600614306
1.7620700000000182 0.21697325661751027
1.7619700000000182 0.2388010005620862
1.7619700000000182 0.21680506235716793
1.7619700000000182 0.2387810906005848
1.7619700000000182 0.21679583854771042
1.7619700000000182 0.23880056911814482
1.7619700000000182 0.21680526690686536
1.7619700000000182 0.23878065841568974
1.7619700000000182 0.21679604296186947
1.7618700000000183 0.21661840918529643
1.7618700000000183 0.23921194631277232
1.7618700000000183 0.21662049861170532
1.7618700000000183 0.2392074470384292
1.7618700000000183 0.21662258833900394
1.7618700000000183 0.23920294607570042
1.7618700000000183 0.21662467836714047
1.7618700000000183 0.239198443425749
1.7617700000000183 0.23960866085916546
1.7617700000000183 0.21646658912178857
1.7617700000000183 0.2396192676813142
1.7617700000000183 0.21646175337846169
1.7617700000000183 0.2396298654223544
1.7617700000000183 0.21645691917676274
1.7617700000000183 0.2396404540677432
1.7617700000000183 0.21645208651730852
1.7616700000000183 0.24003814453569244
1.7616700000000183 0.2163031733783265
1.7616700000000183 0.2400196403511321
1.7616700000000183 0.21629188603217636
1.7616700000000183 0.2400448381374675
1.7616700000000183 0.21630017201252733
1.7616700000000183 0.2400263436838657
1.7616700000000183 0.2162888868116919
1.7615700000000183 0.2161460604889115
1.7615700000000183 0.2404148411017635
1.7615700000000183 0.21614870356848692
1.7615700000000183 0.24045395936446357
1.7615700000000183 0.2161513470725899
1.7615700000000183 0.2404479628666585
1.7615700000000183 0.21613413154742106
1.7615700000000183 0.24044196361385292
1.7614700000000183 0.24081701226456703
1.7614700000000183 0.21598733403700487
1.7614700000000183 0.24082264706314038
1.7614700000000183 0.21598490004282486
1.7614700000000183 0.24082827951481356
1.7614700000000183 0.2160025963195828
1.7614700000000183 0.2408339096176644
1.7614700000000183 0.2160001601521996
1.7613700000000183 0.2412436554121933
1.7613700000000183 0.21584038268253317
1.7613700000000183 0.24121191538351267
1.7613700000000183 0.21585388111788467
1.7613700000000183 0.24122813347063068
1.7613700000000183 0.21584698645492903
1.7613700000000183 0.24124433258777528
1.7612700000000183 0.21571825277524131
1.7612700000000183 0.24159961139828137
1.7612700000000183 0.21570756528440274
1.7612700000000183 0.24162516478208707
1.7612700000000183 0.21571752931330307
1.7612700000000183 0.24160134214741802
1.7612700000000183 0.21570684224094153
1.7612700000000183 0.24162689242832588
1.7611700000000183 0.24199186270529463
1.7611700000000183 0.21558437196809638
1.7611700000000183 0.24197450870528495
1.7611700000000183 0.2155706086041271
1.7611700000000183 0.24200797470516663
1.7611700000000183 0.2155777405212336
1.7611700000000183 0.24199063979948854
1.7611700000000183 0.2155848750921917
1.7610700000000183 0.24237642336385012
1.7610700000000183 0.21544773425879224
1.7610700000000183 0.24236392549488184
1.7610700000000183 0.21545279219758506
1.7610700000000183 0.24240362111876995
1.7610700000000183 0.21543671708106696
1.7610700000000183 0.24239114593618305
1.7609700000000184 0.21530695769009814
1.7609700000000184 0.24277178350851522
1.7609700000000184 0.21531073783764332
1.7609700000000184 0.24276229879666814
1.7609700000000184 0.21531451867952595
1.7609700000000184 0.24275280822132433
1.7609700000000184 0.2153183002154976
1.7608700000000184 0.24312506051937313
1.7608700000000184 0.21519428414070335
1.7608700000000184 0.24311650474606789
1.7608700000000184 0.2151976383860109
1.7608700000000184 0.2431629507157356
1.7608700000000184 0.2152009931578789
1.7608700000000184 0.24315441554449777
1.7608700000000184 0.21520434845613742
1.7607700000000184 0.2150826068011791
1.7607700000000184 0.24352150906966497
1.7607700000000184 0.2150864269860503
1.7607700000000184 0.2435116322918971
1.7607700000000184 0.21506844399499273
1.7607700000000184 0.24350174945212433
1.7607700000000184 0.2150722617356168
1.7607700000000184 0.24349186055838823
1.7606700000000184 0.21495931429647389
1.7606700000000184 0.24390845077961623
1.7606700000000184 0.2149645352759523
1.7606700000000184 0.24389475523926363
1.7606700000000184 0.2149697574448055
1.7606700000000184 0.24388104827101037
1.7606700000000184 0.21495296667496622
1.7605700000000184 0.24423720324394244
1.7605700000000184 0.21484606078129662
1.7605700000000184 0.24427613540314502
1.7605700000000184 0.21485366605833536
1.7605700000000184 0.24425588228767336
1.7605700000000184 0.21483905685240676
1.7605700000000184 0.24423560477772618
1.7605700000000184 0.21484665988159163
1.7604700000000184 0.21473552893948292
1.7604700000000184 0.24464325074165655
1.7604700000000184 0.21474654569043589
1.7604700000000184 0.24461347373512202
1.7604700000000184 0.2147351468791382
1.7604700000000184 0.2446442827203032
1.7604700000000184 0.21474616345846834
1.7604700000000184 0.2446145075033455
1.7603700000000184 0.24499304459262136
1.7603700000000184 0.2146266397671856
1.7603700000000184 0.2450125272941491
1.7603700000000184 0.21464213967619505
1.7603700000000184 0.24497001945271846
1.7603700000000184 0.21463502974233303
1.7603700000000184 0.2449895276824997
1.7603700000000184 0.21462792180065784
1.7602700000000184 0.24539011865378768
1.7602700000000184 0.21453823719733273
1.7602700000000184 0.24533144369165516
1.7602700000000184 0.21453654026864888
1.7602700000000184 0.24533616833542693
1.7602700000000184 0.2145348434496754
1.7602700000000184 0.24534089174161497
1.7601700000000184 0.21442400113141163
1.7601700000000184 0.24572834659025447
1.7601700000000184 0.2144288838630955
1.7601700000000184 0.24571457434760793
1.7601700000000184 0.21443376747520662
1.7601700000000184 0.2457007917553986
1.7601700000000184 0.21443865196725767
1.7600700000000185 0.2460937512464464
1.7600700000000185 0.21433596663359414
1.7600700000000185 0.24605748854573897
1.7600700000000185 0.2143254843285105
1.7600700000000185 0.2460874798562575
1.7600700000000185 0.214338161178792
1.7600700000000185 0.24611742305969303
1.7600700000000185 0.21432767805170874
1.7599700000000185 0.21423585814295887
1.7599700000000185 0.24642686293885993
1.7599700000000185 0.21423425437702168
1.7599700000000185 0.2464315153550213
1.7599700000000185 0.21423265070013237
1.7599700000000185 0.24643616663920376
1.7599700000000185 0.2142310471123082
1.7599700000000185 0.24644081679074165
1.7598700000000185 0.21413816754602452
1.7598700000000185 0.2467953463131501
1.7598700000000185 0.21414675423195126
1.7598700000000185 0.24683914351966113
1.7598700000000185 0.2141318376646903
1.7598700000000185 0.24681394652944857
1.7598700000000185 0.2141404225268704
1.7597700000000185 0.24717590750701895
1.7597700000000185 0.2140585966531062
1.7597700000000185 0.247186421143337
1.7597700000000185 0.21405506137686414
1.7597700000000185 0.2471969291748816
1.7597700000000185 0.21405152650643688
1.7597700000000185 0.24713698975519213
1.7596700000000185 0.21396960710812366
1.7596700000000185 0.24754157296253992
1.7596700000000185 0.2139550340003127
1.7596700000000185 0.2475136430910845
1.7596700000000185 0.21396429475009862
1.7596700000000185 0.24755757356653527
1.7596700000000185 0.21397355820137207
1.7595700000000185 0.24790000908527546
1.7595700000000185 0.21388086346068372
1.7595700000000185 0.2479014549496034
1.7595700000000185 0.21388038978981513
1.7595700000000185 0.24790290071184143
1.7595700000000185 0.21387991612579377
1.7595700000000185 0.24790434637195813
1.7595700000000185 0.21387944246862187
1.7594700000000185 0.2482841725850038
1.7594700000000185 0.2138016545386763
1.7594700000000185 0.24823734507690476
1.7594700000000185 0.21379264619803837
1.7594700000000185 0.24826520811473188
1.7594700000000185 0.21378364026043248
1.7594700000000185 0.2482183380258167
1.7593700000000185 0.21370590689025737
1.7593700000000185 0.24862982157410135
1.7593700000000185 0.2137139357359818
1.7593700000000185 0.24860467602171016
1.7593700000000185 0.21369766183006486
1.7593700000000185 0.24857950073212134
1.7593700000000185 0.21370568877181556
1.7592700000000185 0.2489986229854729
1.7592700000000185 0.21362178643128243
1.7592700000000185 0.2489915295883493
1.7592700000000185 0.21362402459838084
1.7592700000000185 0.24898443385397917
1.7592700000000185 0.21362626290534467
1.7592700000000185 0.24897733578434766
1.7591700000000186 0.21354289117294636
1.7591700000000186 0.24934167391618903
1.7591700000000186 0.21354073041894167
1.7591700000000186 0.24934861108750492
1.7591700000000186 0.21353856979158645
1.7591700000000186 0.2493555460639548
1.7591700000000186 0.21356100982678883
1.7590700000000186 0.24964540788456333
1.7590700000000186 0.2134746280683753
1.7590700000000186 0.24966203212319774
1.7590700000000186 0.21346952410149514
1.7590700000000186 0.24967864409214302
1.7590700000000186 0.21346442081996678
1.7590700000000186 0.24969524376731725
1.7590700000000186 0.21348406298615252
1.7589700000000186 0.2500776068200383
1.7589700000000186 0.21339701513929724
1.7589700000000186 0.25001714662239993
1.7589700000000186 0.21339049384294623
1.7589700000000186 0.25003863603653587
1.7589700000000186 0.2134088599118101
1.7589700000000186 0.25006010522109956
1.7588700000000186 0.21332404871802485
1.7588700000000186 0.25036147408844645
1.7588700000000186 0.21331770427028793
1.7588700000000186 0.2503826495940638
1.7588700000000186 0.21331136082248034
1.7588700000000186 0.25040380583988103
1.7588700000000186 0.21333004027128413
1.7587700000000186 0.25078329349756345
1.7587700000000186 0.21325007284615627
1.7587700000000186 0.2507984597662471
1.7587700000000186 0.21324557210475467
1.7587700000000186 0.250728763813952
1.7587700000000186 0.21324107185244046
1.7587700000000186 0.2507439652370748
1.7586700000000186 0.21319214962061953
1.7586700000000186 0.2511016590567112
1.7586700000000186 0.21319123280728766
1.7586700000000186 0.2511047910122521
1.7586700000000186 0.2131903160136234
1.7586700000000186 0.25110792255950487
1.7586700000000186 0.2131893992396262
1.7585700000000186 0.25144802413506595
1.7585700000000186 0.2131016730811429
1.7585700000000186 0.25152038037568314
1.7585700000000186 0.21310615761657412
1.7585700000000186 0.25150490131832565
1.7585700000000186 0.21311064261111645
1.7585700000000186 0.2514894123636043
1.7585700000000186 0.21311512806444544
1.7584700000000186 0.21303029736331944
1.7584700000000186 0.25187808474084183
1.7584700000000186 0.21304207916757514
1.7584700000000186 0.2518369045036254
1.7584700000000186 0.21305386405246995
1.7584700000000186 0.25188502835993093
1.7584700000000186 0.21304009041581626
1.7584700000000186 0.25184385973477386
1.7583700000000186 0.2521670608096249
1.7583700000000186 0.212974888333936
1.7583700000000186 0.25218343553088074
1.7583700000000186 0.2129702663539973
1.7583700000000186 0.2521997996311611
1.7583700000000186 0.2129656448357138
1.7583700000000186 0.25221615309077905
1.7583700000000186 0.21298670532695033
1.7582700000000187 0.2525335495921312
1.7582700000000187 0.21291433742836768
1.7582700000000187 0.25260233845567376
1.7582700000000187 0.21292093223101383
1.7582700000000187 0.25257875214247943
1.7582700000000187 0.21290171823887963
1.7582700000000187 0.25255514396856565
1.7581700000000187 0.2128408932558602
1.7581700000000187 0.25298022303409395
1.7581700000000187 0.2128349290070544
1.7581700000000187 0.25290793645891113
1.7581700000000187 0.21285489338006724
1.7581700000000187 0.25292955592765043
1.7581700000000187 0.2128489274223212
1.7580700000000187 0.25329528242497296
1.7580700000000187 0.21279528922161597
1.7580700000000187 0.25335575395181564
1.7580700000000187 0.21277876983042143
1.7580700000000187 0.25332087213657933
1.7580700000000187 0.21278830270738439
1.7580700000000187 0.25328594384955716
1.7579700000000187 0.21271027897689088
1.7579700000000187 0.25368827538204636
1.7579700000000187 0.21271148644498766
1.7579700000000187 0.25368380126985923
1.7579700000000187 0.21271269394144982
1.7579700000000187 0.2536793264062552
1.7579700000000187 0.2127139014662701
1.7578700000000187 0.25405501487828647
1.7578700000000187 0.21266432169029123
1.7578700000000187 0.2540733845265698
1.7578700000000187 0.21265941831798277
1.7578700000000187 0.25409174166274445
1.7578700000000187 0.21265451540062347
1.7578700000000187 0.25401159257367856
1.7577700000000187 0.212591050139269
1.7577700000000187 0.2544667208321201
1.7577700000000187 0.2126087638930061
1.7577700000000187 0.2543995824726022
1.7577700000000187 0.21260007521678162
1.7577700000000187 0.25443253194293475
1.7577700000000187 0.21259138793293716
1.7576700000000187 0.25476268812097025
1.7576700000000187 0.2125341690266746
1.7576700000000187 0.2548011739111345
1.7576700000000187 0.2125506553110231
1.7576700000000187 0.25483960660141947
1.7576700000000187 0.2125406251373116
1.7576700000000187 0.2547764042074558
1.7576700000000187 0.21253059677330302
1.7575700000000187 0.255215365168036
1.7575700000000187 0.2124751559092362
1.7575700000000187 0.25514624346356835
1.7575700000000187 0.21249297909439516
1.7575700000000187 0.2551804095136733
1.7575700000000187 0.21248417405628253
1.7575700000000187 0.255214534294567
1.7574700000000187 0.21242310901725622
1.7574700000000187 0.2555713714324219
1.7574700000000187 0.21241822658766277
1.7574700000000187 0.25559051126484456
1.7574700000000187 0.21244008219804947
1.7574700000000187 0.2555047470309494
1.7574700000000187 0.21243519835006136
1.7573700000000188 0.2558889042517891
1.7573700000000188 0.21237444506726186
1.7573700000000188 0.25598800206255273
1.7573700000000188 0.21237631658854078
1.7573700000000188 0.25598058840292287
1.7573700000000188 0.2123781881682899
1.7573700000000188 0.25597317283948434
1.7572700000000188 0.2123274122990698
1.7572700000000188 0.2562945577265454
1.7572700000000188 0.21231206083498766
1.7572700000000188 0.25635615650147975
1.7572700000000188 0.21232366461160818
1.7572700000000188 0.25630960601179614
1.7572700000000188 0.21230831408585096
1.7571700000000188 0.2566875735080957
1.7571700000000188 0.21225671788375128
1.7571700000000188 0.2566981057589996
1.7571700000000188 0.2122541248241443
1.7571700000000188 0.2567086343129272
1.7571700000000188 0.2122785932015173
1.7571700000000188 0.25671915916573346
1.7570700000000188 0.21220600888496405
1.7570700000000188 0.2571340821712653
1.7570700000000188 0.2122194692928179
1.7570700000000188 0.257078838049641
1.7570700000000188 0.2122057633411517
1.7570700000000188 0.2571350891025046
1.7570700000000188 0.21221922369757926
1.7569700000000188 0.25744735466079144
1.7569700000000188 0.21216434459110664
1.7569700000000188 0.2575368563982946
1.7569700000000188 0.21217005947013953
1.7569700000000188 0.25751315517356044
1.7569700000000188 0.21214850431695786
1.7569700000000188 0.2574894356310784
1.7568700000000188 0.2121027989444061
1.7568700000000188 0.25791153834528097
1.7568700000000188 0.2121042182656274
1.7568700000000188 0.2579055809275645
1.7568700000000188 0.21210563761682086
1.7568700000000188 0.2578996223703013
1.7568700000000188 0.2121070569979755
1.7567700000000188 0.2583630698895912
1.7567700000000188 0.21205175526052933
1.7567700000000188 0.25835977012235845
1.7567700000000188 0.21205253378048028
1.7567700000000188 0.258356470007335
1.7567700000000188 0.21205331230924793
1.7567700000000188 0.25835316954465654
1.7566700000000188 0.2119981593641731
1.7566700000000188 0.2587044685302742
1.7566700000000188 0.21200216814057032
1.7566700000000188 0.2586872431568069
1.7566700000000188 0.21200617714570522
1.7566700000000188 0.2586700085541658
1.7566700000000188 0.21201018637940747
1.7565700000000188 0.25911043650480686
1.7565700000000188 0.21196952668990188
1.7565700000000188 0.2591813018045151
1.7565700000000188 0.2119531994825712
1.7565700000000188 0.2591320738369181
1.7565700000000188 0.2119645448929367
1.7565700000000188 0.259082771028789
1.7564700000000188 0.21190138245431708
1.7564700000000188 0.25959248620238073
1.7564700000000188 0.21189665296731688
1.7564700000000188 0.25949126922735377
1.7564700000000188 0.2119196921358018
1.7564700000000188 0.2595120750368693
1.7564700000000188 0.2119149614696541
1.7563700000000189 0.2600153383400571
1.7563700000000189 0.2118702268977247
1.7563700000000189 0.2599642780710125
1.7563700000000189 0.2118538590040279
1.7563700000000189 0.25991313952346756
1.7563700000000189 0.21186535775815926
1.7563700000000189 0.259985906728965
1.7562700000000189 0.21181613601516056
1.7562700000000189 0.2604397763123484
1.7562700000000189 0.21182083205704066
1.7562700000000189 0.2604186907545046
1.7562700000000189 0.21182552838622856
1.7562700000000189 0.2603975919825118
1.7562700000000189 0.21180226117431528
1.7561700000000189 0.2608985737428168
1.7561700000000189 0.21176926150337205
1.7561700000000189 0.2608851517610102
1.7561700000000189 0.21177221876068533
1.7561700000000189 0.2608717244706932
1.7561700000000189 0.21177517612962105
1.7561700000000189 0.2608582918790098
1.756070000000019 0.21172603965997963
1.756070000000019 0.261315271769831
1.756070000000019 0.21173268175919222
1.756070000000019 0.2612847446120192
1.756070000000019 0.21171116963053402
1.756070000000019 0.26125419052500715
1.756070000000019 0.21171781049387367
1.755970000000019 0.26171583811890553
1.755970000000019 0.21167720491468955
1.755970000000019 0.26177214162278845
1.755970000000019 0.21166510060956534
1.755970000000019 0.2616970378346346
1.755970000000019 0.2116812427405436
1.755970000000019 0.2617533714833289
1.755870000000019 0.21163556373772932
1.755870000000019 0.26219591018217325
1.755870000000019 0.21163911864910742
1.755870000000019 0.26217917420657255
1.755870000000019 0.21161433310716452
1.755870000000019 0.26216243036397313
1.755870000000019 0.2116178871111487
1.755770000000019 0.2626168857044723
1.755770000000019 0.21159187421482956
1.755770000000019 0.26262873386591207
1.755770000000019 0.21158938942748953
1.755770000000019 0.26264057814423236
1.755770000000019 0.21158690471112587
1.755670000000019 0.26315448996551444
1.755670000000019 0.21152724150740262
1.755670000000019 0.263161403159612
1.755670000000019 0.21152580691233525
1.755670000000019 0.26316831512144906
1.755670000000019 0.21152437236210153
1.755670000000019 0.26317522569535917
1.755570000000019 0.21149525999332508
1.755570000000019 0.263674863869383
1.755570000000019 0.21150257037795306
1.755570000000019 0.2636392249500043
1.755570000000019 0.21148126167193892
1.755570000000019 0.26360355179272954
1.755570000000019 0.21148857089039133
1.755470000000019 0.26417937681301357
1.755470000000019 0.21143212398879505
1.755470000000019 0.26420047029024896
1.755470000000019 0.2114565564298923
1.755470000000019 0.2640798280605409
1.755470000000019 0.2114522783983337
1.755470000000019 0.2641009777588329
1.755370000000019 0.21139624910625276
1.755370000000019 0.2645883024338258
1.755370000000019 0.21138935662746253
1.755370000000019 0.2646228051343279
1.755370000000019 0.21141126617747388
1.755370000000019 0.2646572763209305
1.755370000000019 0.21140437257701478
1.755270000000019 0.26513330116792977
1.755270000000019 0.21135737433060517
1.755270000000019 0.2651315078090136
1.755270000000019 0.21135772813655623
1.755270000000019 0.26512971445859806
1.755270000000019 0.21135808196640518
1.755170000000019 0.265742151498321
1.755170000000019 0.21132333747579196
1.755170000000019 0.26564727371085844
1.755170000000019 0.21131283997215772
1.755170000000019 0.2657011596637586
1.755170000000019 0.21130234362043235
1.755170000000019 0.2657549711973049
1.755070000000019 0.21127645678175153
1.755070000000019 0.2662249990973011
1.755070000000019 0.2112670117235443
1.755070000000019 0.26627409708249533
1.755070000000019 0.2112575675829269
1.755070000000019 0.2663231339441387
1.755070000000019 0.2112772051515599
1.754970000000019 0.2668014988451375
1.754970000000019 0.2112045946285696
1.754970000000019 0.2669291559638834
1.754970000000019 0.2112095149494256
1.754970000000019 0.26690328953446574
1.754970000000019 0.2112144355150761
1.754870000000019 0.26751623448665385
1.754870000000019 0.21115898848412987
1.754870000000019 0.2674895330684861
1.754870000000019 0.21116399730944932
1.754870000000019 0.2674628139170811
1.754870000000019 0.21116900638354
1.754870000000019 0.26743607707647715
1.754770000000019 0.21112819751221576
1.754770000000019 0.2681182350970026
1.754770000000019 0.21112075993438678
1.754770000000019 0.26815842758444086
1.754770000000019 0.21111332289398776
1.754770000000019 0.26803980228173313
1.754670000000019 0.2110885929003301
1.754670000000019 0.2687846444802814
1.754670000000019 0.21108783318550983
1.754670000000019 0.2687888095900508
1.754670000000019 0.21108707347616273
1.754670000000019 0.2687929742790296
1.754670000000019 0.21108631377231593
1.754570000000019 0.2694479295410329
1.754570000000019 0.21101610846697144
1.754570000000019 0.2694558244055221
1.754570000000019 0.21101469080278976
1.754570000000019 0.26946371778337536
1.754570000000019 0.21104284204260906
1.754470000000019 0.27015805131797344
1.754470000000019 0.21098817587803492
1.754470000000019 0.27019058815891783
1.754470000000019 0.21098242257233032
1.754470000000019 0.27022310009273565
1.754470000000019 0.21097666956869748
1.754370000000019 0.2709818390311283
1.754370000000019 0.2109375616119819
1.754370000000019 0.271032841004576
1.754370000000019 0.21092867607532947
1.754370000000019 0.27091278223496734
1.754370000000019 0.21091979124399693
1.754370000000019 0.27096386603546796
1.754270000000019 0.21086383341821835
1.754270000000019 0.2718066694315237
1.754270000000019 0.21085972947794282
1.754270000000019 0.2718306477750646
1.754270000000019 0.2108855239631794
1.754270000000019 0.27185461292796653
1.754170000000019 0.21081366192234677
1.754170000000019 0.2727507944993984
1.754170000000019 0.210831854119588
1.754170000000019 0.2728210879033635
1.754170000000019 0.2108200225432915
1.754170000000019 0.27271295570073245
1.7540700000000191 0.21075410867558914
1.7540700000000191 0.2736929899928821
1.7540700000000191 0.21076630126988724
1.7540700000000191 0.27380195721157785
1.7540700000000191 0.2107483379612758
1.7540700000000191 0.27372802625439546
1.7539700000000191 0.2748624743382671
1.7539700000000191 0.21070392941667973
1.7539700000000191 0.27485856730694846
1.7539700000000191 0.21070455924742276
1.7539700000000191 0.2748546599436707
1.7539700000000191 0.21067488518179914
1.7538700000000191 0.2762644526708111
1.7538700000000191 0.21061845491241843
1.7538700000000191 0.2762962128633905
1.7538700000000191 0.2106134543702664
1.7538700000000191 0.2763279513295882
1.7538700000000191 0.2106084540237052
1.7537700000000191 0.27815836992067583
1.7537700000000191 0.21051442528055642
1.7537700000000191 0.2781808185872664
1.7537700000000191 0.21051098467705248
1.7537700000000191 0.2780027472688571
1.7537700000000191 0.21050754416263026
1.7536700000000192 0.21039882027148504
1.7536700000000192 0.28085959965332513
1.7536700000000192 0.21038620638324307
1.7536700000000192 0.28073414430410665
1.7536700000000192 0.21040460255984952
1.7536700000000192 0.28082020357471676
1.7535700000000192 0.2092979799346719
1.7535700000000192 0.31775042857646457
1.7535700000000192 0.2093060563102767
1.7535700000000192 0.31766404150794475
1.7535700000000192 0.20928056316374222
1.7534700000000192 0.3133204164343686
1.7534700000000192 0.20916921063867241
1.7534700000000192 0.3280190033210556
1.7534700000000192 0.2093999483908615
1.7534700000000192 0.3131868816197765
1.7533700000000192 0.20947851572665874
1.7533700000000192 0.3093065143256297
1.7533700000000192 0.20907259173442524
1.7533700000000192 0.33718600636907514
1.7533700000000192 0.20946450154697607
1.7532700000000192 0.20898936637974708
1.7532700000000192 0.3516854847626572
1.7532700000000192 0.20947570298166915
1.7532700000000192 0.309558518436578
1.7532700000000192 0.20900143172469293
