1.6004999999998792 0.0002494968756829706
1.6009999999998792 0.0004998021341488151
1.6014999999998791 0.0007476995008868575
1.601999999999879 0.000996081253938565
1.602499999999879 0.001249775080344782
1.602999999999879 0.001494584294180388
1.603499999999879 0.0017450747010690716
1.6039999999998789 0.001997292014152618
1.6044999999998788 0.002249766638856385
1.6049999999998787 0.0024939440906564603
1.6054999999998787 0.002742759629256425
1.6059999999998786 0.002992497866310179
1.6064999999998786 0.0032390568318867484
1.6069999999998785 0.0034921668342073396
1.6074999999998785 0.003735082537300079
1.6079999999998784 0.0039953042211158946
1.6084999999998784 0.004239566726635881
1.6089999999998783 0.004499179585588952
1.6094999999998783 0.004736549189172868
1.6099999999998782 0.004986867175480494
1.6104999999998781 0.005229599618534518
1.610999999999878 0.005484585618723098
1.611499999999878 0.005729178138072787
1.611999999999878 0.0059851313274820695
1.612499999999878 0.006227695983635736
1.6129999999998779 0.006480561893792641
1.6134999999998778 0.006744165332109321
1.6139999999998778 0.006990627411647896
1.6144999999998777 0.007246591616283539
1.6149999999998776 0.007482139287678722
1.6154999999998776 0.0077258757502431516
1.6159999999998775 0.007978083526731251
1.6164999999998775 0.008239052116491565
1.6169999999998774 0.008474902933068983
1.6174999999998774 0.008718090331370335
1.6179999999998773 0.008968838981207226
1.6184999999998773 0.009227377904729698
1.6189999999998772 0.009493940211963514
1.6194999999998771 0.00972977074866892
1.619999999999877 0.00997212135898688
1.620499999999877 0.010221167599341574
1.620999999999877 0.010477087483248564
1.621499999999877 0.01074006124051956
1.6219999999998769 0.01096666899793053
1.6224999999998768 0.01124328765390334
1.6229999999998768 0.01148201389641647
1.6234999999998767 0.011726584581141192
1.6239999999998767 0.01197713574143947
1.6244999999998766 0.012233804434904974
1.6249999999998765 0.012496728523116181
1.6254999999998765 0.012716199176391477
1.6259999999998764 0.012991099570149161
1.6264999999998764 0.013221074580243705
1.6269999999998763 0.013456074202941492
1.6274999999998763 0.013749387159845791
1.6279999999998762 0.01399556267934142
1.6284999999998762 0.014247083325861316
1.628999999999876 0.014448387961727382
1.629499999999876 0.01471006368888018
1.629999999999876 0.014977385122646455
1.630499999999876 0.015192413348850657
1.6309999999998759 0.015470462151569914
1.6314999999998758 0.01569484994948687
1.6319999999998758 0.015983997559650465
1.6324999999998757 0.01621808437759362
1.6329999999998757 0.01645679091834746
1.6334999999998756 0.016700193705434154
1.6339999999998756 0.016948368509067228
1.6344999999998755 0.017201390168220223
1.6349999999998754 0.0174593324029579
1.6354999999998754 0.01772226761705632
1.6359999999998753 0.017990266691011347
1.6364999999998753 0.01819656180742728
1.6369999999998752 0.018474146025447346
1.6374999999998752 0.018688842223456084
1.6379999999998751 0.018976260153551822
1.638499999999875 0.019199585658770228
1.638999999999875 0.01949707093329544
1.639499999999875 0.019729240316479886
1.639999999999875 0.01996561704571224
1.6404999999998748 0.020206246239291806
1.6409999999998748 0.020451170948681117
1.6414999999998747 0.02070043197294709
1.6419999999998747 0.0209540676682561
1.6424999999998746 0.021212113752929772
1.6429999999998746 0.021474603108617474
1.6434999999998745 0.02174156557822136
1.6439999999998745 0.021937120389099042
1.6444999999998744 0.022212517407837192
1.6449999999998743 0.022492458011763212
1.6454999999998743 0.022699456667411688
1.6459999999998742 0.022987943735477905
1.6464999999998742 0.023202506070246463
1.6469999999998741 0.023499579571311262
1.647499999999874 0.02372173362554465
1.647999999999874 0.023947474899888743
1.648499999999874 0.024176799865866173
1.648999999999874 0.02449046760505727
1.6494999999998738 0.024727353104237182
1.6499999999998738 0.024967788601601894
1.6504999999998737 0.025211755174821642
1.6509999999998737 0.02545922981099555
1.6514999999998736 0.025710185294342283
1.6519999999998736 0.025964590103074774
1.6524999999998735 0.026222408316534357
1.6529999999998735 0.026483599533660956
1.6534999999998734 0.02674811880384337
1.6539999999998733 0.02693106221407622
1.6544999999998733 0.02720169306701112
1.6549999999998732 0.027475493910593164
1.6554999999998732 0.027666512305188875
1.6559999999998731 0.02794607974937717
1.656499999999873 0.028228619046595748
1.656999999999873 0.028427161640603868
1.657499999999873 0.02871504542295669
1.657999999999873 0.028918163005731856
1.6584999999998729 0.02921107158115634
1.6589999999998728 0.02941844501699672
1.6594999999998727 0.029716027596196695
1.6599999999998727 0.029927309604779167
1.6604999999998726 0.03022918628649999
1.6609999999998726 0.03044400362219885
1.6614999999998725 0.030749767969566064
1.6619999999998725 0.030967724168086148
1.6624999999998724 0.031186989659110598
1.6629999999998724 0.03149762503531718
1.6634999999998723 0.0317194036008594
1.6639999999998722 0.03194217708565091
1.6644999999998722 0.0321658394065243
1.6649999999998721 0.03248130744253596
1.665499999999872 0.03270660735130024
1.665999999999872 0.032932469055234045
1.666499999999872 0.03315878473753277
1.666999999999872 0.033477238624578236
1.6674999999998719 0.033704299325309814
1.6679999999998718 0.0339314885272341
1.6684999999998718 0.034158701587529504
1.6689999999998717 0.034478293917340766
1.6694999999998716 0.034705382260088576
1.6699999999998716 0.03493218567123905
1.6704999999998715 0.03515860768342811
1.6709999999998715 0.03547757333824689
1.6714999999998714 0.0357030643521845
1.6719999999998714 0.03592789662605348
1.6724999999998713 0.036245365664619306
1.6729999999998713 0.036468723434306786
1.6734999999998712 0.03669117745485376
1.6739999999998711 0.036912656391874486
1.674499999999871 0.03722683736073511
1.674999999999871 0.03744623441455462
1.675499999999871 0.03766446419709118
1.675999999999871 0.03797542736811235
1.6764999999998709 0.03819121519596502
1.6769999999998708 0.03849975462196037
1.6774999999998708 0.03871290751355636
1.6779999999998707 0.0389246725983883
1.6784999999998707 0.03922918824498589
1.6789999999998706 0.039438117155763126
1.6794999999998705 0.03973979266145519
1.6799999999998705 0.03994580198228658
1.6804999999998704 0.04024454512514622
1.6809999999998704 0.04044759581725746
1.6814999999998703 0.040743358824076766
1.6819999999998703 0.040943455682002965
1.6824999999998702 0.04123623441177418
1.6829999999998702 0.04143342501462178
1.68349999999987 0.041723257655627004
1.68399999999987 0.041917630869927815
1.68449999999987 0.04220459621128784
1.68499999999987 0.04249013544903436
1.6854999999998699 0.04268049564861476
1.6859999999998698 0.042963349060418494
1.6864999999998698 0.04324487462911004
1.6869999999998697 0.04343161301035815
1.6874999999998697 0.04371071272453613
1.6879999999998696 0.04398861997409343
1.6884999999998695 0.04417223810673306
1.6889999999998695 0.04444804862369695
1.6894999999998694 0.044722834276868864
1.6899999999998694 0.044996654286833894
1.6904999999998693 0.04517700704203971
1.6909999999998693 0.04544925416088426
1.6914999999998692 0.04572073828329224
1.6919999999998692 0.045991528812572076
1.692499999999869 0.046169844642402515
1.692999999999869 0.0464396673126321
1.693499999999869 0.046709025009279856
1.693999999999869 0.046977994324376236
1.6944999999998689 0.04724665319894098
1.6949999999998688 0.04742430458155057
1.6954999999998688 0.04769282615445825
1.6959999999998687 0.04796128619510692
1.6964999999998687 0.0482297663369772
1.6969999999998686 0.048498348729219404
1.6974999999998686 0.04867762222532969
1.6979999999998685 0.04894694467067193
1.6984999999998684 0.049216626159937424
1.6989999999998684 0.04948674940031439
1.6994999999998683 0.04966907258306656
1.6999999999998683 0.04994064849664822
1.7004999999998682 0.05021292127303311
1.7009999999998682 0.050485971938925504
1.7014999999998681 0.05067285993935071
1.701999999999868 0.05094806310556798
1.702499999999868 0.051224291211152316
1.702999999999868 0.05141565752252627
1.703499999999868 0.05169454907646583
1.7039999999998678 0.05197470275402326
1.7044999999998678 0.05217136095284837
1.7049999999998677 0.052454666424807055
1.7054999999998677 0.052739458278653055
1.7059999999998676 0.052942184222951195
1.7064999999998676 0.0532305876095817
1.7069999999998675 0.05343790017122528
1.7074999999998675 0.05373020868210117
1.7079999999998674 0.05394242722996858
1.7084999999998673 0.05423891756314895
1.7089999999998673 0.054456343900181524
1.7094999999998672 0.054676701786685725
1.7099999999998672 0.05498019087368446
1.7104999999998671 0.05520618098282548
1.710999999999867 0.05543531552454073
1.711499999999867 0.05574634049770975
1.711999999999867 0.05598148260489493
1.712499999999867 0.05621995603154811
1.7129999999998669 0.056461819534696187
1.7134999999998668 0.056707128523056684
1.7139999999998667 0.056955934937044025
1.7144999999998667 0.0572082871287329
1.7149999999998666 0.057464229742000494
1.7154999999998666 0.057723803593131354
1.7159999999998665 0.05798704555218269
1.7164999999998665 0.058180507460210244
1.7169999999998664 0.058451744074904353
1.7174999999998664 0.058726742354082484
1.7179999999998663 0.058933708601153253
1.7184999999998662 0.05921687249602344
1.7189999999998662 0.0594331718767793
1.7194999999998661 0.05972457352193745
1.719999999999866 0.05995028862624787
1.720499999999866 0.060249959990319714
1.720999999999866 0.0604851311958997
1.721499999999866 0.06072532367245652
1.7219999999998659 0.06097053769571677
1.7224999999998658 0.061220767417623397
1.7229999999998658 0.061476000724722354
1.7234999999998657 0.06173621910482304
1.7239999999998656 0.0619366345596372
1.7244999999998656 0.06220736481477276
1.7249999999998655 0.06248299080884031
1.7254999999998655 0.06270054821438782
1.7259999999998654 0.0629864627209155
1.7264999999998654 0.06321544534204475
1.7269999999998653 0.06345036391540454
1.7274999999998653 0.06369115915123968
1.7279999999998652 0.06399759609178682
1.7284999999998651 0.06424930895109296
1.728999999999865 0.0644480854909004
1.729499999999865 0.06471162551969246
1.729999999999865 0.06498061871318721
1.730499999999865 0.06519824620557685
1.7309999999998649 0.0654784499266393
1.7314999999998648 0.06570829792459619
1.7319999999998648 0.06599921445348397
1.7324999999998647 0.06624076196547395
1.7329999999998646 0.0664882505219322
1.7334999999998646 0.06674152523787118
1.7339999999998645 0.06694805906555076
1.7344999999998645 0.06721302969090884
1.7349999999998644 0.0674832695875371
1.7354999999998644 0.06770807068717045
1.7359999999998643 0.06798889899127894
1.7364999999998643 0.06822510986242082
1.7369999999998642 0.06846701053628867
1.7374999999998642 0.06871438201060961
1.737999999999864 0.06896699827419246
1.738499999999864 0.06922462704823612
1.738999999999864 0.06948703058431623
1.739499999999864 0.06970822601385766
1.7399999999998639 0.06998004052433332
1.7404999999998638 0.0702113100033084
1.7409999999998638 0.0704915308633439
1.7414999999998637 0.07073185275091017
1.7419999999998637 0.07097659556780495
1.7424999999998636 0.07122549926245371
1.7429999999998635 0.07147830491511252
1.7434999999998635 0.07173475591273805
1.7439999999998634 0.07199459912012468
1.7444999999998634 0.07221748066734024
1.7449999999998633 0.07248391447962596
1.7454999999998633 0.072713979784902
1.7459999999998632 0.07298604742990668
1.7464999999998632 0.07322235880968364
1.746999999999863 0.07349916912309437
1.747499999999863 0.0737408615799502
1.747999999999863 0.07398520526154492
1.748499999999863 0.0742320149749221
1.7489999999998629 0.07448111823665819
1.7494999999998628 0.07473235582004692
1.7499999999998628 0.07498558217682987
1.7504999999998627 0.07524066572889254
1.7509999999998627 0.07549748902704827
1.7514999999998626 0.0757230941108149
1.7519999999998626 0.07598359962423763
1.7524999999998625 0.07624557489325198
1.7529999999998624 0.07647759317556478
1.7529999999998624 0.07668697180959798
1.7529999999998624 0.07647281583676596
1.7529999999998624 0.07656325392760406
1.7534999999998624 0.07674282878795494
1.7534999999998624 0.07677716379415807
1.7534999999998624 0.07672929564981198
1.7534999999998624 0.07679669464177864
1.7534999999998624 0.07672696303359984
1.7539999999998623 0.07697900720948533
1.7539999999998623 0.07708921684224543
1.7539999999998623 0.07699202387871219
1.7539999999998623 0.07704336507535246
1.7539999999998623 0.07697608549135442
1.7544999999998623 0.07724734986345545
1.7544999999998623 0.07727554609229119
1.7544999999998623 0.07723472497822392
1.7544999999998623 0.07726911365799824
1.7544999999998623 0.07723409054206153
1.7549999999998622 0.0774875781398475
1.7549999999998622 0.07754305922114782
1.7549999999998622 0.07748052916090724
1.7549999999998622 0.07754697516557427
1.7549999999998622 0.07748119554319276
1.7549999999998622 0.07762382623180487
1.7554999999998622 0.07773006298694238
1.7554999999998622 0.07780941417041567
1.7554999999998622 0.0777498975283627
1.7554999999998622 0.07784668026997583
1.7554999999998622 0.07774876235208376
1.7554999999998622 0.07776126479091808
1.7559999999998621 0.07797480661022207
1.7559999999998621 0.07805929007435622
1.7559999999998621 0.07799175935443442
1.7559999999998621 0.07809446578985019
1.7559999999998621 0.07798990998062212
1.7559999999998621 0.07800354513142142
1.756499999999862 0.0782497361200716
1.756499999999862 0.07831916823181717
1.756499999999862 0.07823880085798167
1.756499999999862 0.07829145618810338
1.756499999999862 0.0782235034286747
1.756499999999862 0.07826001378981216
1.756999999999862 0.07849854174724327
1.756999999999862 0.0785365792689522
1.756999999999862 0.07847210539590682
1.756999999999862 0.07853525431526168
1.756999999999862 0.07847496334528394
1.756999999999862 0.07853174437922696
1.757499999999862 0.07874965474786565
1.757499999999862 0.07879585069133521
1.757499999999862 0.0787264605848285
1.757499999999862 0.07882167827582548
1.757499999999862 0.07874475824338285
1.757499999999862 0.07882355567676524
1.757999999999862 0.07897665915108447
1.757999999999862 0.07906337712108032
1.757999999999862 0.07898510242260771
1.757999999999862 0.07907188584609534
1.757999999999862 0.0789903846527308
1.757999999999862 0.07902652451540408
1.7584999999998618 0.07923295808774532
1.7584999999998618 0.07930347404981648
1.7584999999998618 0.07922611614138002
1.7584999999998618 0.07925281922709976
1.7584999999998618 0.0792255895105234
1.7584999999998618 0.07932633799724559
1.7589999999998618 0.07949164793605619
1.7589999999998618 0.07954430385346022
1.7589999999998618 0.07947216408885326
1.7589999999998618 0.07954919390234177
1.7589999999998618 0.0794976002962838
1.7589999999998618 0.07951757414479149
1.7594999999998617 0.07972779603131475
1.7594999999998617 0.07980144886449049
1.7594999999998617 0.07972631764450282
1.7594999999998617 0.0797533957508229
1.7594999999998617 0.07974765165596719
1.7594999999998617 0.0797800714037745
1.7599999999998617 0.07999184378959917
1.7599999999998617 0.08003086723612236
1.7599999999998617 0.07999731714500745
1.7599999999998617 0.08002737726380686
1.7599999999998617 0.07998870576606279
1.7599999999998617 0.08005577177123237
1.7604999999998616 0.08023438847163647
1.7604999999998616 0.08029494609385855
1.7604999999998616 0.08024557752927483
1.7604999999998616 0.08026254790009743
1.7604999999998616 0.0802279035442751
1.7604999999998616 0.08029658788253083
1.7609999999998616 0.08048041035289123
1.7609999999998616 0.08050320641748995
1.7609999999998616 0.0804890056113227
1.7609999999998616 0.08053356892942089
1.7609999999998616 0.08049579340569044
1.7609999999998616 0.08052193731008835
1.7614999999998615 0.0807299209350995
1.7614999999998615 0.08075517502180336
1.7614999999998615 0.08074511067571255
1.7614999999998615 0.08075692020023494
1.7614999999998615 0.08074691712466658
1.7614999999998615 0.08079235705491951
1.7619999999998615 0.08098292395607325
1.7619999999998615 0.08100708206036841
1.7619999999998615 0.08098495516957309
1.7619999999998615 0.0810354003141938
1.7619999999998615 0.08099111241343525
1.7619999999998615 0.0810271508266642
1.7619999999998615 0.0809959152643697
1.7624999999998614 0.08123941425924895
1.7624999999998614 0.08126165222966183
1.7624999999998614 0.0812497653559527
1.7624999999998614 0.08125744730636443
1.7624999999998614 0.08123867933658017
1.7624999999998614 0.08125036970032568
1.7624999999998614 0.08124892966413484
1.7629999999998613 0.08149937677929887
1.7629999999998613 0.08152043316414367
1.7629999999998613 0.08149265100103709
1.7629999999998613 0.08150937974790662
1.7629999999998613 0.08149919807284174
1.7629999999998613 0.0815080647522793
1.7629999999998613 0.08149731405571391
1.7634999999998613 0.08174178008403736
1.7634999999998613 0.08175258992556433
1.7634999999998613 0.08173397317176662
1.7634999999998613 0.0817605953826094
1.7634999999998613 0.08174464330430063
1.7634999999998613 0.08177228424146066
1.7634999999998613 0.08174731268926318
1.7639999999998612 0.08198857394789852
1.7639999999998612 0.08202349951493329
1.7639999999998612 0.08199061927007621
1.7639999999998612 0.08201579458994208
1.7639999999998612 0.08198945436688072
1.7639999999998612 0.08200402962050812
1.7639999999998612 0.08198877892968467
1.7644999999998612 0.08223969768412985
1.7644999999998612 0.08227162414385236
1.7644999999998612 0.0822418590447812
1.7644999999998612 0.08225490656552899
1.7644999999998612 0.08224493866157125
1.7644999999998612 0.08226046908503952
1.7644999999998612 0.08224411364890145
1.7649999999998611 0.08249507559935143
1.7649999999998611 0.08250195508039064
1.7649999999998611 0.08248768749175991
1.7649999999998611 0.0825055827736172
1.7649999999998611 0.08249177424748082
1.7649999999998611 0.08250491946915747
1.7649999999998611 0.08249151201915497
1.765499999999861 0.08273559386627823
1.765499999999861 0.08276662959647124
1.765499999999861 0.08274345165382928
1.765499999999861 0.08276662300133689
1.765499999999861 0.08274240819888948
1.765499999999861 0.08275994892666505
1.765499999999861 0.08274012285472017
1.765999999999861 0.08299967231619552
1.765999999999861 0.08301468614707273
1.765999999999861 0.08299280209384603
1.765999999999861 0.0830045824567344
1.765999999999861 0.08299428289067919
1.765999999999861 0.08300057485390584
1.765999999999861 0.08299575928329546
1.766499999999861 0.08324962753516911
1.766499999999861 0.08327050539397277
1.766499999999861 0.08324967533131371
1.766499999999861 0.08325613079096453
1.766499999999861 0.0832459043823834
1.766499999999861 0.08325515383622267
1.766499999999861 0.08324627159613192
1.766999999999861 0.08348677356608294
1.766999999999861 0.0835132525778513
1.766999999999861 0.08348789904509005
1.766999999999861 0.08350564097501201
1.766999999999861 0.08349652743128397
1.766999999999861 0.08350254385411404
1.766999999999861 0.08349874765245498
1.7674999999998608 0.08374651951794262
1.7674999999998608 0.08376390080333931
1.7674999999998608 0.08374514189666599
1.7674999999998608 0.08375448373879472
1.7674999999998608 0.08374590547257914
1.7674999999998608 0.08375408233976503
1.7674999999998608 0.08374617093139225
1.7679999999998608 0.08399404812306219
1.7679999999998608 0.08400405277187142
1.7679999999998608 0.08399637817401752
1.7679999999998608 0.08400347606309905
1.7679999999998608 0.08399410035854811
1.7679999999998608 0.08400273356950408
1.7679999999998608 0.08399926379351204
1.7684999999998607 0.08424668226182738
1.7684999999998607 0.08425181101086711
1.7684999999998607 0.08424273203349615
1.7684999999998607 0.08425305225448142
1.7684999999998607 0.08424737336999472
1.7684999999998607 0.08425030344095577
1.7684999999998607 0.08424770378392592
1.7689999999998607 0.08448854815123404
1.7689999999998607 0.08450585039768249
1.7689999999998607 0.08449426419992347
1.7689999999998607 0.08450338979253498
1.7689999999998607 0.08449851786575167
1.7689999999998607 0.08450215992756394
1.7689999999998607 0.08449960496234898
1.7694999999998606 0.08473594650852945
1.7694999999998606 0.08475114339946987
1.7694999999998606 0.08474984734400796
1.7694999999998606 0.08475450074420321
1.7694999999998606 0.08474807494121375
1.7694999999998606 0.08475306703543677
1.7694999999998606 0.0847480932756378
1.7699999999998606 0.08498857192738032
1.7699999999998606 0.08500234423723661
1.7699999999998606 0.08499319254728183
1.7699999999998606 0.0850001496580471
1.7699999999998606 0.0849965377937087
1.7699999999998606 0.08500045403916184
1.7699999999998606 0.08499895649246005
1.7704999999998605 0.08524610522465914
1.7704999999998605 0.0852583331885135
1.7704999999998605 0.08524824544807336
1.7704999999998605 0.0852532038128607
1.7704999999998605 0.08524783610682173
1.7704999999998605 0.08525124396636125
1.7704999999998605 0.08524930429826912
1.7709999999998605 0.08549444826744633
1.7709999999998605 0.08550693837435235
1.7709999999998605 0.08549939190235963
1.7709999999998605 0.08550176317646987
1.7709999999998605 0.08549787389788634
1.7709999999998605 0.08550191109330588
1.7709999999998605 0.08549931647289039
1.7714999999998604 0.085747912377439
1.7714999999998604 0.08576002026071633
1.7714999999998604 0.08574751537031657
1.7714999999998604 0.085751604161328
1.7714999999998604 0.08574971208709432
1.7714999999998604 0.08575071286455818
1.7714999999998604 0.08574913479132268
1.7719999999998604 0.08599325269187727
1.7719999999998604 0.08600699890597877
1.7719999999998604 0.08599878587393511
1.7719999999998604 0.08600239512163005
1.7719999999998604 0.08599807265890726
1.7719999999998604 0.08600006423876118
1.7719999999998604 0.08599980439057969
1.7724999999998603 0.08624381421414912
1.7724999999998603 0.08625811296286201
1.7724999999998603 0.08624752273432712
1.7724999999998603 0.08625057147924549
1.7724999999998603 0.0862482000006772
1.7724999999998603 0.08625106173888966
1.7724999999998603 0.08624933682018682
1.7729999999998602 0.0864991717123741
1.7729999999998602 0.08650419391489855
1.7729999999998602 0.08649887346140106
1.7729999999998602 0.08650284362745861
1.7729999999998602 0.08649944757389781
1.7729999999998602 0.08650087373942478
1.7729999999998602 0.08649954438591802
1.7734999999998602 0.08674733915455866
1.7734999999998602 0.08675406198960883
1.7734999999998602 0.0867481008540714
1.7734999999998602 0.08675024557144606
1.7734999999998602 0.0867498980148233
1.7734999999998602 0.08675003617984664
1.7734999999998602 0.08674959212256736
1.7739999999998601 0.08698915148121557
1.7739999999998601 0.0870069691163899
1.7739999999998601 0.08699946843187242
1.7739999999998601 0.08700113261042243
1.7739999999998601 0.08699982076493398
1.7739999999998601 0.08700032184389273
1.7739999999998601 0.08699995015680492
1.77449999999986 0.08724681588174547
1.77449999999986 0.08725561342905822
1.77449999999986 0.08724905508901735
1.77449999999986 0.08725047390597085
1.77449999999986 0.08724942082847954
1.77449999999986 0.08725005964904789
1.77449999999986 0.08724979378790029
1.77499999999986 0.08749802906103527
1.77499999999986 0.08750090517912
1.77499999999986 0.087497340354397
1.77499999999986 0.08750051325155793
1.77499999999986 0.08749973002394669
1.77499999999986 0.08750047221793543
1.77499999999986 0.08749989838534854
1.77549999999986 0.08774354106111061
1.77549999999986 0.0877550136304649
1.77549999999986 0.08774745822966099
1.77549999999986 0.0877510250723582
1.77549999999986 0.08774970705543972
1.77549999999986 0.08775005327007866
1.77549999999986 0.08774992238913482
1.77599999999986 0.08799358373154116
1.77599999999986 0.08800026458744925
1.77599999999986 0.0879989267737148
1.77599999999986 0.08800055744232398
1.77599999999986 0.08799948499466773
1.77599999999986 0.08800017299193251
1.77599999999986 0.08799990330732528
1.7764999999998599 0.08824768744258804
1.7764999999998599 0.08825317789390537
1.7764999999998599 0.08824912936187658
1.7764999999998599 0.08825058089931116
1.7764999999998599 0.08824968937148761
1.7764999999998599 0.08825005794914088
1.7764999999998599 0.08824999071046112
1.7769999999998598 0.08849664849496976
1.7769999999998598 0.08850312198545927
1.7769999999998598 0.08849841224938489
1.7769999999998598 0.08850092674773857
1.7769999999998598 0.08849969046580734
1.7769999999998598 0.0885000383366039
1.7769999999998598 0.08849992276546392
1.7774999999998597 0.08874952445997189
1.7774999999998597 0.08875074362647506
1.7774999999998597 0.08874883889580348
1.7774999999998597 0.08875063962489621
1.7774999999998597 0.08874994353729919
1.7774999999998597 0.08875007222662595
1.7774999999998597 0.08874994238008597
1.7779999999998597 0.088997856816739
1.7779999999998597 0.089000380417286
1.7779999999998597 0.08899849397114169
1.7779999999998597 0.0890006706134598
1.7779999999998597 0.0889997065265429
1.7779999999998597 0.0890001307717356
1.7779999999998597 0.08899994205562416
1.7784999999998596 0.08924996487633394
1.7784999999998596 0.08925158197345405
1.7784999999998596 0.0892490337247778
1.7784999999998596 0.08925029232261748
1.7784999999998596 0.08924997684595176
1.7784999999998596 0.08925008584793533
1.7784999999998596 0.0892499793180144
1.7789999999998596 0.08949811479527933
1.7789999999998596 0.08950077008497521
1.7789999999998596 0.0894989348218903
1.7789999999998596 0.08950019732116873
1.7789999999998596 0.08949987878159149
1.7789999999998596 0.0895000789848005
1.7789999999998596 0.08949999349448987
1.7794999999998595 0.08974992054855165
1.7794999999998595 0.08975131525901214
1.7794999999998595 0.08974951545439076
1.7794999999998595 0.08975028378581673
1.7794999999998595 0.08974993228085885
1.7794999999998595 0.08975002201051283
1.7794999999998595 0.08974999516463801
1.7799999999998595 0.08999834725225703
1.7799999999998595 0.09000020007314967
1.7799999999998595 0.08999957506563024
1.7799999999998595 0.09000009506606026
1.7799999999998595 0.08999992351705044
1.7799999999998595 0.09000000100243168
1.7799999999998595 0.08999999105408445
1.7804999999998594 0.09024401422145223
1.7804999999998594 0.09025023749075155
1.7804999999998594 0.09024928617484539
1.7804999999998594 0.0902500672489532
1.7804999999998594 0.0902498827676959
1.7804999999998594 0.09025000013266275
1.7804999999998594 0.09024998520702607
1.7809999999998594 0.09049950689550593
1.7809999999998594 0.09050110682379635
1.7809999999998594 0.09049954841246335
1.7809999999998594 0.09050013565648629
1.7809999999998594 0.0904999263331561
1.7809999999998594 0.09050000892820549
1.7809999999998594 0.0904999918572416
1.7814999999998593 0.09074646615961374
1.7814999999998593 0.09075053151246013
1.7814999999998593 0.09074952182690482
1.7814999999998593 0.09075002394708528
1.7814999999998593 0.09074993526645772
1.7814999999998593 0.09075002080668554
1.7814999999998593 0.09074999403183405
1.7819999999998593 0.09099715580455338
1.7819999999998593 0.09100065360064229
1.7819999999998593 0.09099990078885224
1.7819999999998593 0.09100000078919367
1.7819999999998593 0.09099998923537853
1.7819999999998593 0.09100001143268727
1.7819999999998593 0.09099999414710178
1.7824999999998592 0.09124613578674862
1.7824999999998592 0.09125123441260881
1.7824999999998592 0.09124953432520644
1.7824999999998592 0.09125002761194932
1.7824999999998592 0.09124996171887852
1.7824999999998592 0.09125000883672937
1.7824999999998592 0.09124999855773538
1.7829999999998591 0.09149871488244418
1.7829999999998591 0.09150060508699541
1.7829999999998591 0.09149959103817483
1.7829999999998591 0.09150007712525343
1.7829999999998591 0.09149997683728917
1.7829999999998591 0.0915000093275615
1.7829999999998591 0.09149999669498417
1.783499999999859 0.09174552921331897
1.783499999999859 0.09175037532029616
1.783499999999859 0.09174993591332072
1.783499999999859 0.09175002137811847
1.783499999999859 0.09174998122132057
1.783499999999859 0.09175000155330751
1.783499999999859 0.09174999814963285
1.783999999999859 0.09199631663228593
1.783999999999859 0.09200038307388034
1.783999999999859 0.09199981174950293
1.783999999999859 0.09200008804603423
1.783999999999859 0.09199998075326116
1.783999999999859 0.0920000050607802
1.783999999999859 0.09199999876294224
1.784499999999859 0.09224671685674336
1.784499999999859 0.09225050032861586
1.784499999999859 0.09224996695848131
1.784499999999859 0.09225006521099813
1.784499999999859 0.0922499984525505
1.784499999999859 0.09225000220229784
1.784499999999859 0.09224999899472712
1.784999999999859 0.09249709946652619
1.784999999999859 0.09250063058116494
1.784999999999859 0.09249982890687682
1.784999999999859 0.09250005236495182
1.784999999999859 0.09249999266618686
1.784999999999859 0.09250000087348692
1.784999999999859 0.09249999908451143
1.7854999999998589 0.0927477780631964
1.7854999999998589 0.09275070605069068
1.7854999999998589 0.09274993035038465
1.7854999999998589 0.09275004341215942
1.7854999999998589 0.09274998896417916
1.7854999999998589 0.09275000031518654
1.7854999999998589 0.09274999982987238
1.7859999999998588 0.09299900606592638
1.7859999999998588 0.09300068457504167
1.7859999999998588 0.09299984651200748
1.7859999999998588 0.09300003514144879
1.7859999999998588 0.09299999617285046
1.7859999999998588 0.09300000011276383
1.7859999999998588 0.09299999968745595
1.7864999999998588 0.09324806813864475
1.7864999999998588 0.09325054621173795
1.7864999999998588 0.09324994716985419
1.7864999999998588 0.09325002628176411
1.7864999999998588 0.09324999392876415
1.7864999999998588 0.09325000005797095
1.7864999999998588 0.09324999994908409
1.7869999999998587 0.09349846993957325
1.7869999999998587 0.09350028959578813
1.7869999999998587 0.09349992472978935
1.7869999999998587 0.09350001675812765
1.7869999999998587 0.09349999831615195
1.7869999999998587 0.09350000005784442
1.7869999999998587 0.09349999983191139
1.7874999999998586 0.09374781201008067
1.7874999999998586 0.09375040135053524
1.7874999999998586 0.09374993563600958
1.7874999999998586 0.09375000712726995
1.7874999999998586 0.09374999736640252
1.7874999999998586 0.09375000007762632
1.7874999999998586 0.0937499999275396
1.7879999999998586 0.09399892711192981
1.7879999999998586 0.09400029897817051
1.7879999999998586 0.0939999693967855
1.7879999999998586 0.09400001262810614
1.7879999999998586 0.09399999997504582
1.7879999999998586 0.09400000010745266
1.7879999999998586 0.093999999961366
1.7884999999998585 0.09424969398110543
1.7884999999998585 0.09425003624600409
1.7884999999998585 0.09424995416262538
1.7884999999998585 0.09425000168909123
1.7884999999998585 0.09424999949798567
1.7884999999998585 0.09425000014488533
1.7884999999998585 0.09424999996474874
1.7889999999998585 0.09449875254589861
1.7889999999998585 0.09450025175147847
1.7889999999998585 0.09449996728641774
1.7889999999998585 0.09450000174923465
1.7889999999998585 0.09449999933119846
1.7889999999998585 0.09450000018734922
1.7889999999998585 0.09449999999631203
1.7894999999998584 0.09474857873479318
1.7894999999998584 0.0947502278264763
1.7894999999998584 0.09474999509297104
1.7894999999998584 0.09475000037060814
1.7894999999998584 0.09474999926873716
1.7894999999998584 0.09475000007211826
1.7894999999998584 0.09474999999569411
1.7899999999998584 0.09499932761227602
1.7899999999998584 0.09500005052599737
1.7899999999998584 0.09499999665960641
1.7899999999998584 0.09500000342212156
1.7899999999998584 0.0949999998934792
1.7899999999998584 0.09500000006147526
1.7904999999998583 0.09524983768438246
1.7904999999998583 0.09525012544624337
1.7904999999998583 0.09524998536912821
1.7904999999998583 0.09525000122527404
1.7904999999998583 0.0952499995795451
1.7904999999998583 0.0952500000300712
1.7909999999998583 0.09549951451682538
1.7909999999998583 0.09550006062087425
1.7909999999998583 0.0954999871862732
1.7909999999998583 0.09550000016487957
1.7909999999998583 0.09549999993337405
1.7909999999998583 0.09550000001580514
1.7914999999998582 0.09574911918129805
1.7914999999998582 0.0957500404509773
1.7914999999998582 0.09574999339914472
1.7914999999998582 0.09575000012572311
1.7914999999998582 0.09574999990718522
1.7914999999998582 0.09575000002170904
1.7919999999998582 0.09599992130750715
1.7919999999998582 0.09600005761622823
1.7919999999998582 0.09599999882831944
1.7919999999998582 0.09600000082313136
1.7919999999998582 0.09599999998875453
1.7919999999998582 0.09600000000732531
1.792499999999858 0.09624942543004357
1.792499999999858 0.0962500461784856
1.792499999999858 0.09624999395686258
1.792499999999858 0.0962500003593204
1.792499999999858 0.0962499999348676
1.792499999999858 0.09625000000077963
1.792999999999858 0.09649981858766163
1.792999999999858 0.09650000603425062
1.792999999999858 0.09649999972927452
1.792999999999858 0.09650000049140953
1.792999999999858 0.09649999998215664
1.792999999999858 0.0965000000040738
1.793499999999858 0.09674976202315286
1.793499999999858 0.09675000814760698
1.793499999999858 0.09674999937057367
1.793499999999858 0.09675000001408621
1.793499999999858 0.09674999997149619
1.793499999999858 0.09675000000241857
1.793999999999858 0.09699998536514154
1.793999999999858 0.097000016370197
1.793999999999858 0.09699999845851986
1.793999999999858 0.09700000019437961
1.793999999999858 0.0969999999864999
1.793999999999858 0.09700000000127026
1.7944999999998579 0.09724985543875612
1.7944999999998579 0.097250013378311
1.7944999999998579 0.09724999941450765
1.7944999999998579 0.09725000000663304
1.7944999999998579 0.09724999999759973
1.7944999999998579 0.09725000000028465
1.7949999999998578 0.09749999496219994
1.7949999999998578 0.09750001099771134
1.7949999999998578 0.09749999945787755
1.7949999999998578 0.09750000008310336
1.7949999999998578 0.09749999999525555
1.7949999999998578 0.09750000000010807
1.7954999999998578 0.0977499953552059
1.7954999999998578 0.0977500050325643
1.7954999999998578 0.0977499998448009
1.7954999999998578 0.09775000004111299
1.7954999999998578 0.09774999999595636
1.7954999999998578 0.09775000000004265
1.7959999999998577 0.09799999992974323
1.7959999999998577 0.09800000002650039
1.7959999999998577 0.0979999999992842
1.7959999999998577 0.0980000000001012
1.7964999999998577 0.09824999987697212
1.7964999999998577 0.09825000001434295
1.7964999999998577 0.09824999999989789
1.7964999999998577 0.09825000000000816
1.7964999999998577 0.09824999999992051
1.7969999999998576 0.09849999999959533
1.7969999999998576 0.09850000000000937
1.7969999999998576 0.0984999999999283
1.8004999999998572 0.10100278987546835
1.8009999999998572 0.10100279490960237
1.801499999999857 0.10100279994375336
1.801999999999857 0.10100280497792133
1.802499999999857 0.10201117802286021
1.802999999999857 0.10201119829597481
1.8034999999998569 0.10201121856922774
1.8039999999998568 0.10201123884261896
1.8044999999998568 0.10302518997242556
1.8049999999998567 0.10302523589424174
1.8054999999998567 0.10302528181653318
1.8059999999998566 0.10302532773929987
1.8064999999998566 0.10404484818896816
1.8069999999998565 0.10404493037392043
1.8074999999998564 0.10404501256001926
1.8079999999998564 0.10404509474726467
1.8084999999998563 0.10507017198817802
1.8089999999998563 0.10507030125503572
1.8094999999998562 0.10507043052417203
1.8099999999998562 0.10507055979558697
1.8104999999998561 0.10610117745122825
1.810999999999856 0.10610136482249055
1.811499999999856 0.1061015521977581
1.811999999999856 0.10610173957703103
1.812499999999856 0.10713787733773948
1.8129999999998558 0.10713813403879538
1.8134999999998558 0.10713839074631937
1.8139999999998557 0.1071386474603116
1.8144999999998557 0.10818028099722068
1.8149999999998556 0.10818061845526578
1.8154999999998556 0.1081809559231268
1.8154999999998556 0.10773576734908509
1.8154999999998556 0.10776510592120957
1.8159999999998555 0.10818129340080414
1.8159999999998555 0.10798576861964902
1.8159999999998555 0.1080027591368063
1.8164999999998555 0.10922839427910035
1.8164999999998555 0.1082479739711046
1.8164999999998555 0.1082713042153321
1.8169999999998554 0.10922882412180114
1.8169999999998554 0.10845573546024115
1.8169999999998554 0.10853900639187923
1.8174999999998553 0.10922925397870736
1.8174999999998553 0.10874472390935556
1.8174999999998553 0.10878108985092813
1.8179999999998553 0.10922968384981957
1.8179999999998553 0.1089999665199855
1.8179999999998553 0.10904248988924428
1.8184999999998552 0.1102822194414667
1.8184999999998552 0.10920048232663938
1.8184999999998552 0.10925374891265147
1.8189999999998552 0.1102827534953643
1.8189999999998552 0.1094904047665548
1.8189999999998552 0.10954728237214721
1.8194999999998551 0.11028328756906224
1.8194999999998551 0.10971399683876316
1.8194999999998551 0.10978051173541714
1.819999999999855 0.11028382166256143
1.819999999999855 0.10994692966997716
1.819999999999855 0.11002260028224717
1.820499999999855 0.1102843557758627
1.820499999999855 0.11018932029833188
1.820499999999855 0.11027348292223915
1.820999999999855 0.11134240534728601
1.820999999999855 0.11044128523033817
1.820999999999855 0.11053309221510477
1.821499999999855 0.11134305566270196
1.821499999999855 0.11070294041159298
1.821499999999855 0.11080135825642509
1.8219999999998548 0.11134370600489107
1.8219999999998548 0.11097440119539005
1.8219999999998548 0.11107820856188948
1.8224999999998548 0.11134435637385466
1.8224999999998548 0.11114038607150986
1.8224999999998548 0.11126319250039414
1.8229999999998547 0.11240777466952512
1.8229999999998547 0.11142659284750236
1.8229999999998547 0.1115532771109832
1.8234999999998547 0.11240855344662784
1.8234999999998547 0.11172289767443457
1.8234999999998547 0.11185175759205931
1.8239999999998546 0.11240933225903087
1.8239999999998546 0.11190097803990015
1.8239999999998546 0.11204874019387336
1.8244999999998546 0.11241011110673596
1.8244999999998546 0.11221248138712098
1.8244999999998546 0.11236017007320788
1.8249999999998545 0.11347885258002029
1.8249999999998545 0.11239798366948671
1.8249999999998545 0.11256434765913524
1.8254999999998545 0.11347977223139703
1.8254999999998545 0.11272495765148106
1.8254999999998545 0.11277107595770355
1.8259999999998544 0.11348069192834152
1.8259999999998544 0.11291803250382071
1.8259999999998544 0.11309983004522228
1.8264999999998544 0.11348161167085649
1.8264999999998544 0.11311361402720765
1.8264999999998544 0.11331363952331588
1.8269999999998543 0.11455562622727693
1.8269999999998543 0.11346154280423254
1.8269999999998543 0.11352996204586506
1.8274999999998542 0.11455669935541327
1.8274999999998542 0.1136648986734132
1.8274999999998542 0.11387569204480227
1.8279999999998542 0.11455777254131766
1.8279999999998542 0.11387083244987449
1.8279999999998542 0.11409896763087998
1.8284999999998541 0.11455884578499377
1.8284999999998541 0.11424020489284302
1.8284999999998541 0.11432471322594516
1.828999999999854 0.11455991908644532
1.828999999999854 0.11445411164077457
1.828999999999854 0.11455291752569782
1.829499999999854 0.11563931808859325
1.829499999999854 0.11467066640940206
1.829499999999854 0.11478356881211908
1.829999999999854 0.11564055755494891
1.829999999999854 0.11488988737011573
1.829999999999854 0.11501665494536677
1.830499999999854 0.11564179709340953
1.830499999999854 0.11511179261256159
1.830499999999854 0.11525216335567813
1.8309999999998539 0.11564303670398013
1.8309999999998539 0.11533640014225043
1.8309999999998539 0.11563173037633595
1.8314999999998538 0.11672760753556354
1.8314999999998538 0.1157442995566712
1.8314999999998538 0.11587389095006412
1.8319999999998537 0.1167290262576046
1.8319999999998537 0.11597722640928529
1.8319999999998537 0.11611841837395735
1.8324999999998537 0.11673044506842122
1.8324999999998537 0.11621292335199897
1.8324999999998537 0.11636529791498766
1.8329999999998536 0.11673186396802
1.8329999999998536 0.1164514079330862
1.8329999999998536 0.11661451436442274
1.8334999999998536 0.11782154253855118
1.8334999999998536 0.1166926976009929
1.8334999999998536 0.11686605203000251
1.8339999999998535 0.11782315367160298
1.8339999999998535 0.11693680970146501
1.8339999999998535 0.1171198947281848
1.8344999999998535 0.11782476491264983
1.8344999999998535 0.11718376147459726
1.8344999999998535 0.11737602577646347
1.8349999999998534 0.11782637626170037
1.8349999999998534 0.1174335700518027
1.8349999999998534 0.11763442798577033
1.8354999999998534 0.11782798771876336
1.8354999999998534 0.11768625245270178
1.8354999999998534 0.1178950836529703
1.8359999999998533 0.11892291045563533
1.8359999999998533 0.11794182558192678
1.8359999999998533 0.11815797455345346
1.8364999999998532 0.11892472746111464
1.8364999999998532 0.11820030622583924
1.8364999999998532 0.11826200464867155
1.8369999999998532 0.11892654459658611
1.8369999999998532 0.11846171104915951
1.8369999999998532 0.11852764866103768
1.8374999999998531 0.11892836186206086
1.8374999999998531 0.11872605659150504
1.8374999999998531 0.11879548938458508
1.837999999999853 0.1200282628072214
1.837999999999853 0.11899335926383411
1.837999999999853 0.11906550685842274
1.838499999999853 0.12003029908335124
1.838499999999853 0.11904174347469541
1.838499999999853 0.11933768056961942
1.838999999999853 0.12003233551445165
1.838999999999853 0.11931195738114499
1.838999999999853 0.11961198944644749
1.839499999999853 0.12003437210053691
1.839499999999853 0.11958516414425263
1.839499999999853 0.11988841185178482
1.8399999999998529 0.12003640884162124
1.8399999999998529 0.11986137976479959
1.8399999999998529 0.1201669255766835
1.8404999999998528 0.12114144158573611
1.8404999999998528 0.12014062009967541
1.8404999999998528 0.1202746833478798
1.8409999999998528 0.12114371098926086
1.8409999999998528 0.12042290085781503
1.8409999999998528 0.12055579564104066
1.8414999999998527 0.12114598057597097
1.8414999999998527 0.12070823759602652
1.8414999999998527 0.12083895165271613
1.8419999999998526 0.12114825034588424
1.8419999999998526 0.12099664571470423
1.8419999999998526 0.12112412727840778
1.8424999999998526 0.12225811211420975
1.8424999999998526 0.1210446413450618
1.8424999999998526 0.12141129781597662
1.8429999999998525 0.1222606283295368
1.8429999999998525 0.12133609700176283
1.8429999999998525 0.12152115034179321
1.8434999999998525 0.12226314475970211
1.8434999999998525 0.12163065764634733
1.8434999999998525 0.12181081333337912
1.8439999999998524 0.1222656614047279
1.8439999999998524 0.12192833818105032
1.8439999999998524 0.12210241796955058
1.8444999999998524 0.12226817826463632
1.8444999999998524 0.12222915333334267
1.8444999999998524 0.12239593757245529
1.8449999999998523 0.12338304008132032
1.8449999999998523 0.12227698965833891
1.8449999999998523 0.12250733441278566
1.8454999999998523 0.12338581735522783
1.8454999999998523 0.1225809280581198
1.8454999999998523 0.12280325731608017
1.8459999999998522 0.12338859487934414
1.8459999999998522 0.12288803327359311
1.8459999999998522 0.12310103743729356
1.8464999999998521 0.12339137265369657
1.8464999999998521 0.12319831947591917
1.8464999999998521 0.12340064606981829
1.846999999999852 0.12451089393192305
1.846999999999852 0.1232460651723677
1.846999999999852 0.12351356215202522
1.847499999999852 0.12451394620158973
1.847499999999852 0.12355953028216483
1.847499999999852 0.12381547684310369
1.847999999999852 0.12451699876074677
1.847999999999852 0.12387620741277083
1.847999999999852 0.1241191576999208
1.848499999999852 0.12452005160942728
1.848499999999852 0.12419611013118102
1.848499999999852 0.1244245739427936
1.8489999999998519 0.12452310474766454
1.8489999999998519 0.12424379478520095
1.8489999999998519 0.12453897935141171
1.8494999999998518 0.1256474741777594
1.8494999999998518 0.12456693024509
1.8494999999998518 0.12484659611979412
1.8499999999998518 0.12565081607378376
1.8499999999998518 0.12489332106279875
1.8499999999998518 0.1251558812367815
1.8504999999998517 0.12565415830279866
1.8504999999998517 0.12522298014935754
1.8504999999998517 0.12527125254104476
1.8509999999998517 0.12565750086484423
1.8509999999998517 0.1252706333368096
1.8509999999998517 0.12558266163212933
1.8514999999998516 0.12678633910824388
1.8514999999998516 0.12560357701661176
1.8514999999998516 0.12589566874525138
1.8519999999998515 0.12678998478236359
1.8519999999998515 0.12593981736331888
1.8519999999998515 0.12601198778573236
1.8524999999998515 0.1267936308373695
1.8524999999998515 0.12598745843936823
1.8524999999998515 0.1263270382514156
1.8529999999998514 0.12679727727330967
1.8529999999998514 0.12632701786059178
1.8529999999998514 0.1266436130948326
1.8534999999998514 0.12680092409023233
1.8534999999998514 0.1266699013668079
1.8534999999998514 0.1267608600680887
1.8539999999998513 0.12793443769612248
1.8539999999998513 0.12671754348826952
1.8539999999998513 0.12707939353568415
1.8544999999998513 0.1279384021555692
1.8544999999998513 0.12706377954113163
1.8544999999998513 0.1273993743989678
1.8549999999998512 0.1279423670485348
1.8549999999998512 0.12741336606227904
1.8549999999998512 0.12751752783291087
1.8554999999998512 0.1279463323750768
1.8554999999998512 0.12746102238856563
1.8554999999998512 0.127839378458877
1.855999999999851 0.12908410237876622
1.855999999999851 0.12781399386280373
1.855999999999851 0.12816259614994652
1.856499999999851 0.12908839994665
1.856499999999851 0.12817034109604378
1.856499999999851 0.12828163288268157
1.856999999999851 0.12909269800557185
1.856999999999851 0.12821802478868463
1.856999999999851 0.12860662732673006
1.857499999999851 0.12909699655559956
1.857499999999851 0.1285777882561671
1.857499999999851 0.1289329051557342
1.8579999999998509 0.12910129559680125
1.8579999999998509 0.12894095161991212
1.8579999999998509 0.12905280031814997
1.8584999999998508 0.1302435465565495
1.8584999999998508 0.12898867584199
1.8584999999998508 0.1293807577389952
1.8589999999998508 0.1302481926085183
1.8589999999998508 0.12935528553300543
1.8589999999998508 0.1295010550741922
1.8594999999998507 0.13025283921431355
1.8594999999998507 0.12972531803995235
1.8594999999998507 0.12983063852678467
1.8599999999998507 0.13025748637401519
1.8599999999998507 0.129773095955452
1.8599999999998507 0.13016137060076782
1.8604999999998506 0.13026213408770315
1.8604999999998506 0.13014660362835864
1.8604999999998506 0.13028248469926956
1.8609999999998506 0.13140876788214056
1.8609999999998506 0.13019440211064748
1.8609999999998506 0.1306147392218006
1.8614999999998505 0.13141377748636257
1.8614999999998505 0.1305714005247765
1.8614999999998505 0.13094805018557606
1.8619999999998504 0.13141878771267165
1.8619999999998504 0.130951855328689
1.8619999999998504 0.1310699518087764
1.8624999999998504 0.13142379856116138
1.8624999999998504 0.13099972728509124
1.8624999999998504 0.1314046775343684
1.8629999999998503 0.13257433532590462
1.8629999999998503 0.13138369965532387
1.8629999999998503 0.13152694128225365
1.8634999999998503 0.13257972297315068
1.8634999999998503 0.13143160211875593
1.8634999999998503 0.13186302242748354
1.8639999999998502 0.13258511131636902
1.8639999999998502 0.13181910658246349
1.8639999999998502 0.13220001216144295
1.8644999999998502 0.1325905003556682
1.8644999999998502 0.1322100978681206
1.8644999999998502 0.13232301506025432
1.86499999999985 0.1325958900911569
1.86499999999985 0.13225809359492888
1.86499999999985 0.13266124624295905
1.86549999999985 0.1337505816586381
1.86549999999985 0.13265264161540724
1.86549999999985 0.13278458415034294
1.86599999999985 0.13375636326241672
1.86599999999985 0.13270067780132477
1.86599999999985 0.13312399400176866
1.86649999999985 0.13376214564213823
1.86649999999985 0.1330987959469166
1.86649999999985 0.13346415684365387
1.86699999999985 0.13376792879792854
1.86699999999985 0.13314687592355484
1.86699999999985 0.13358818148654006
1.8674999999998498 0.1337737127299135
1.8674999999998498 0.133548577184798
1.8674999999998498 0.1339294028957208
1.8679999999998498 0.13493244392065704
1.8679999999998498 0.13395380157774592
1.8679999999998498 0.13405373330386613
1.8684999999998497 0.1349386348747664
1.8684999999998497 0.13400200124274175
1.8684999999998497 0.1343959471570284
1.8689999999998497 0.13494482669104202
1.8689999999998497 0.13441083019191347
1.8689999999998497 0.1345205726336045
1.8694999999998496 0.13495101936962872
1.8694999999998496 0.1344590836146313
1.8694999999998496 0.13486371164516028
1.8694999999998496 0.13474682478766745
1.8694999999998496 0.13475313331104477
1.8699999999998496 0.1361132478754891
1.8699999999998496 0.13487152884396852
1.8699999999998496 0.13520738182320077
1.8699999999998496 0.1349972033287396
1.8699999999998496 0.13501212380763356
1.8704999999998495 0.1361198627126439
1.8704999999998495 0.13491983936288998
1.8704999999998495 0.13533261698436216
1.8704999999998495 0.13524452364571526
1.8704999999998495 0.1352506112873783
1.8709999999998495 0.13612647850453272
1.8709999999998495 0.135335912150929
1.8709999999998495 0.1356770842446438
1.8709999999998495 0.13549145991227268
1.8709999999998495 0.13550537262176657
1.8714999999998494 0.13613309525132197
1.8714999999998494 0.13538428310651893
1.8714999999998494 0.13580258242561652
1.8714999999998494 0.13573978282013732
1.8714999999998494 0.13576252630551466
1.8719999999998493 0.13613971295317776
1.8719999999998493 0.13580399427419232
1.8719999999998493 0.13614777631665867
1.8719999999998493 0.13597694565684534
1.8719999999998493 0.1360110347714279
1.8724999999998493 0.13730571794485336
1.8724999999998493 0.1362272651913183
1.8724999999998493 0.1362735258684115
1.8724999999998493 0.13623070018659084
1.8724999999998493 0.136273959453084
1.8729999999998492 0.13731277309235615
1.8729999999998492 0.13627578890693404
1.8729999999998492 0.13661937484819123
1.8729999999998492 0.13645925869524078
1.8729999999998492 0.13651650247658065
1.8734999999998492 0.13731982929407116
1.8734999999998492 0.13670271512746346
1.8734999999998492 0.1369655201865495
1.8734999999998492 0.13674312941188652
1.8734999999998492 0.1367678298714497
1.8739999999998491 0.13732688655018832
1.8739999999998491 0.13675130926117038
1.8739999999998491 0.1370917953421305
1.8739999999998491 0.13699549521203844
1.8739999999998491 0.13702743212495275
1.874499999999849 0.1373339448608975
1.874499999999849 0.1371819001571748
1.874499999999849 0.13743846024575815
1.874499999999849 0.13720768186218651
1.874499999999849 0.13725627272987037
1.874999999999849 0.13850359335683737
1.874999999999849 0.1372305680544775
1.874999999999849 0.13756495202198069
1.874999999999849 0.13747836706052052
1.874999999999849 0.1375294248291742
1.875499999999849 0.13851110445484038
1.875499999999849 0.13766483248849626
1.875499999999849 0.1379120620205284
1.875499999999849 0.13770391490607778
1.875499999999849 0.1377683840610339
1.875999999999849 0.1385186167135526
1.875999999999849 0.1377135774963633
1.875999999999849 0.1380387578602636
1.875999999999849 0.13799312075786357
1.875999999999849 0.13801140065336492
1.8764999999998488 0.13852613013318987
1.8764999999998488 0.13815152380753665
1.8764999999998488 0.1383862374860364
1.8764999999998488 0.13823217787910208
1.8764999999998488 0.13825820852415663
1.8769999999998488 0.138533644713968
1.8769999999998488 0.13820034927427843
1.8769999999998488 0.1385131246086658
1.8769999999998488 0.13847695373019706
1.8769999999998488 0.1385085367131082
1.8774999999998487 0.13970679766057117
1.8774999999998487 0.13864198526412433
1.8774999999998487 0.1388608974242243
1.8774999999998487 0.13872746301063876
1.8774999999998487 0.1387621097651353
1.8779999999998487 0.1397147804142024
1.8779999999998487 0.13869089453926298
1.8779999999998487 0.13920865405100524
1.8779999999998487 0.1389837142016224
1.8779999999998487 0.13901864813038897
1.8784999999998486 0.13972276444230775
1.8784999999998486 0.1391362274570862
1.8784999999998486 0.13933595145715813
1.8784999999998486 0.1392457093508308
1.8784999999998486 0.1392778685804513
1.8789999999998486 0.13973074974513192
1.8789999999998486 0.1391852238912162
1.8789999999998486 0.1396838573219817
1.8789999999998486 0.13944268277173136
1.8789999999998486 0.13953948464026206
1.8794999999998485 0.14090677974461624
1.8794999999998485 0.1396342604191445
1.8794999999998485 0.13981130808212275
1.8794999999998485 0.13971405121620095
1.8794999999998485 0.1397566886663048
1.8799999999998485 0.14091524851818027
1.8799999999998485 0.13968334736378474
1.8799999999998485 0.14015928420536788
1.8799999999998485 0.13999114556285358
1.8799999999998485 0.14002187046720363
1.8804999999998484 0.14092371868722087
1.8804999999998484 0.14013609360142124
1.8804999999998484 0.1402868747084469
1.8804999999998484 0.1401976842665849
1.8804999999998484 0.14028865638041332
1.8809999999998483 0.14093219025201384
1.8809999999998483 0.1401852744088578
1.8809999999998483 0.14063484126120207
1.8809999999998483 0.14048410572153502
1.8809999999998483 0.1405094006141777
1.8814999999998483 0.14094066321283524
1.8814999999998483 0.1406417358575419
1.8814999999998483 0.14076255769604573
1.8814999999998483 0.14069656898304903
1.8814999999998483 0.14077837941667534
1.8819999999998482 0.14211988572730677
1.8819999999998482 0.14069101388066188
1.8819999999998482 0.1411104340347558
1.8819999999998482 0.14099225139769567
1.8819999999998482 0.14100057507250918
1.8824999999998482 0.14212885759096863
1.8824999999998482 0.14115119542733326
1.8824999999998482 0.14145796541908856
1.8824999999998482 0.14121061037243463
1.8824999999998482 0.14127086933844757
1.8829999999998481 0.14213783097910324
1.8829999999998481 0.1412005740194464
1.8829999999998481 0.141585967098207
1.8829999999998481 0.14143125812334417
1.8829999999998481 0.14154145264385148
1.8829999999998481 0.14149988947232653
1.8829999999998481 0.1415022974171043
1.883499999999848 0.142146805892021
1.883499999999848 0.14166447992009876
1.883499999999848 0.14193325726665895
1.883499999999848 0.14173965491488136
1.883499999999848 0.1417646124010704
1.883499999999848 0.14174597100022607
1.883499999999848 0.14175676651838606
1.883999999999848 0.14215578233003248
1.883999999999848 0.14171396243475098
1.883999999999848 0.14206134409398197
1.883999999999848 0.1419661251329642
1.883999999999848 0.142035121947285
1.883999999999848 0.14199979484586464
1.883999999999848 0.14200012388590896
1.884499999999848 0.1433380396458657
1.884499999999848 0.1421815962974712
1.884499999999848 0.14240831034333656
1.884499999999848 0.142194854395097
1.884499999999848 0.14225809593177835
1.884499999999848 0.14224888122800516
1.884499999999848 0.14225314607235084
1.884999999999848 0.14334753042805232
1.884999999999848 0.14223118608824467
1.884999999999848 0.14253646777975088
1.884999999999848 0.14242583249577812
1.884999999999848 0.1425276585163942
1.884999999999848 0.14248960559478954
1.884999999999848 0.1425079774208155
1.8854999999998479 0.14335702287169064
1.8854999999998479 0.14270255085582684
1.8854999999998479 0.1428830267390563
1.8854999999998479 0.14265904761834047
1.8854999999998479 0.14279620545987246
1.8854999999998479 0.14274492334785813
1.8854999999998479 0.14275880139173955
1.8859999999998478 0.14336651697712838
1.8859999999998478 0.14275225127613073
1.8859999999998478 0.14301124007504343
1.8859999999998478 0.14298676269185237
1.8859999999998478 0.14301756904495955
1.8859999999998478 0.142996077638893
1.8859999999998478 0.14300159010657154
1.8864999999998477 0.14337601274471387
1.8864999999998477 0.14322734920825578
1.8864999999998477 0.14335730774694955
1.8864999999998477 0.14322559550268837
1.8864999999998477 0.14328381292495018
1.8864999999998477 0.14323854307232176
1.8864999999998477 0.1432539773634163
1.8864999999998477 0.1432498225833111
1.8864999999998477 0.1432504472465364
1.8869999999998477 0.14456114080772767
1.8869999999998477 0.14327716361110276
1.8869999999998477 0.14370268892552093
1.8869999999998477 0.1434666039659335
1.8869999999998477 0.1435033828762571
1.8869999999998477 0.1434886225361589
1.8869999999998477 0.1435026781556587
1.8869999999998477 0.14349689229584778
1.8869999999998477 0.14350171091558972
1.8869999999998477 0.14349997165412945
1.8869999999998477 0.14350013267998699
1.8874999999998476 0.14457116635775935
1.8874999999998476 0.1433269570557815
1.8874999999998476 0.14383105391286635
1.8874999999998476 0.14370976852455072
1.8874999999998476 0.14376648691378796
1.8874999999998476 0.14374572385609286
1.8874999999998476 0.14375386666119513
1.8874999999998476 0.14374691011009907
1.8874999999998476 0.14375078139003444
1.8874999999998476 0.14374939315351826
1.8879999999998476 0.14458119371442923
1.8879999999998476 0.14380592800384967
1.8879999999998476 0.14417578742470644
1.8879999999998476 0.1439550678212608
1.8879999999998476 0.14402732906394794
1.8879999999998476 0.1439874124816966
1.8879999999998476 0.1440024004617296
1.8879999999998476 0.14399844140773457
1.8884999999998475 0.14459122287812626
1.8884999999998475 0.14385583886382872
1.8884999999998475 0.1443041650864275
1.8884999999998475 0.14420247866374533
1.8884999999998475 0.14428564322318055
1.8884999999998475 0.14423335314754923
1.8884999999998475 0.1442554535710219
1.8884999999998475 0.14424895081542588
1.8889999999998475 0.14460125384923933
1.8889999999998475 0.14433854864409293
1.8889999999998475 0.14464816544832013
1.8889999999998475 0.14445197598981743
1.8889999999998475 0.1445411694698864
1.8889999999998475 0.144482992342163
1.8889999999998475 0.144501104658515
1.8889999999998475 0.14449682774916517
1.8894999999998474 0.14578908220605397
1.8894999999998474 0.14438858027315601
1.8894999999998474 0.14477654047356778
1.8894999999998474 0.14470353283259463
1.8894999999998474 0.14475269747152056
1.8894999999998474 0.1447357160924733
1.8899999999998474 0.14579965838211859
1.8899999999998474 0.14487502898115326
1.8899999999998474 0.1451197217472638
1.8899999999998474 0.14495712028569852
1.8899999999998474 0.14500293042357879
1.8899999999998474 0.14499085016350463
1.8904999999998473 0.14581023651843322
1.8904999999998473 0.144925184731971
1.8904999999998473 0.14546193918418293
1.8904999999998473 0.14521270746851053
1.8904999999998473 0.14528852507196346
1.8904999999998473 0.14524766069641895
1.8909999999998472 0.1458208166154312
1.8909999999998472 0.14541537170403185
1.8909999999998472 0.14559035453010089
1.8909999999998472 0.1454702614915178
1.8909999999998472 0.1455304420077383
1.8909999999998472 0.14548165104752944
1.8914999999998472 0.1458313986735456
1.8914999999998472 0.14546565492788696
1.8914999999998472 0.14593159362945204
1.8914999999998472 0.1457297474217796
1.8914999999998472 0.14576838187215183
1.8914999999998472 0.1457394781400971
1.8919999999998471 0.14702175041806828
1.8919999999998471 0.14595957872100057
1.8919999999998471 0.14605996151958844
1.8919999999998471 0.14599112824855534
1.8919999999998471 0.1460021322559875
1.8919999999998471 0.14599658323646567
1.892499999999847 0.14703289307477357
1.892499999999847 0.14600999276749826
1.892499999999847 0.146400135371703
1.892499999999847 0.14614819886057734
1.892499999999847 0.14626494767063264
1.892499999999847 0.14622896870651106
1.892999999999847 0.1470440378539741
1.892999999999847 0.14606038625810014
1.892999999999847 0.14652844001051962
1.892999999999847 0.1464123499231727
1.892999999999847 0.14651999521047868
1.892999999999847 0.14648226758364385
1.893499999999847 0.14705518475615076
1.893499999999847 0.14655819935545245
1.893499999999847 0.14686746143920956
1.893499999999847 0.14667830157719816
1.893499999999847 0.14676692850898984
1.893499999999847 0.14673201900892222
1.893999999999847 0.14706633378178455
1.893999999999847 0.14660872710821
1.893999999999847 0.14720523858977375
1.893999999999847 0.14694600931873444
1.893999999999847 0.14700543120897272
1.893999999999847 0.1469980881750137
1.8944999999998469 0.14825902550715517
1.8944999999998469 0.14711027497300921
1.8944999999998469 0.14733346854281462
1.8944999999998469 0.1472154264125854
1.8944999999998469 0.1472606171484735
1.8944999999998469 0.14723642463618855
1.8949999999998468 0.14827075048266133
1.8949999999998468 0.1471609403356634
1.8949999999998468 0.14766993249587748
1.8949999999998468 0.14748650385943687
1.8949999999998468 0.14750229083556388
1.8949999999998468 0.1474861522046915
1.8954999999998468 0.1482824777517386
1.8954999999998468 0.14766621905607882
1.8954999999998468 0.14779805313717506
1.8954999999998468 0.14764840385624475
1.8954999999998468 0.14776935436343533
1.8954999999998468 0.14774105466346704
1.8959999999998467 0.14829420731491938
1.8959999999998467 0.14771702537376113
1.8959999999998467 0.14813311630435316
1.8959999999998467 0.1479219182685668
1.8959999999998467 0.14801001073552714
1.8959999999998467 0.147992596100203
1.8964999999998466 0.14830593917273638
1.8964999999998466 0.14822603017272665
1.8964999999998466 0.1482611114830892
1.8964999999998466 0.14819696818888636
1.8964999999998466 0.14825796126227161
1.8964999999998466 0.1482499327359753
1.8969999999998466 0.14950078092906602
1.8969999999998466 0.14827698078760604
1.8969999999998466 0.14859468621251243
1.8969999999998466 0.14847349647751265
1.8974999999998465 0.1495131040318029
1.8974999999998465 0.14832791120552288
1.8974999999998465 0.1489267355982633
1.8974999999998465 0.14863820337083722
1.8979999999998465 0.14952542960820372
1.8979999999998465 0.1488408042510489
1.8979999999998465 0.1490545383418962
1.8979999999998465 0.14891690692564513
1.8984999999998464 0.1495377576588568
1.8984999999998464 0.14889188240658566
1.8984999999998464 0.14938493843641773
1.8984999999998464 0.149196943287637
1.8989999999998464 0.14955008818435025
1.8989999999998464 0.14940849252308203
1.8989999999998464 0.14951256880329555
1.8989999999998464 0.14947824678842425
1.8994999999998463 0.150746883442588
1.8994999999998463 0.1494597217538952
1.8994999999998463 0.14984123213817552
1.8994999999998463 0.14964550409187513
1.8999999999998463 0.15075982043756328
1.8999999999998463 0.14998004142367158
1.8999999999998463 0.15016816364723312
1.8999999999998463 0.14992867696630258
1.9004999999998462 0.1507727600954871
1.9004999999998462 0.15003142506331915
1.9004999999998462 0.1502955130202891
1.9004999999998462 0.15021294973895466
1.9009999999998461 0.15078570241700717
1.9009999999998461 0.15008278879472067
1.9009999999998461 0.15062054786819348
1.9009999999998461 0.1504982478548427
1.901499999999846 0.15079864740277152
1.901499999999846 0.15060698718653184
1.901499999999846 0.1509437186655474
1.901499999999846 0.15066774736441615
1.901999999999846 0.15199719302503548
1.901999999999846 0.1506585087649463
1.901999999999846 0.15107072893860285
1.901999999999846 0.15095456274452623
1.902499999999846 0.15201075961974134
1.902499999999846 0.15118640198567168
1.902499999999846 0.15139184429297808
1.902499999999846 0.15124221366926446
1.902999999999846 0.15202432907603303
1.902999999999846 0.15123808473780137
1.902999999999846 0.15151860391516916
1.902999999999846 0.15141310496195193
1.9034999999998459 0.15203790139462176
1.9034999999998459 0.15128974777863272
1.9034999999998459 0.15183757768826542
1.9034999999998459 0.15170199561995248
1.9039999999998458 0.1520514765762191
1.9039999999998458 0.15182150955454762
1.9039999999998458 0.15215448539469198
1.9039999999998458 0.15199151543943337
1.9044999999998458 0.15325156279292917
1.9044999999998458 0.15187333720468163
1.9044999999998458 0.15228081670339955
1.9044999999998458 0.15216359803745624
1.9049999999998457 0.15326577462285604
1.9049999999998457 0.15240877501395064
1.9049999999998457 0.15259542641677945
1.9049999999998457 0.1524540549632681
1.9054999999998457 0.15327998952250502
1.9054999999998457 0.15246077059149724
1.9054999999998457 0.15290784184478584
1.9054999999998457 0.1527449177305665
1.9059999999998456 0.1532942074926552
1.9059999999998456 0.15299987184510952
1.9059999999998456 0.1530336866902036
1.9059999999998456 0.15291797010503017
1.9064999999998455 0.15330842853408622
1.9064999999998455 0.15305203866180744
1.9064999999998455 0.1533436497616864
1.9064999999998455 0.1532094417188362
1.9069999999998455 0.1545098389282349
1.9069999999998455 0.15310418609380402
1.9069999999998455 0.1536512924775243
1.9069999999998455 0.15338298205095593
1.9074999999998454 0.15452471154200048
1.9074999999998454 0.1536471310403471
1.9074999999998454 0.1537765929148384
1.9074999999998454 0.15367485767255082
1.9079999999998454 0.1545395874432547
1.9079999999998454 0.1536994531386786
1.9079999999998454 0.15408163132498065
1.9079999999998454 0.1539667490849355
1.9084999999998453 0.15455446663284933
1.9084999999998453 0.15424603622540942
1.9084999999998453 0.1543842257623507
1.9084999999998453 0.15414086314289416
1.9089999999998453 0.15456934911163653
1.9089999999998453 0.15429853629026044
1.9089999999998453 0.15450892418197065
1.9089999999998453 0.15443278838020172
1.9094999999998452 0.1557718606105321
1.9094999999998452 0.15435101719320402
1.9094999999998452 0.154808765142762
1.9094999999998452 0.15472446082702976
1.9099999999998452 0.15578740945463818
1.9099999999998452 0.15490142288330222
1.9099999999998452 0.15510604126842592
1.9099999999998452 0.1548988700760793
1.910499999999845 0.1558029618137452
1.910499999999845 0.15495408517278347
1.910499999999845 0.15540069944025076
1.910499999999845 0.1551901795837309
1.910999999999845 0.15581851768878172
1.910999999999845 0.15500672840336438
1.910999999999845 0.1555244571434361
1.910999999999845 0.1554809500632799
1.911499999999845 0.1558340770806768
1.911499999999845 0.15556094602914142
1.911499999999845 0.15581615111465516
1.911499999999845 0.15565535339380734
1.911999999999845 0.15703745995549187
1.911999999999845 0.15561377406326393
1.911999999999845 0.15610511088418041
1.911999999999845 0.15594533745224548
1.9124999999998449 0.15705370035872146
1.9124999999998449 0.15617158468562825
1.9124999999998449 0.15639128568792837
1.9124999999998449 0.15623447859416997
1.9129999999998448 0.15706994451430725
1.9129999999998448 0.15622460080344985
1.9129999999998448 0.15651398139848693
1.9129999999998448 0.15640855211915866
1.9134999999998448 0.1570861924232595
1.9134999999998448 0.15627759810128575
1.9134999999998448 0.15679698923199653
1.9134999999998448 0.1566964566555228
1.9139999999998447 0.15710244408658858
1.9139999999998447 0.15683919228936996
1.9139999999998447 0.15707710107266493
1.9139999999998447 0.15698319685322584
1.9144999999998447 0.1583064619600404
1.9144999999998447 0.15689238107749814
1.9144999999998447 0.1573542687783912
1.9144999999998447 0.15715659382858815
1.9149999999998446 0.15832340911750808
1.9149999999998446 0.15745753090591122
1.9149999999998446 0.1576284451047974
1.9149999999998446 0.15744162072079113
1.9154999999998445 0.15834036027460974
1.9154999999998445 0.1575109144471303
1.9154999999998445 0.1578995837289148
1.9154999999998445 0.15772514456059006
1.9159999999998445 0.15835731543244166
1.9159999999998445 0.15756427941849047
1.9159999999998445 0.15802034828426828
1.9159999999998445 0.15789749544503284
1.9164999999998444 0.15837427459210052
1.9164999999998444 0.15813317927078277
1.9164999999998444 0.15828801126302783
1.9164999999998444 0.15817880314340985
1.9169999999998444 0.15957868445458737
1.9169999999998444 0.15818674238896824
1.9169999999998444 0.15855253531968766
1.9169999999998444 0.15845825216546625
1.9174999999998443 0.15959635341145928
1.9174999999998443 0.158240287053897
1.9174999999998443 0.15881387715479872
1.9174999999998443 0.15873569283399738
1.9179999999998443 0.15961402662522517
1.9179999999998443 0.15881291976974143
1.9179999999998443 0.15907199448480394
1.9179999999998443 0.1589058693397736
1.9184999999998442 0.15963170409707197
1.9184999999998442 0.15886666596926474
1.9184999999998442 0.15932684606269928
1.9184999999998442 0.15918034316701238
1.9189999999998442 0.15964938582818713
1.9189999999998442 0.15944278988066382
1.9189999999998442 0.15957839169803595
1.9189999999998442 0.15945243039414358
1.919499999999844 0.160853938062699
1.919499999999844 0.15949674084794052
1.919499999999844 0.15982659227625198
1.919499999999844 0.15972197274346756
1.919999999999844 0.16087234369759812
1.919999999999844 0.15955067362933523
1.919999999999844 0.16007140977731435
1.919999999999844 0.15998880965108386
1.920499999999844 0.1608907538566726
1.920499999999844 0.1601304885798313
1.920499999999844 0.16031280729365285
1.920499999999844 0.16015491510982818
1.920999999999844 0.1609091685412051
1.920999999999844 0.16018462949982937
1.920999999999844 0.16055074904737313
1.920999999999844 0.16041774863802186
1.9214999999998439 0.16092758775247903
1.9214999999998439 0.1602387523591413
1.9214999999998439 0.1607852004067311
1.9214999999998439 0.16067747187840936
1.9219999999998438 0.1621320261685872
1.9219999999998438 0.16082223686929328
1.9219999999998438 0.1610161279018588
1.9219999999998438 0.16093391669970153
1.9224999999998438 0.16215118317670354
1.9224999999998438 0.16087657122998805
1.9224999999998438 0.1613530048862854
1.9224999999998438 0.16118691304227525
1.9229999999998437 0.16217034498631663
1.9229999999998437 0.16146346967078992
1.9229999999998437 0.16157371134567092
1.9229999999998437 0.16143628901488433
1.9234999999998437 0.16218951159880934
1.9234999999998437 0.1615180187295873
1.9234999999998437 0.16179078122152826
1.9234999999998437 0.16168187099729478
1.9239999999998436 0.16220868301556501
1.9239999999998436 0.1615725500130346
1.9239999999998436 0.16200418687281298
1.9239999999998436 0.16192348374895843
1.9244999999998436 0.16341274489279678
1.9244999999998436 0.16216306724821283
1.9244999999998436 0.16230823284069082
1.9244999999998436 0.1622410739196187
1.9249999999998435 0.16343266776872153
1.9249999999998435 0.1622178165710044
1.9249999999998435 0.1625110751979674
1.9249999999998435 0.16247158080879207
1.9254999999998434 0.1634525957334997
1.9254999999998434 0.16227254825259768
1.9254999999998434 0.16279539963200465
1.9254999999998434 0.16269748966169878
1.9259999999998434 0.16347252878861884
1.9259999999998434 0.16286665813992973
1.9259999999998434 0.16306679814468036
1.9259999999998434 0.16298884314925355
1.9264999999998433 0.16349246693556824
1.9264999999998433 0.16292161119164136
1.9264999999998433 0.16325190928377575
1.9264999999998433 0.16320204304049302
1.9269999999998433 0.16351241017583634
1.9269999999998433 0.1629765467393343
1.9269999999998433 0.16350326893383368
1.9269999999998433 0.16347236109383503
1.9274999999998432 0.16471658609675655
1.9274999999998432 0.16357422149722434
1.9274999999998432 0.16380288576502564
1.9274999999998432 0.16372893375907166
1.9279999999998432 0.16473729450327884
1.9279999999998432 0.16362938173448793
1.9279999999998432 0.1640221005902364
1.9279999999998432 0.1639711236582063
1.9284999999998431 0.16475800829761694
1.9284999999998431 0.16423034670925188
1.9284999999998431 0.16427484759606678
1.9284999999998431 0.16424258279344206
1.928999999999843 0.16477872748136937
1.928999999999843 0.16428573477323133
1.928999999999843 0.16453517626258543
1.928999999999843 0.16448457370455685
1.929499999999843 0.1647994520561347
1.929499999999843 0.16434110564353532
1.929499999999843 0.16476964878725545
1.929499999999843 0.16474461632836224
1.929999999999843 0.16600271948001563
1.929999999999843 0.16494557169025054
1.930499999999843 0.16602422237913803
1.930499999999843 0.1650011736780904
1.9309999999998428 0.16604573097351175
1.9309999999998428 0.1650567586188943
1.9314999999998428 0.16606724526484992
1.9314999999998428 0.16566469279809137
1.9319999999998427 0.16608876525486554
1.9319999999998427 0.16572051213309966
1.9324999999998427 0.16729084193605917
1.9324999999998427 0.16577631457091044
1.9329999999998426 0.16731315312502887
1.9329999999998426 0.16638768213032915
1.9334999999998426 0.16733547032657026
1.9334999999998426 0.16644372222385342
1.9339999999998425 0.16735779354251532
1.9339999999998425 0.16649974557326214
1.9344999999998425 0.1673801227746965
1.9344999999998425 0.1671145099019334
1.9349999999998424 0.16858072019270928
1.9349999999998424 0.16717077415235632
1.9354999999998423 0.16860385319709859
1.9354999999998423 0.1672270218150329
1.9359999999998423 0.16862699254116198
1.9359999999998423 0.1678451443964056
1.9364999999998422 0.16865013822685507
1.9364999999998422 0.16790163618809806
1.9369999999998422 0.168673290256134
1.9369999999998422 0.16795811155174528
1.9374999999998421 0.16987211370995883
1.9374999999998421 0.16857955191585286
1.937999999999842 0.16989608176544221
1.937999999999842 0.16863627461808278
1.938499999999842 0.16992005649735598
1.938499999999842 0.16869298105534677
1.938999999999842 0.16994403790778298
1.938999999999842 0.16931769673000385
1.939499999999842 0.16996802599880784
1.939499999999842 0.16937465369580185
1.9399999999998419 0.17116477471220334
1.9399999999998419 0.16943159456313595
1.9404999999998418 0.1711895907462102
1.9404999999998418 0.17005954102416232
1.9409999999998417 0.17121441380290084
1.9409999999998417 0.17011673558913945
1.9414999999998417 0.17123924388449055
1.9414999999998417 0.17074759363784098
1.9419999999998416 0.17126408099319568
1.9419999999998416 0.17080504484608744
1.9424999999998416 0.17128892513123264
1.9424999999998416 0.17086248032720674
1.9429999999998415 0.17248412484438885
1.9429999999998415 0.17149647080753805
1.9434999999998415 0.17250980883591
1.9434999999998415 0.17155416605179502
1.9439999999998414 0.1725355002080338
1.9439999999998414 0.17161184574609228
1.9444999999998414 0.17256119896311195
1.9444999999998414 0.17224891769783235
1.9449999999998413 0.17258690510349758
1.9449999999998413 0.17230686025027253
1.9454999999998412 0.17377942160755402
1.9454999999998412 0.17236478743352868
1.9459999999998412 0.17380597879855086
1.9459999999998412 0.17242269921948233
1.9464999999998411 0.17383254373495827
1.9464999999998411 0.1730630807471039
1.946999999999841 0.17385911641926824
1.946999999999841 0.17312125867246222
1.947499999999841 0.17388569685397331
1.947499999999841 0.17317942138482986
1.947999999999841 0.17507521149088867
1.947999999999841 0.17382277848699781
1.948499999999841 0.17510265378202827
1.948499999999841 0.17388121038353122
1.9489999999998409 0.17513010419225053
1.9489999999998409 0.17393962725508688
1.9494999999998408 0.17515756272419084
1.9494999999998408 0.1745859019952193
1.9499999999998407 0.17518502938048483
1.9499999999998407 0.17464459106643984
1.9504999999998407 0.17637121793372307
1.9504999999998407 0.17470326530444444
1.9509999999998406 0.17639955684313133
1.9509999999998406 0.1753523973179221
1.9514999999998406 0.17642790425388769
1.9514999999998406 0.17541134674023365
1.9519999999998405 0.1764562601687732
1.9519999999998405 0.17547028152488764
1.9524999999998405 0.17648462459057068
1.9524999999998405 0.1761222079613781
1.9529999999998404 0.17651299752206345
1.9529999999998404 0.1761814208824731
1.9534999999998404 0.17769640409259158
1.9534999999998404 0.17624061936531146
1.9539999999998403 0.17772565962923262
1.9539999999998403 0.17689527483011283
1.9544999999998403 0.17775492406070983
1.9544999999998403 0.17695475436730637
1.9549999999998402 0.17778419738995524
1.9549999999998402 0.1770142196695341
1.9554999999998401 0.17781347961990124
1.9554999999998401 0.17767153616394066
1.95599999999984 0.17899290479548075
1.95599999999984 0.1777312854024445
1.95649999999984 0.17902307916350924
1.95649999999984 0.17779102061321
1.95699999999984 0.17905326282504516
1.95699999999984 0.17845092747391178
1.95749999999984 0.17908345578317236
1.95749999999984 0.17851094946504437
1.9579999999998399 0.17911365804097493
1.9579999999998399 0.17857095763965042
1.9584999999998398 0.1802887614838557
1.9584999999998398 0.1792333814771726
1.9589999999998398 0.18031986495055904
1.9589999999998398 0.17929367923650524
1.9594999999998397 0.18035097811704445
1.9594999999998397 0.17935396339455267
1.9599999999998396 0.18038210098654975
1.9599999999998396 0.17941423392221545
1.9604999999998396 0.18041323356231312
1.9604999999998396 0.18007940453618612
1.9609999999998395 0.1815836700818275
1.9609999999998395 0.18013996765965334
1.9614999999998395 0.18161571245806313
1.9614999999998395 0.18020051737194887
1.9619999999998394 0.181647764947568
1.9619999999998394 0.18086805225405483
1.9624999999998394 0.18167982755373502
1.9624999999998394 0.18092889728530856
1.9629999999998393 0.18171190027995815
1.9629999999998393 0.18098972912872716
1.9634999999998393 0.18287732004321194
1.9634999999998393 0.18165954628228437
1.9639999999998392 0.18291031066538654
1.9639999999998392 0.1817206761220186
1.9644999999998392 0.18294331182110754
1.9644999999998392 0.181781793001424
1.964999999999839 0.18297632351392493
1.964999999999839 0.1824538074458054
1.965499999999839 0.1830093457473892
1.965499999999839 0.1825152249509105
1.965999999999839 0.18304237852505176
1.965999999999839 0.1825766297274074
1.966499999999839 0.18420334221416662
1.966499999999839 0.1826380217458209
1.9669999999998389 0.1842373008866093
1.9669999999998389 0.1833124614131952
1.9674999999998388 0.1842712705229221
1.9674999999998388 0.18337415690192369
1.9679999999998388 0.18430525112681254
1.9679999999998388 0.18343583986845255
1.9684999999998387 0.1843392427019898
1.9684999999998387 0.18411229993862088
1.9689999999998387 0.18549448357175244
1.9689999999998387 0.18417428890647441
1.9694999999998386 0.18552940810118787
1.9694999999998386 0.1842362655923182
1.9699999999998385 0.18556434402712413
1.9699999999998385 0.18491465167294363
1.9704999999998385 0.185599291353426
1.9704999999998385 0.18497693683621133
1.9709999999998384 0.1856342500839606
1.9709999999998384 0.18503920996200773
1.9714999999998384 0.18678340520755438
1.9714999999998384 0.18571942440444267
1.9719999999998383 0.18681930340679323
1.9719999999998383 0.18578200842637152
1.9724999999998383 0.18685521344050882
1.9724999999998383 0.1858445806597589
1.9729999999998382 0.18689113531272308
1.9729999999998382 0.18590714107478856
1.9734999999998382 0.18692706902745942
1.9734999999998382 0.186589407977785
1.973999999999838 0.18806977178234502
1.973999999999838 0.18665228193088312
1.974499999999838 0.18810665091987275
1.974499999999838 0.18671514431890135
1.974999999999838 0.1881435423346572
1.974999999999838 0.18739903628148577
1.975499999999838 0.18818044603087603
1.975499999999838 0.1874622145082942
1.9759999999998379 0.18821736201270894
1.9759999999998379 0.1875253814277772
1.9764999999998378 0.1882542902843355
1.9764999999998378 0.1882107905424613
1.9769999999998378 0.18939110913402563
1.9769999999998378 0.18827427553617482
1.9774999999998377 0.18942898864181165
1.9774999999998377 0.18833774948483323
1.9779999999998377 0.1894668808782003
1.9779999999998377 0.18840121235840038
1.9784999999998376 0.18950478584752495
1.9784999999998376 0.18908835849281833
1.9789999999998376 0.1895427035541196
1.9789999999998376 0.18915214190482418
1.9794999999998375 0.19067233113562115
1.9794999999998375 0.18921591450848868
1.9799999999998374 0.190711204870942
1.9799999999998374 0.1899043531126933
1.9804999999998374 0.19075009178566735
1.9804999999998374 0.18996844835581955
1.9809999999998373 0.19078899188428192
1.9809999999998373 0.19003253306194975
1.9814999999998373 0.19082790517127157
1.9814999999998373 0.1907221453077757
1.9819999999998372 0.19194996483231072
1.9819999999998372 0.19078655468044586
1.9824999999998372 0.19198983833674874
1.9824999999998372 0.19085095379209727
1.9829999999998371 0.19202972547440078
1.9829999999998371 0.19091534261250134
1.983499999999837 0.19206962624989984
1.983499999999837 0.1916063428164475
1.983999999999837 0.19210954066788022
1.983999999999837 0.1916710585643199
1.984499999999837 0.1932236531943298
1.984499999999837 0.19173576430152378
1.984999999999837 0.19326453140149982
1.984999999999837 0.19242769071662186
1.9854999999998368 0.19330542369804823
1.9854999999998368 0.19249272525592453
1.9859999999998368 0.19334633008875265
1.9859999999998368 0.1925577500698398
1.9864999999998367 0.1933872505783917
1.9864999999998367 0.19262276512803686
1.9869999999998367 0.19449303450844713
1.9869999999998367 0.19331582767541378
1.9874999999998366 0.1945349217295577
1.9874999999998366 0.19338117364726345
1.9879999999998366 0.194576823497888
1.9879999999998366 0.19344651015335437
1.9884999999998365 0.19461873981835534
1.9884999999998365 0.19414023548126366
1.9889999999998365 0.1946606706958785
1.9889999999998365 0.19420590461025466
1.9894999999998364 0.19575774264438162
1.9894999999998364 0.19427156456821373
1.9899999999998363 0.1958006425544166
1.9899999999998363 0.19496581410027594
1.9904999999998363 0.19584355747048748
1.9904999999998363 0.1950318083001737
1.9909999999998362 0.19588648739764566
1.9909999999998362 0.1950977936285615
1.9914999999998362 0.19592943234094418
1.9914999999998362 0.19516377005497287
1.9919999999998361 0.19701740733346385
1.9919999999998361 0.19585874574118284
1.992499999999836 0.19706132295802872
1.992499999999836 0.19592505826962037
1.992999999999836 0.19710525404769436
1.992999999999836 0.1959913622003822
1.993499999999836 0.19714920060764032
1.993499999999836 0.19668657355787927
1.993999999999836 0.19719316264304781
1.993999999999836 0.19675321502342213
1.9944999999998358 0.198271654459289
1.9944999999998358 0.19681984820043824
1.9949999999998358 0.19831658816216072
1.9949999999998358 0.19688647305839863
1.9954999999998357 0.19836153778869933
1.9954999999998357 0.19758211593615888
1.9959999999998357 0.19840650334420581
1.9959999999998357 0.1976490800050604
1.9964999999998356 0.19845148483398203
1.9964999999998356 0.19771603606889196
1.9969999999998356 0.1995201063600565
1.9969999999998356 0.19841160848545003
1.9974999999998355 0.1995660598314796
1.9974999999998355 0.19847890499176174
1.9979999999998355 0.1996120296838696
1.9979999999998355 0.1985461938118826
1.9984999999998354 0.1996580159226406
1.9984999999998354 0.19924153549762444
1.9989999999998354 0.19970401855320694
1.9989999999998354 0.1993091658828282
1.9994999999998353 0.1997500375809838
1.9994999999998353 0.19937678890562854
1.9999999999998352 0.20080935638803257
1.9999999999998352 0.19944440453543053
2.0004999999998354 0.20085634747001457
2.0004999999998354 0.20013970066262168
2.0009999999998356 0.20090335539372822
2.0009999999998356 0.2002076592264183
2.0014999999998357 0.20095038016469216
2.0014999999998357 0.20027561072590905
2.001999999999836 0.2019980980053724
2.001999999999836 0.2009703424951246
2.002499999999836 0.20204609333673454
2.002499999999836 0.2010386378260101
2.0029999999998362 0.20209410595670016
2.0029999999998362 0.20110692642621875
2.0034999999998364 0.20214213587088076
2.0034999999998364 0.20117520826514404
2.0039999999998366 0.20219018308488973
2.0039999999998366 0.20186955284943214
2.0044999999998367 0.20322686757702726
2.0044999999998367 0.20193817966491193
2.004999999999837 0.20327588360145352
2.004999999999837 0.20200680005767624
2.005499999999837 0.20332491736319538
2.005499999999837 0.2027002274532807
2.0059999999998372 0.20337396886794876
2.0059999999998372 0.20276919347773958
2.0064999999998374 0.20342303812141033
2.0064999999998374 0.20283815342300382
2.0069999999998376 0.20444830225838262
2.0069999999998376 0.20290710725847663
2.0074999999998377 0.20449833787122784
2.0074999999998377 0.20359978582647667
2.007999999999838 0.20454839166559066
2.007999999999838 0.2036690861975785
2.008499999999838 0.20459846364724005
2.008499999999838 0.20373838080736986
2.0089999999998382 0.20464855382194425
2.0089999999998382 0.20442976951852687
2.0094999999998384 0.20566201157902583
2.0094999999998384 0.20449941105889224
2.0099999999998386 0.2057130649561238
2.0099999999998386 0.20456904719138314
2.0104999999998387 0.2057641369535865
2.0104999999998387 0.20463867788543708
2.010999999999839 0.2058152275772427
2.010999999999839 0.20532893544591513
2.011499999999839 0.2058663368329208
2.011499999999839 0.2053989137148686
2.0119999999998393 0.20686760356097944
2.0119999999998393 0.20546888690378953
2.0124999999998394 0.2069196721521993
2.0124999999998394 0.2061574614806395
2.0129999999998396 0.20697175979642138
2.0129999999998396 0.20622778236038886
2.0134999999998398 0.20702386649952065
2.0134999999998398 0.20629809852345246
2.01399999999984 0.20707599226737228
2.01399999999984 0.20698478589090197
2.01449999999984 0.20806468509120302
2.01449999999984 0.20705544971143253
2.0149999999998403 0.2081177656149991
2.0149999999998403 0.2071261091835494
2.0154999999998404 0.20817086561736217
2.0154999999998404 0.20719676427678438
2.0159999999998406 0.2082239851042003
2.0159999999998406 0.20788170687659543
2.0164999999998408 0.2082771240814204
2.0164999999998408 0.2079527098432796
2.016999999999841 0.20925286230199755
2.016999999999841 0.20802370880430154
2.017499999999841 0.20930695074097866
2.017499999999841 0.20870633941542388
2.0179999999998413 0.20936105907615166
2.0179999999998413 0.20877768590765225
2.0184999999998414 0.2094151873134416
2.0184999999998414 0.20884902877232472
2.0189999999998416 0.21037666966020144
2.0189999999998416 0.20892036797907437
2.0194999999998418 0.21043174095866862
2.0194999999998418 0.20960081715508927
2.019999999999842 0.2104868325562138
2.019999999999842 0.2096725037994621
2.020499999999842 0.21054194445876406
2.020499999999842 0.20974418716893234
2.0209999999998423 0.21059707667224636
2.0209999999998423 0.21042187766711143
2.0214999999998424 0.21154485829405892
2.0214999999998424 0.2104939078020634
2.0219999999998426 0.21160092685378015
2.0219999999998426 0.2105659350499607
2.0224999999998428 0.21165701611172377
2.0224999999998428 0.2112406357603329
2.022999999999843 0.21171312607380202
2.022999999999843 0.21131300892611182
2.023499999999843 0.21176925674592692
2.023499999999843 0.21138537959747009
2.0239999999998433 0.21270296661672242
2.0239999999998433 0.21145774774424667
2.0244999999998434 0.2127600262072977
2.0244999999998434 0.21212956948166328
2.0249999999998436 0.21281710688470276
2.0249999999998436 0.21220228294527435
2.0254999999998438 0.21287420865481751
2.0254999999998438 0.21227499428176014
2.025999999999844 0.21379258023207626
2.025999999999844 0.21294334588008831
2.026499999999844 0.21385060242288007
2.026499999999844 0.21301640132283256
2.0269999999998443 0.21390864607188637
2.0269999999998443 0.21308945504060292
2.0274999999998444 0.21396671118492577
2.0274999999998444 0.21316250700341643
2.0279999999998446 0.21402479776782812
2.0279999999998446 0.21382748499544876
2.0284999999998448 0.2149283765778457
2.0284999999998448 0.2139008800983415
2.028999999999845 0.2149873747486221
2.028999999999845 0.2139742738531647
2.029499999999845 0.21504639474260942
2.029499999999845 0.21463527820780778
2.0299999999998453 0.21510543656556955
2.0299999999998453 0.21470901350605517
2.0304999999998454 0.21599298503007774
2.0304999999998454 0.2147827478676993
2.0309999999998456 0.21605292857212696
2.0309999999998456 0.2154395191311313
2.0314999999998458 0.21611289428362443
2.0314999999998458 0.2155135932353997
2.031999999999846 0.21617288217024522
2.031999999999846 0.21558766681903774
2.032499999999846 0.21704406906863008
2.032499999999846 0.2162399398142484
2.0329999999998463 0.2171049481373128
2.0329999999998463 0.21631435112959047
2.0334999999998464 0.2171658497079594
2.0334999999998464 0.2163887623447022
2.0339999999998466 0.21722677378613864
2.0339999999998466 0.21646317343006036
2.0344999999998468 0.2172877203774156
2.0344999999998468 0.21711101285861564
2.034999999999847 0.21814307936583743
2.034999999999847 0.2171857599028479
2.035499999999847 0.21820490624996472
2.035499999999847 0.21726050724220516
2.0359999999998473 0.21826675595952605
2.0359999999998473 0.21790329787900153
2.0364999999998474 0.2183286284999595
2.0364999999998474 0.21797837873194825
2.0369999999998476 0.2191669738896446
2.0369999999998476 0.21805346030915582
2.0374999999998478 0.21922971486296053
2.0374999999998478 0.21869091939846266
2.037999999999848 0.2192924789643561
2.037999999999848 0.2187663318153722
2.038499999999848 0.21935526619912185
2.038499999999848 0.21884174538983295
2.0389999999998483 0.22017628942818457
2.0389999999998483 0.21947358434578618
2.0394999999998484 0.2202399325975101
2.0394999999998484 0.2195493258511973
2.0399999999998486 0.22030359918157646
2.0399999999998486 0.21962506895149528
2.0404999999998488 0.22036728918550552
2.0404999999998488 0.21970081361776783
2.040999999999849 0.2211706901585204
2.040999999999849 0.22032706122762455
2.041499999999849 0.22123522297256398
2.041499999999849 0.22040313114509044
2.0419999999998493 0.22129977947131876
2.0419999999998493 0.2204792030699721
2.0424999999998494 0.22136435965971568
2.0424999999998494 0.2210992320043619
2.0429999999998496 0.2221498470775476
2.0429999999998496 0.2211756257865825
2.0434999999998498 0.22221525633869452
2.0434999999998498 0.22125202202147146
2.04399999999985 0.2222806895371499
2.04399999999985 0.22186552590036618
2.04449999999985 0.22234614667763172
2.04449999999985 0.2219422403446435
2.0449999999998503 0.2231134383555635
2.0449999999998503 0.22201895769051777
2.0454999999998504 0.22317971023266053
2.0454999999998504 0.2226256242883362
2.0459999999998506 0.223246006281633
2.0459999999998506 0.22270265593510644
2.0464999999998508 0.22331232650696467
2.0464999999998508 0.22277969093593392
2.046999999999851 0.22406114968045548
2.046999999999851 0.22337920219637075
2.047499999999851 0.2241282697225621
2.047499999999851 0.22345654732258863
2.0479999999998513 0.2241954141524534
2.0479999999998513 0.2235338962587027
2.0484999999998514 0.22426258297435483
2.0484999999998514 0.2241259283172086
2.0489999999998516 0.22499267459179256
2.0489999999998516 0.2242035829297096
2.0494999999998518 0.22506062774287353
2.0494999999998518 0.2242812418111603
2.049999999999852 0.22512860547839064
2.049999999999852 0.22486546502548707
2.050499999999852 0.22583896894722494
2.050499999999852 0.22494342485433388
2.0509999999998523 0.2259077148041385
2.0509999999998523 0.22502138941422628
2.0514999999998524 0.22597648541866472
2.0514999999998524 0.22559746840345912
2.0519999999998526 0.22604528079445368
2.0519999999998526 0.22567572889528537
2.0524999999998528 0.22673643357390988
2.0524999999998528 0.2262430376547979
2.052999999999853 0.22680598051893025
2.052999999999853 0.22632158827562737
2.053499999999853 0.22687555237835522
2.053499999999853 0.2264001445869887
2.0539999999998533 0.2275465532122356
2.0539999999998533 0.226958627422347
2.0544999999998534 0.22761685944457902
2.0544999999998534 0.22703746825275525
2.0549999999998536 0.22768719072429675
2.0549999999998536 0.22711631524350015
2.0554999999998538 0.22775754705437373
2.0554999999998538 0.22766562019143782
2.055999999999854 0.22840890199685107
2.055999999999854 0.22774474578573226
2.056499999999854 0.22847997515834262
2.056499999999854 0.22782387801240522
2.0569999999998543 0.2285510734822314
2.0569999999998543 0.22836364762691785
2.0574999999998544 0.2291818992896878
2.0574999999998544 0.22844305222977593
2.0579999999998546 0.22925369633975284
2.0579999999998546 0.2289726654474514
2.058499999999855 0.2293255186432996
2.058499999999855 0.22905233537946806
2.058999999999855 0.22993565390901757
2.058999999999855 0.22913201291945762
2.059499999999855 0.2300081564208034
2.059499999999855 0.2296513671737079
2.0599999999998553 0.2300806842558778
2.0599999999998553 0.22973130317187837
2.0604999999998554 0.230669980054326
2.0604999999998554 0.23023978280487264
2.0609999999998556 0.23074316918883908
2.0609999999998556 0.2303199695568377
2.061499999999856 0.23081638369488322
2.061499999999856 0.23040016489713008
2.061999999999856 0.2313847036624007
2.061999999999856 0.2308976425488096
2.062499999999856 0.23145856019045194
2.062499999999856 0.23097808110517692
2.0629999999998563 0.23153244211646457
2.0629999999998563 0.23146394838722592
2.0634999999998564 0.2320796625131923
2.0634999999998564 0.23154462177649454
2.0639999999998566 0.23215416683772788
2.0639999999998566 0.23162530473694884
2.064499999999857 0.2326795995236001
2.064499999999857 0.23209940873198204
2.064999999999857 0.23275470631779197
2.064999999999857 0.23218031829891564
2.065499999999857 0.2328298384965555
2.065499999999857 0.23264205989239445
2.0659999999998573 0.23333398236504777
2.0659999999998573 0.2327231869838269
2.0664999999998575 0.2334096967885576
2.0664999999998575 0.23317218946770743
2.0669999999998576 0.23389192995219038
2.0669999999998576 0.23325352464579172
2.067499999999858 0.23396820617985267
2.067499999999858 0.23368940815993544
2.067999999999858 0.23404450769148633
2.067999999999858 0.23377094162698567
2.068499999999858 0.23450531451523246
2.068499999999858 0.23419332337976484
2.0689999999998583 0.2345821570980635
2.0689999999998583 0.2342750449745652
2.0694999999998585 0.23502098264502327
2.0694999999998585 0.23468353947732826
2.0699999999998586 0.2350983454405971
2.0699999999998586 0.2347654386717503
2.070499999999859 0.23551518430780027
2.070499999999859 0.2351596579874422
2.070999999999859 0.23559304629454036
2.070999999999859 0.23524172388339165
2.071499999999859 0.23598790599646147
2.071499999999859 0.23562127788961254
2.0719999999998593 0.23606624601289408
2.0719999999998593 0.2359856448185415
2.0724999999998595 0.23643914680828915
2.0724999999998595 0.23606799588308444
2.0729999999998596 0.23651794357607275
2.0729999999998596 0.23641692433399678
2.07349999999986 0.23686891827965553
2.07349999999986 0.23674991587691627
2.07399999999986 0.23719762238710326
2.07399999999986 0.23683250207225345
2.07449999999986 0.23727724420605237
2.07449999999986 0.23714927824817883
2.0749999999998603 0.2375841459584946
2.0749999999998603 0.237449366734917
2.0754999999998605 0.23786896719593173
2.0754999999998605 0.23773239987390168
2.0759999999998606 0.23813183099814303
2.0759999999998606 0.2379980111807482
2.076499999999861 0.23837287167877058
2.076499999999861 0.23824583572075902
2.076999999999861 0.23859223444370203
2.076999999999861 0.23847551049711146
2.077499999999861 0.23879007504246114
2.077499999999861 0.23868667485154346
2.0779999999998613 0.23903987651407385
2.0779999999998613 0.238969184392063
