59.23621452494373 1.8822690318737458
59.43207298254837 1.9051743205055807
59.627004386977816 1.9283200820657957
59.82099705031765 1.9517077747977247
60.0140393814305 1.9753388382518307
60.20611988749997 1.9992146924581737
60.397227175551045 2.0233367370876993
60.58734995394682 2.047706350602575
60.77647703386173 2.072324889395823
60.964597330731124 2.097193686920503
61.15169986567732 2.1223140528087368
61.337773766912164 2.147687271980857
61.522808271116084 2.173314603745007
61.7067927247938 2.1991972808875198
61.889716585606685 2.2253365087544306
62.07156942368192 2.2517334643244906
62.2523409228985 2.278389295274078
62.432020882150226 2.305305119034411
62.610599216585804 2.3324820218414977
62.78806595882615 2.359921057779265
62.96441126015906 2.387623247816343
63.139625391711384 2.415589578836989
63.31369874559883 2.443821002666666
63.486621836053594 2.472318435092796
63.65838530052994 2.5010827548812546
63.8289799007879 2.530114802789158
63.99839652395527 2.55941538057455
64.1666261835681 2.5889852500035917
64.33366002058976 2.618825131855886
64.49948930440894 2.648935704928595
64.6641054338165 2.6793176050400147
64.82749993796162 2.7099714240333053
64.98966447728723 2.740897708781085
65.150590844445 2.7720969601916194
65.31027096519004 2.8035696322173624
65.46869689925543 2.8353161308666093
65.62586084120687 2.8673368132190564
65.78175512127751 2.899631986446075
65.93637220618318 2.9322019068365166
66.0897046999181 2.9650467788288997
66.24174534453138 2.998166754050831
66.39248702088427 3.0315619303665367
66.54192274938843 3.065232350933395
66.6900456907253 3.099178003268376
66.8368491465467 3.133398818325304
66.98232656015678 3.167894669583882
67.12647151717545 3.202665372151417
67.2692777461833 3.2377106818782093
67.41073911934829 3.2730302944875733
67.55084965303398 3.308623844721465
67.68960350838968 3.3444909055027088
67.8269949919224 3.3806309871148166
67.96301855605068 3.417043536400404
68.09766879964032 3.4537279359792126
68.23094046852202 3.4906835034867485
68.36282845599104 3.527909490834561
68.49332780328868 3.5654050834931743
68.62243370006576 3.6031693997986975
68.75014148482785 3.6412014902841316
68.8764466453625 3.679500337036393
69.00134481914804 3.718064853080068
69.12483179374419 3.7568938817889115
69.24690350716419 3.795986196326094
69.36755604822848 3.835340499114196
69.4867856568997 3.8749554213359376
69.60458872459893 3.9148295224666234
69.72096179450303 3.9549612898392685
69.83590156182291 3.995349138243359
69.94940487406254 4.035991409558183
70.06146873125851 4.076886372421657
70.1720902862 4.118032221935544
70.28126684462882 4.159427079407949
70.38899586541942 4.201068992133952
70.49527496073857 4.2429559332152165
70.60010189618447 4.285085801419376
70.70347459090497 4.327456421079995
70.80539111769475 4.3700655420378505
70.905849703071 4.41291083962427
71.00484872732747 4.455989914687201
71.10238672456654 4.499300293660697
71.19846238270884 4.542839428678423
71.29307454348036 4.58660469773178
71.38622220237649 4.6305934048731965
71.47790450860278 4.674802780465097
71.56812076499202 4.7192299814750145
71.6568704278973 4.763872091817278
71.74415310706071 4.808726122741648
71.82996856545728 4.853789013269247
71.91431671911381 4.89905763067607
71.9971976369023 4.944528771024316
72.07861154030749 4.990199159741738
72.15855880316818 5.036065452249142
72.23703995139203 5.082124234636148
72.31405566264343 5.128372024385228
72.38960676600392 5.174805271144021
72.46369424160521 5.221420357545859
72.5363192202339 5.268213600078367
72.60748298290802 5.3151812499999735
72.67718696042472 5.362319494304093
72.745432732879 5.409624456730681
72.81222202915295 5.457092198824831
72.87755672637537 5.504718721041994
72.9414388493513 5.55249996389937
73.00387056996117 5.600431809172946
73.06485420652946 5.648510081139604
73.12439222316239 5.696730547863679
73.18248722905443 5.745088922527259
73.23914197776347 5.793580864803489
73.2943593664543 5.842201982272084
73.34814243511029 5.8909478318761845
73.40049436571299 5.939813921419637
73.45141848138951 5.988795711103748
73.50091824552756 6.0378886151024815
73.5489972608579 6.08708800317503
73.59565926850426 6.136389202314634
73.64090814700043 6.185787498432486
73.68474791127464 6.2352781380754845
73.72718271160102 6.2848563301765825
73.76821683251822 6.334517247836408
73.80785469171524 6.3842560301348
73.84610083888424 6.434067783970863
73.88295995454077 6.483947585930096
73.91843684881111 6.533890484177115
73.95253646018715 6.583891500372458
73.98526385424869 6.633945631611915
74.01662422235349 6.684047852386809
74.04662288029523 6.734193116563594
74.07526526692949 6.784376359381159
74.1025569427681 6.834592499464136
74.12850358854216 6.884836440850551
74.15311100373394 6.935103075032079
74.17638510507803 6.985387283005195
74.19833192503214 7.035683937331454
74.21895761021788 7.085987904205158
74.23826841983202 7.136294045526622
74.25627072402855 7.186597220979267
74.27297100227217 7.23689229010876
74.2883758416636 7.287174114402399
74.30249193523728 7.337437559366963
74.31532608023214 7.387677496603241
74.32688517633568 7.437888805875452
74.33717622390247 7.4880663771737845
74.34620632214731 7.538205112768293
74.35398266731384 7.588299929252397
74.36051255081944 7.638345759574246
74.36580335737689 7.688337555054234
74.36986256309375 7.7382702873869595
74.37269773355004 7.788138950625964
74.37431652185516 7.837938563149588
74.37472666668481 7.887664169606331
74.37393599029862 7.937310842838111
74.3719523965396 7.986873685779873
74.36878386881601 8.036347833334007
74.36443846806671 8.085728454218094
74.35892433071076 8.13501075278452
74.35224966658242 8.184189970810547
74.34442275685213 8.233261389257462
74.33545195193474 8.282220329997493
74.3253456693859 8.331062157507185
74.31411239178732 8.379782280526017
74.30176066462224 8.428376153679062
74.28829909414188 8.476839279062563
74.27373634522395 8.525167207791316
74.25808113922423 8.57335554150684
74.24134225182215 8.621399933845352
74.22352851086153 8.669296091864595
74.20464879418748 8.717039777428678
74.18471202748029 8.764626808550075
74.16372718208763 8.812053060688033
74.14170327285589 8.859314468002694
74.11864935596174 8.906407024564245
74.09457452674492 8.953326785516548
74.06948791754341 9.000069868194666
74.04339869553175 9.046632453195848
74.01631606056372 9.093010785403512
73.98824924302036 9.139201174963903
73.95920750166424 9.185199998215069
73.92920012150104 9.23100369856795
73.89823641164942 9.276608787339352
73.86632570322008 9.322011844536684
73.83347734720509 9.367209519594352
73.79970071237828 9.412198532061817
73.76500518320776 9.45697567224329
73.72940015778138 9.50153780178919
73.6928950457461 9.545881854239449
73.65549926626211 9.59000483551886
73.61722224597261 9.63390382438471
73.57807341699002 9.677575972826947
73.53806221489954 9.721018506421213
73.4971980767808 9.764228724635123
73.45549043924849 9.807204001088184
73.41294873651255 9.84994178376583
73.36958239845887 9.892439595188057
73.32540084875117 9.934695032533197
73.28041350295463 9.976705767717425
73.23462976668213 10.018469547430586
73.1880590337637 10.059984193129024
73.14071068443971 10.101247600986063
73.09259408357866 10.142257741800892
73.04371857891978 10.18301266086657
72.9940934993414 10.223510477797957
72.94372815315533 10.263749386320345
72.89263182642794 10.30372765401965
72.84081378132832 10.34344362205499
72.788283254504 10.382895704834551
72.73504945548474 10.422082389655626
72.68112156511472 10.461002236309737
72.62650873401351 10.499653876653792
72.57122008106623 10.538036014148213
72.51526469194319 10.576147423363011
72.45865161764938 10.613986949452762
72.401389873104 10.651553507601507
72.34348843575032 10.688846082438538
72.28495624419621 10.725863727426098
72.22580219688535 10.762605564220008
72.16603515079946 10.799070782004208
72.10566392019165 10.835258636800274
72.044697275351 10.871168450752906
71.9831439413986 10.90679961139241
71.9210125971149 10.942151570875208
71.85831187379875 10.977223845203392
71.79505035415792 11.012016013424335
71.73123657123112 11.046527716811374
71.66687900734182 11.080758658026577
71.60198609308341 11.114708600266578
71.53656620633603 11.148377366392502
71.47062767131479 11.18176483804493
71.40417875764932 11.214870954744905
71.33722767949467 11.247695712981924
71.2697825946733 11.280239165289883
71.20185160384803 11.312501419311896
71.13344274972592 11.344482636854934
71.06456401629275 11.37618303293518
70.99522332807801 11.407602874815
70.92542854945009 11.438742481032428
70.85518748394153 11.469602220423994
70.78450787360416 11.500182511141787
70.71339739839357 11.530483819665555
70.64186367558308 11.560506659810665
70.56991425920656 11.590251591732716
70.49755663952992 11.619719220929595
70.4247982425511 11.64891019724171
70.35164642952807 11.677825213851174
70.2781084965345 11.706465006280611
70.20419167404292 11.734830351392345
70.12990312653487 11.762922066388587
70.05524995213774 11.790741007813338
69.98023918228795 11.81828807055661
69.90487778141997 11.845564186861596
69.82917264668102 11.872570325335392
69.75313060767083 11.89930748996384
69.67675842620619 11.925776719131067
69.60006279610982 11.951979084644229
69.52305034302323 11.977915690764014
69.44572762424302 12.003587673241363
69.36810112858034 12.028996198360913
69.290177276243 12.054142461991614
69.21196241873982 12.07902768864494
69.13346283880675 12.103653130541135
69.05468475035445 12.128020066683872
68.97563429843669 12.152129801943715
68.89631755923931 12.175983666150737
68.81674054008921 12.199583013196634
68.73690917948296 12.222929220146666
68.6568293471345 12.246023686361712
68.57650684404165 12.268867832630741
68.49594740257079 12.29146310031396
68.41515668655948 12.313810950496876
68.33414029143634 12.335912863155537
68.25290374435794 12.357770336333138
68.17145250436214 12.379384885328205
68.08979196253753 12.400758041894552
68.00792744220847 12.421891353453152
67.92586419913526 12.442786382316108
67.84360742172915 12.463444704922837
67.76116223128156 12.483867911088614
67.67853368220729 12.504057603265563
67.59572676230111 12.524015395816212
67.51274639300745 12.543742914299681
67.42959742970267 12.563241794770589
67.34628466198956 12.582513683090717
67.26281281400367 12.601560234253501
67.179186544731 12.620383111721358
67.09541044833668 12.638983986775893
67.01148905450431 12.657364537880992
66.92742682878541 12.675526450058795
66.84322817295883 12.693471414278552
66.75889742539945 12.711201126858334
66.6744388614561 12.728717288879585
66.58985669383802 12.746021605614455
66.5051550730098 12.763115785965903
66.4203380875942 12.78000154192048
66.33540976478261 12.796680588013764
66.2503740707528 12.813154640808348
66.16523491109355 12.829425418384329
66.07999613123594 12.845494639842208
65.99466151689087 12.861364024818105
65.90923479449246 12.877035293011197
65.82371963164718 12.892510163723287
65.73811963758818 12.907790355410384
65.6524383636347 12.922877585246189
65.56667930365609 12.937773568697368
65.48084589454034 12.9524800191105
65.39494151666662 12.966998647310547
65.30896949438173 12.981331161210758
65.22293309648008 12.995479265433833
65.13683553668693 13.009444660944235
65.05067997414471 13.023229044691503
64.96446951390206 13.036834109264413
64.87820720740535 13.050261542555862
64.79189605299257 13.063513027438306
64.70553899638918 13.076590241449614
64.61913893120573 13.089494856489171
64.53269869943709 13.102228538524102
64.44622109196305 13.114792947305427
64.35970884904994 13.127189736094014
64.27316466085325 13.139420551396165
64.186591167921 13.151487032708669
64.09999096169747 13.163390812273159
64.01336658502744 13.175133514839635
63.92672053266038 13.18671675743896
63.840055251754734 13.198142149164182
63.75337314238187 13.209411290960523
63.66667655802969 13.220525775423859
63.57996780610566 13.231487186607549
63.49324914843906 13.242297099837424
63.40652280178247 13.252957081534802
63.31979093831207 13.263468689047341
63.233055686126846 13.27383347048759
63.14631912974648 13.284052964579068
63.05958331060773 13.294128700509713
62.97285022755925 13.304062197792542
62.88612183735468 13.313854966133361
62.799400055143906 13.323508505305382
62.712686754962334 13.333024305030577
62.62598377021813 13.342403844867619
62.53929289417723 13.351648594106255
62.452615880446125 13.360760011667978
62.36595444345218 13.369739546012815
62.279310258921555 13.378588635052111
62.19268496435447 13.387308706067152
62.10608015949786 13.39590117563348
62.01949740681524 13.404367449550755
61.93293823195378 13.412708922778036
61.846404124208426 13.420926979374316
61.75989653698308 13.429022992444201
61.67341688824869 13.436998324088576
61.586966560998256 13.44485432536013
61.50054690369862 13.452592336223612
61.414159230739024 13.460213685520683
61.327804822876395 13.46771969093923
61.241484927677234 13.475111658987025
61.15520075995612 13.482390884969602
61.068953502210746 13.489558652972221
60.982744305053515 13.496616235845812
60.89657428763952 13.503564895196766
60.81044453809097 13.510405881380462
60.72435611391804 13.517140433498426
60.63831004243603 13.523769779398984
60.552307321178844 13.530295135681326
60.466348918308775 13.536717707702858
60.380435773022555 13.543038689589727
60.29456879595363 13.54925926425044
60.20874886957066 13.555380603392445
60.122976848572236 13.561403867541598
60.037253560277726 13.567330206064396
59.95157980501433 13.573160757192902
59.865956356500284 13.578896648052247
59.78038396222417 13.584538994690625
59.694863343820394 13.590088902111695
59.60939519744074 13.595547464309293
59.523980194122096 13.600915764304366
59.43861898015024 13.606194874184057
59.353312177419745 13.611385855142837
59.26806038379002 13.616489757525626
59.182864173437416 13.621507620872796
59.09772409720345 13.626440473967014
59.01264068293916 13.631289334881805
58.92761443584556 13.636055211031804
58.84264583881022 13.640739099224605
58.75773535273994 13.645341985714118
58.67288341688965 13.64986484625541
58.588090449187334 13.654308646160917
58.50335684655522 13.658674340357999
58.41868298522707 13.662962873447738
58.33406922106168 13.667175179764953
58.24951588985255 13.67131218343935
58.16502330763381 13.67537479845774
58.08059177098231 13.6793639287273
57.996221557316 13.683280468139781
57.911912925188545 13.687125300636648
57.82766611458024 13.690899300275062
57.74348134718517 13.694603331294681
57.65935882669474 13.698238248185213
57.57529873907754 13.70180489575468
57.4913012528555 13.705304109198348
57.40736651937651 13.708736714168264
57.32349467308339 13.712103526843372
57.23968583177929 13.715405354000147
57.15594009688955 13.71864299308373
57.07225755372003 13.721817232279491
56.98863827171189 13.724928850585009
56.905082304692996 13.72797861788241
56.821589691125745 13.730967295011041
56.738160454351544 13.73389563384043
56.65479460283187 13.73676437734351
56.571492130385934 13.739574259670071
56.488253016425 13.742326006220388
56.4050772261834 13.745020333719022
56.321964710946254 13.74765795028875
56.23891540827387 13.750239555524578
56.155929242222975 13.752765840567848
56.07300612356468 13.75523748818037
55.9901459499993 13.757655172818572
55.90734860636798 13.760019560707649
55.82461396486122 13.762331309915664
55.74194188522429 13.764591070427599
55.65933221495959 13.766799484219318
55.576784789525924 13.768957185331427
55.494299432534824 13.771064799943003
55.41187595594384 13.773122946445184
55.329514160246916 13.775132235514581
55.247213834661785 13.777093270186507
55.16497475731454 13.779006645928003
55.082796695421266 13.78087295071064
55.000679405466876 13.782692765083066
54.91862263338115 13.784466662243322
54.836626114711926 13.786195208110861
54.75468957479565 13.787878961398295
54.672812728925074 13.789518473682822
54.59099528251438 13.791114289477358
54.50923693126155 13.792666946301319
54.42753736130817 13.794176974751073
54.34589624939657 13.795644898570034
54.26431326302441 13.797071234718382
54.18278806059676 13.798456493442417
54.10132029157555 13.79980117834352
54.01990959662665 13.80110578644671
53.93855560776441 13.802370808268806
53.857257948493775 13.803596727886156
53.77601623395002 13.804784023001954
53.69483007103605 13.80593316501312
53.61369905855742 13.80704461907673
53.53262278735496 13.808118844176015
53.45160084043515 13.809156293185882
53.37063279309818 13.810157412937997
53.28971821306382 13.811122644285373
53.208856660595025 13.81205242216651
53.12804768861936 13.81294717566904
53.047290842848284 13.813807328092894
52.96658566189425 13.814633297012973
52.88593167738575 13.815425494341337
52.80532841408022 13.816184326388884
52.72477538997492 13.816910193926539
52.64427211641575 13.817603492245931
52.56381809820406 13.818264611219567
52.48341283370152 13.81889393536049
52.40305581493296 13.819491843881433
52.32274652768731 13.820058710753448
52.24248445161661 13.820594904764022
52.162269060333195 13.821100789574675
52.08209982150488 13.821576723778035
52.001976196948476 13.822023060954393
51.92189764272133 13.822440149727731
51.84186360921119 13.82282833382123
51.761873541224205 13.823187952112248
51.68192687807127 13.823519338686781
51.602023053652566 13.823822822893389
51.522161496540406 13.824098729396598
51.442341630060476 13.824347378229785
51.3625628723713 13.824569084847521
51.282824636542166 13.82476416017741
51.20312633062937 13.824932910671373
51.12346735775089 13.825075638356449
51.04384711615949 13.825192640885026
50.96426499931426 13.82528421158459
50.88472039595061 13.825350639506926
50.80521269014877 13.825392209476812
50.725741261400806 13.825409202140188
50.6463054846761 13.825401894011813
50.56690473048546 13.825370557522401
50.487538364943745 13.825315461065243
50.40820574983105 13.825236869042318
50.32890624265256 13.825135041909896
50.24963919669696 13.825010236223628
50.17040396109355 13.82486270468313
50.09119988086792 13.824692696176058
50.01202629699641 13.824500455821699
49.93288254645919 13.824286225014033
49.85376796229206 13.82405024146432
49.774681873637014 13.823792739243185
49.695623605791496 13.8235139488222
49.61659248025646 13.823214097114993
49.537587814783166 13.822893407517858
49.45860892341882 13.822552099949876
49.37965511655099 13.822190390892562
49.30072570095085 13.82180849342903
49.22181997981525 13.821406617282678
49.142937252807705 13.820984968855399
49.064076816098186 13.82054375126532
48.98523796240183 13.820083164384076
48.90641998101656 13.819603404873614
48.827622157859594 13.819104666222533
48.748843775502905 13.818587138781966
48.670084113207636 13.81805100980101
48.59134244695746 13.817496463461692
48.5126180494909 13.81692368091349
48.433910190332654 13.816332840307401
48.35521813582394 13.815724116829573
48.276541149151804 13.815097682734486
48.19787849037751 13.814453707377696
48.11922941646393 13.813792357248149
48.04059318130199 13.813113796000051
47.96196903573622 13.812418184484322
47.883356227589324 13.811705680779607
47.8047540016859 13.810976440222879
47.72616159987521 13.810230615439613
47.64757826105309 13.809468356373541
47.569003221182975 13.808689810316002
47.490435713316074 13.807895121934868
47.41187496761069 13.807084433303068
47.33332021135069 13.806257883926712
47.254770668963126 13.805415610772801
47.17622556203511 13.80455774829655
47.097684109329784 13.8036844284683
47.01914552680157 13.802795780800054
46.940609027610606 13.801891932371609
46.86207382213637 13.800973007856305
46.78353911799058 13.800039129546397
46.70500412002936 13.799090417378029
46.62646803036457 13.798126988955847
46.547930048374496 13.797148959577223
46.469389370713735 13.796156442256114
46.39084519132241 13.795149547746549
46.31229670143467 13.794128384565743
46.23374308958643 13.79309305901686
46.15518354162253 13.792043675211396
46.07661724070308 13.790980335091223
45.99804336730925 13.78990313845026
45.919461099248316 13.788812182955795
45.84086961165807 13.787707564169466
45.762268077010596 13.786589375567878
45.68365566511537 13.785457708562888
45.60503154312176 13.78431265252153
45.5263948755209 13.783154294785625
45.447744824146895 13.781982720691024
45.3690805481775 13.780798013586535
45.290401204134106 13.779600254852511
45.2117059458812 13.7783895239191
45.132993924625204 13.777165898284181
45.05426428891274 13.77592945353096
44.97551618462831 13.774680263345246
44.896748754991435 13.773418399532412
44.817961140553194 13.772143932034025
44.739152479192256 13.770856928944164
44.66032190611033 13.769557456525432
44.58146855382709 13.768245579224628
44.50259155217453 13.766921359688142
44.423690028290885 13.765584858777018
44.344763106613925 13.764236135581712
44.26580990887378 13.762875247436549
44.18682955408525 13.761502249933882
44.10782115853965 13.760117196937934
44.02878383579607 13.758720140598356
43.94971669667224 13.75731113136348
43.87061884923484 13.755890217993267
43.79148939878935 13.754457447571976
43.71232744786948 13.753012865520535
43.633132096226 13.751556515608609
43.553902440815264 13.750088439966394
43.47463757578716 13.748608679096112
43.395336592472674 13.747117271883223
43.315998579370934 13.74561425560735
43.23662262213592 13.744099665952922
43.15720780356262 13.742573537019524
43.07775320357285 13.741035901331983
42.99825789920057 13.739486789850158
42.91872096457685 13.73792623197845
42.839141470914356 13.736354255575051
42.759518486491466 13.73477088696089
42.67985107663595 13.733176150928326
42.60013830370826 13.731570070749552
42.52037922708445 13.729952668184723
42.44057290313863 13.728323963489823
42.36071838522512 13.726683975424246
42.28081472366014 13.725032721258108
42.20086096570321 13.723370216779294
42.12085615553804 13.721696476300224
42.04079933425322 13.720011512664355
41.9606895398224 13.718315337252413
41.880525807084176 13.71660795998835
41.800307167721634 13.714889389345041
41.72003265024149 13.713159632349702
41.63970127995292 13.711418694589048
41.559312078946014 13.709666580214176
41.47886406606996 13.707903291945188
41.39835625691079 13.706128831075535
41.31778766376888 13.704343197476105
41.23715729563612 13.70254638959903
41.15646415817268 13.700738404481243
41.07570725368356 13.698919237747743
40.99488558109477 13.697088883614613
40.91399813592922 13.695247334891759
40.833043910282306 13.693394582985377
40.752021892797195 13.691530617900163
40.670931068639796 13.689655428241238
40.58977041947349 13.687769001215813
40.508538923433505 13.685871322634576
40.427235555101085 13.683962376912817
40.345859285477324 13.682042147071268
40.264409081956764 13.68011061473668
40.18288390830069 13.678167760142117
40.10128272461021 13.676213562126978
40.01960448729903 13.674247998136755
39.93784814906601 13.672271044222487
39.85601265886748 13.67028267503996
39.77409696188923 13.668282863848614
39.6920999995184 13.666271582510173
39.610020709315016 13.664248801486995
39.52785802498337 13.662214489840123
39.44561087634312 13.660168615227075
39.36327818930024 13.658111143899324
39.2808588858177 13.6560420406995
39.19835188388598 13.653961269058295
39.115756097493346 13.651868790991077
39.03307043659598 13.649764567094216
38.95029380708785 13.647648556541098
38.8674251107705 13.645520717077849
38.784463245322534 13.643381005018755
38.70140710426905 13.641229375241377
38.61825557695083 13.639065781181358
38.535007548493404 13.636890174826926
38.45166189977596 13.634702506713069
38.36821750740008 13.632502725915417
38.28467324365842 13.630290780043788
38.201027976503134 13.628066615235419
38.117280569514286 13.62583017614787
38.03342988186808 13.623581405951608
37.94947476830502 13.621320246322249
37.86541407909794 13.619046637432467
37.781246660019924 13.616760517943574
37.696971352312225 13.614461824996747
37.612586992652005 13.612150494203911
37.528092413120056 13.609826459638278
37.443486441168474 13.60748965382452
37.358767899588244 13.605140007728592
37.273935606476826 13.602777450747196
37.18898837520566 13.600401910696862
37.10392501438769 13.598013313802666
37.01874432784487 13.595611584686573
36.93344511457563 13.593196646355393
36.84802616872242 13.590768420188349
36.76248627953919 13.588326825924248
36.67682423135898 13.585871781648267
36.59103880356148 13.583403203778321
36.50512877054073 13.580921007051023
36.41909290167278 13.578425104507234
36.33292996128351 13.575915407477188
36.246638708616544 13.573391825565182
36.16021789780118 13.570854266633837
36.073666277820564 13.56830263678792
35.986982592479876 13.565736840357701
35.90016558037476 13.56315677988188
35.81321397485987 13.560562356090019
35.72612650401758 13.557953467884532
35.63890189062692 13.555330012322177
35.551538852132715 13.55269188459506
35.46403610061493 13.550038978011163
35.37639234275829 13.547371183974343
35.28860627982211 13.54468839196384
35.2006766076105 13.541990489513248
35.11260201644274 13.539277362188965
35.02438119112411 13.536548893568096
34.936012810916914 13.533804965215811
34.847495549512026 13.531045456662145
34.75882807500067 13.528270245378215
34.67000904984668 13.525479206751873
34.581037130859194 13.522672214062757
34.49191096916573 13.519849138456742
34.40262921018582 13.517009848919775
34.313190493605084 13.514154212251091
34.22359345334984 13.511282093035778
34.13383671756229 13.5083933536167
34.04391890857623 13.505487854065763
33.95383864289344 13.502565452154487
33.86359453116063 13.499626003323902
33.77318517814712 13.496669360653737
33.682609182723176 13.493695374830887
33.59186513783907 13.49070389411715
33.500951630504936 13.487694764316219
33.40986724177138 13.484667828739902
33.31861054671095 13.481622928173575
33.22718011440046 13.478559900840827
33.13557450790422 13.4754785823673
33.043792284258174 13.4723788057437
32.9518319944551 13.469260401287956
32.85969218343074 13.466123196606516
32.767371390051046 13.462967016554755
32.67486814710053 13.459791683196492
32.582180981271755 13.456597015762565
32.48930841315601 13.453382830608476
32.39624895723527 13.450148941171067
32.303001121875425 13.44689515792421
32.20956340932085 13.443621288333489
32.11593431569039 13.440327136809849
32.022112330974785 13.437012504662194
31.92809593903562 13.433677190048908
31.83388361760582 13.430320987928265
31.739473838291783 13.426943690007725
31.644865066577193 13.423545084692059
31.550055761828595 13.4201249570303
31.455044377302766 13.416683088661491
31.359829360155988 13.413219257759192
31.264409151455258 13.409733238974711
31.168782186191528 13.406224803379057
31.07294689329504 13.402693718403546
30.976901695652842 13.399139747779062
30.88064501012855 13.395562651473922
30.784175247584436 13.391962185630318
30.68749081290596 13.388338102499286
30.590590105028777 13.384690150374205
30.493471516968356 13.381018073522734
30.396133435852278 13.377321612117203
30.298574242955326 13.373600502163384
30.20079231373744 13.369854475427612
30.102786017884664 13.366083259362224
30.004553719353176 13.36228657702926
29.90609377641651 13.358464147022387
29.807404541716096 13.354615683387014
29.708484362315208 13.350740895538522
29.609331579756454 13.346839488178597
29.509944530122944 13.342911161209592
29.410321544103226 13.338955609646876
29.310460947060168 13.334972523529114
29.21036105910387 13.33096158782644
29.1100201951688 13.326922482346443
29.00943666509525 13.32285488163793
28.908608773715297 13.318758454892397
28.807534820943392 13.31463286584315
28.706213101871768 13.310477772662018
28.6046419068708 13.306292827853591
28.50281952169451 13.302077678146905
28.400744227591378 13.297831964384534
28.29841430142066 13.293555321408997
28.195828015774357 13.289247377946408
28.092983639105075 13.284907756487307
27.98987943585996 13.280536073164583
27.8865136666209 13.27613193762842
27.7828845882512 13.271694952918178
27.678990454049007 13.267224715331126
27.574829513907634 13.26272081428794
27.470400014483076 13.258182832194876
27.365700199368927 13.253610344302539
27.260728309278964 13.249002918561116
27.155482582237653 13.244360115472027
27.04996125377885 13.239681487935846
26.94416255715295 13.234966581096414
26.838084723542817 13.230214932181026
26.731725982288726 13.225426070336583
26.62508456112268 13.220599516461597
26.518158686412388 13.21573478303392
26.410946583415228 13.210831373934088
26.303446476542554 13.205888784264145
26.195656589634662 13.200906500161812
26.08757514624681 13.195883998609883
25.97920036994664 13.190820747240686
25.87053048462339 13.185716204135481
25.761563714809313 13.180569817618647
25.652298286013686 13.175381026046487
25.542732425069858 13.170149257590516
25.432864360495753 13.164873930015043
25.32269232286832 13.159554450448901
25.212214545212362 13.154190215151138
25.10142926340424 13.148780609270478
24.99033471659098 13.143325006598388
24.87892914762528 13.137822769315541
24.767210803516946 13.13227324773147
24.65517793590136 13.126675780017234
24.542828801525484 13.121029691930833
24.43016166275208 13.115334296535217
24.31717478808269 13.109588893908592
24.203866452700048 13.103792770846834
24.090234939030616 13.097945200557747
23.97627853732784 13.092045442346917
23.861995546276923 13.086092741294886
23.747384273621797 13.0800863279254
23.632443036815065 13.074025417864434
23.5171701636917 13.067909211489699
23.401563993167297 13.061736893570348
23.285622875961757 13.055507632896548
23.1693451753492 13.04922058189862
23.052729267935092 13.042874876255393
22.935773544461465 13.036469634491437
22.818476410641196 13.03000395756282
22.70083628802236 13.02347692843101
22.582851614883683 13.016887611624547
22.464520847162188 13.010235052788083
22.34584245941408 13.003518278218387
22.226814945810094 12.996736294386873
22.107436821166445 12.989888087448232
21.987706622012627 12.9829726227347
21.867622907697324 12.975988844235475
21.747184261533786 12.968935674060827
21.62638929198598 12.961812011890359
21.505236633896992 12.954616734404915
21.38372494976111 12.947348694701583
21.26185293104111 12.940006721691217
21.13961929953232 12.932589619477923
21.01702280877512 12.92509616671986
20.89406224551751 12.917525115970767
20.770736431229537 12.909875193001547
20.64704422367139 12.902145096101219
20.522984518517017 12.894333495356571
20.39855625103522 12.886439031909763
20.27375839783025 12.878460317193133
20.148589978643965 12.870395932140436
20.023050058221738 12.862244426373703
19.897137748244322 12.854004317364877
19.77085220932803 12.845674089571375
19.644192653095587 12.837252193544655
19.51715834432018 12.828737045010884
19.38974860314525 12.820127023922709
19.26196280738273 12.811420473481164
19.13380039489245 12.802615699126655
19.005260866045617 12.79371096749795
18.876343786275303 12.784704505358073
18.74704878871702 12.775594498485948
18.61737557694257 12.766379090532574
18.487323927790467 12.757056381840542
18.356893694296296 12.747624428225567
18.22608480872661 12.738081239718737
18.094897285719963 12.728424779268094
17.963331225538862 12.718652961398139
17.83138681743661 12.70876365082577
17.699064343142997 12.69875466103116
17.56636418047312 12.688623752781982
17.433286807063592 12.678368632609358
17.299832804240683 12.667986951233853
17.166002861024985 12.657476301939784
17.03179777827742 12.646834218896034
16.897218472991504 12.63605817542153
16.762265982737073 12.625145582193474
16.626941470260633 12.614093785396339
16.491246228247906 12.602900064809608
16.355181684254145 12.591561631832167
16.218749405808058 12.580075627441166
16.08195110569534 12.568439120083154
15.94478864742798 12.556649103495184
15.807264050905774 12.54470249445356
15.669379498276534 12.532596130447782
15.531137340001836 12.520326767277252
15.392540101135207 12.507891076568184
15.253590487819944 12.495285643208133
15.114291394013895 12.482506962695503
14.974645908448775 12.469551438401306
14.834657321831731 12.45641537874044
14.694329134297126 12.44309499424968
14.55366506311665 12.429586394569522
14.412669050676074 12.415885585327024
14.271345272727139 12.40198846491671
14.129698146923241 12.387890821176637
13.987732341647737 12.373588327956632
13.845452785143832 12.359076541575824
13.702864674955162 12.344350897166464
13.559973487686287 12.329406704901187
13.416784989092424 12.314239146100805
13.273305244507803 12.298843269219866
13.129540629622094 12.283213985707212
12.985497841614356 12.267346065738964
12.841183910653953 12.251234133821418
12.696606211777807 12.23487266426154
12.551772477153254 12.218255976502947
12.406690808735624 12.201378230325487
12.261369691329413 12.184233420906805
12.115818006061664 12.16681537374465
11.97004504427576 12.149117739438994
11.824060521853447 12.131133988333584
11.677874593972273 12.112857405016952
11.53149787030505 12.094281082683576
11.384941430667096 12.07539791735656
11.238216841116158 12.056200601973908
11.091336170508786 12.036681620341456
10.944312007515768 12.0168332409564
10.797157478097708 11.996647510706586
10.649886263440305 11.976116248451945
10.502512618346925 11.955231038495883
10.355051390084006 11.933983223956078
10.207518037672378 11.912363900045891
10.059928651614904 11.890363907279646
9.912299974047729 11.867973824617255
9.764649419299031 11.845183962566189
9.616995094835264 11.821984356261556
9.469355822570574 11.79836475854818
9.321751160510251 11.774314633091986
9.174201424693702 11.749823147551789
9.02672771139644 11.72487916684681
8.879351919543991 11.699471246559886
8.732096773283281 11.673587626521407
8.584985844648946 11.64721622462467
8.438043576253115 11.620344630929505
8.29129530391739 11.59296010211774
8.14476727915496 11.565049556371479
7.998486691399001 11.536599568753205
7.8524816898606415 11.507596367175454
7.7067814048857075 11.478025829057284
7.561415968664215 11.447873478775065
7.41641653513004 11.41712448602612
7.271815298870328 11.385763665235668
7.127645512844975 11.35377547615024
6.983941504695864 11.321144025774291
6.840738691403503 11.287853071821115
6.698073592025226 11.253886027864349
6.5559838382243125 11.219225970392275
6.414508182273208 11.183855647983703
6.2736865021866945 11.147757492841313
6.133559803612444 11.110913634935875
5.994170218077142 11.073305919032457
5.855560997156535 11.034915924887368
5.717776502107707 10.995724990921849
5.580862188472042 10.955714241695071
5.444864585128221 10.914864619514304
5.309831267246899 10.873156920533617
5.175810822573148 10.830571835703706
5.042852810440264 10.787089996943353
4.911007712900175 10.74269202890706
4.78032687734261 10.697358606722407
4.650862449968861 10.651070520063616
4.522667299487797 10.603808743913511
4.395794930413503 10.555554516343195
4.2702993853674025 10.506289423605947
4.1462351358247655 10.455995492797634
4.023656960798262 10.404655292278797
3.9026198130217007 10.352252039982185
3.7831786722872796 10.29876971964224
3.6653883857015774 10.244193204878883
3.549303494760737 10.18850839094578
3.434978049305288 10.131702333812331
3.3224654086007046 10.073763396088962
3.2118180300013583 10.014681399126953
3.103087245892573 9.954447780428362
2.996323029866476 9.89305575529041
2.89157375336977 9.830500481384906
2.788885934361481 9.76677922474101
2.6883039798309727 9.701891525363958
2.5898699243442356 9.635839360489797
2.4936231671014797 9.568627303254178
2.3996002102915917 9.500262674350681
2.3078344018081873 9.430755684080362
2.2183556856357334 9.36011956205957
2.1311903634099387 9.288370671767948
2.046360870791639 9.215528607093027
1.9638855723554274 9.141616268071328
1.8837785786723495 9.066659913146301
1.806049589151012 8.990689185466417
1.7307037639870562 8.913737111035399
1.6577416282542783 8.835840066900557
1.5871590107527709 8.757037718020356
1.5189470197159205 8.677372921980576
1.453092056879093 8.596891601317587
1.3895758707430985 8.515642583841194
1.3283756491439447 8.433677412008926
1.269464150489252 8.351050123066782
1.212809872265774 8.267817002314713
1.1583772546877356 8.184036312455026
1.1061269166680257 8.099768002515754
1.0560159206779827 8.015073400288296
1.0079980625380405 7.930014892562629
0.9620241817682684 7.844655597671405
0.9180424878372403 7.759059034959143
0.8759988974865988 7.673288795772555
0.8358373782782247 7.587408220426537
0.7975002936065676 7.501480085346333
0.7609287446308216 7.415566304233047
0.7260629048963166 7.329727646663983
0.6928423438145139 7.244023477040284
0.6612063356369623 7.158511516252835
0.6310941510700993 7.073247627873847
0.6024453292145839 6.988285630115935
0.5751999280557225 6.903677134250721
0.5492987522631663 6.819471409660728
0.5246835575635658 6.735715275224068
0.5012972314172348 6.652453016310815
0.4790839501500715 6.569726326309188
0.4579893130589466 6.487574271302142
0.4379604543192 6.406033276281205
0.4189461337759848 6.325137131112687
0.40089680789826065 6.244917014358052
0.38376468231826044 6.165401532990242
0.36750374747449427 6.086616776034967
0.3520697989279633 6.008586380193863
0.33742044393486476 5.931331605568121
0.32351509584052796 5.854871419689938
0.31031495781440205 5.779222588178608
0.29778299738012787 5.704399770462308
0.2858839131131712 5.630415619140388
0.27458409478576085 5.557280881699656
0.2638515781389924 5.485004503437855
0.2536559953583702 5.413593730585101
0.2439685222246437 5.34305421274693
0.23476182280887395 5.2733901039188344
0.22600999248107184 5.204604161440448
0.21768849990686073 5.136697842366805
0.2097741286174141 5.069671396833955
0.20224491865505748 5.003523958086392
0.19508010872076811 4.938253628914286
0.18826007918049567 4.873857564319757
0.1817662962247197 4.810332050293725
0.17558125741977074 4.747672578638787
0.16968843883988277 4.685873917819726
0.16407224392535535 4.624930179862214
0.1587179541741717 4.564834883352847
0.15361168174150988 4.505581012620286
0.14874032399334788 4.44716107319883
0.1440915200363567 4.389567143692644
0.13965360922606299 4.332790924171832
0.13541559163843253 4.276823781240953
0.1313670904761859 4.2216567899270965
0.12749831636994555 4.167280772538517
0.1238000335253966 4.113686334646636
0.12026352766071355 4.0608638983442065
0.11688057567328997 4.008803732930935
0.11364341697105719 3.957495983175199
0.11054472640117097 3.906930695296839
0.10757758870738687 3.8570978408116323
0.10473547444686176 3.807987338373091
0.10201221729725955 3.7595890737418642
0.09940199268577225 3.711892918007375
0.09689929767287858 3.6648887441804905
0.09449893202525203 3.6185664422701174
0.09219598041411575 3.5729159329507016
0.08998579567744912 3.527927179921736
0.0878639830867208 3.4835902010546356
0.08582638556120302 3.4398950784166966
0.08386906977536963 3.396831967256435
0.0819883131073601 3.3543911040293155
0.08018059137897382 3.31256281353786
0.07844256734012052 3.2713375152552926
0.07677107985307337 3.2307057288972754
0.0751631337342374 3.1906580793019375
0.07361589021344436 3.15118530067425
0.07212665797300831 3.1122782402469036
0.07069288473091709 3.073927861406155
0.0693121493345891 3.03612524632764
0.06798215433358985 2.9988615981639017
0.06670071900157752 2.9621282428223314
0.06546577277953049 2.9259166303693434
0.06427534911400384 2.890218336093959
0.06312757966576746 2.855025061261456
0.06202068886569712 2.820328633585429
0.06095298879622555 2.786121007444421
0.05992287437801399 2.752394263867283
0.05892881884278122 2.7191406103095237
0.05796936947442778 2.686352380241183
0.057043143601722905 2.6540220325651247
0.05614882482688308 2.6221421508831533
0.0552851594753677 2.5907054426259535
0.05445095325315238 2.5597047380615674
0.053645068098617577 2.529132989195923
0.05286641921701172 2.498983268577813
0.052113972286218266 2.469248768019705
0.051386740823276954 2.4399227972448174
0.050683783701784425 2.4109987824700028
0.050004202810931035 2.3824702649331893
0.049347140847521495 2.3543308993733683
0.048711779232879636 2.3265744524704317
0.04809733614705451 2.2991948012515246
0.047503064673228214 2.272185931469984
0.04692825104567761 2.2455419359624047
0.046372212995064575 2.219257012988858
0.045834298185223964 2.1933254645608407
0.045313882735987784 2.167741694761102
0.044810369826928674 2.142500208059103
0.044323188377228345 2.1175956076255105
0.04385179179717794 2.0930225936487905
0.04339565680709886 2.0687759616566663
0.04295428231973587 2.0448506008449234
0.042527188382420686 2.0212414924157893
0.04211391517553386 1.997943707927879
0.04171402206400851 1.9749524076594842
0.04132708669882023 1.952262838986778
0.040952704165595814 1.9298703347783335
0.04059048617764948 1.9077703118071843
0.040240060310919826 1.8859582691815
0.03990106927843486 1.8644297867948156
0.03957317024207654 1.8431805237966206
0.03925603415955114 1.822206217084
0.03894934516459821 1.8015026798149154
0.03865279997858887 1.7810657999436068
0.03836610735177504 1.7608915387785238
0.03808898753255497 1.740975929563098
0.037821171763217316 1.721315076079606
0.03756240180071731 1.7019051512763013
0.03731242946112362 1.6827423959179333
0.03707101618645463 1.6638231172597202
0.03683793263269762 1.6451436877447885
0.03661295827787488 1.6267005437250497
0.03639588104908636 1.6084901842054473
0.03618649696752072 1.5905091696114657
0.03598460981048427 1.5727541205797642
0.03579003078955208 1.55522171677177
0.035602578243996465 1.5379086957100376
0.035422077348696235 1.5208118516371592
0.03524835983577499 1.50392803439699
0.03508126372925937 1.4872541483379378
0.03492063309208771 1.4707871512380453
0.034766317784837186 1.454524053251586
0.03461817323557258 1.438461915876877
0.03447606022025296 1.4225978509450083
0.034339844653163594 1.4069290196291737
0.03420939738686976 1.3914526314742857
0.03408459402121662 1.3761659434465507
0.033965314720925274 1.3610662590026732
0.03385144404135949 1.346150927178357
0.0337428707620606 1.3314173416957698
0.033639487727669774 1.3168629400896328
0.03354119169587702 1.3024852028515979
0.033447883192055966 1.2882816525925755
0.033359466370261 1.2742498532226756
0.03327584888028094 1.2603874091484248
0.03319694174045923 1.2466919644869279
0.03312265921600587 1.2331612022966383
0.0330529187025408 1.2197928438244103
0.03298764061462175 1.2065846477685047
0.03292674827902258 1.1935344095572247
0.03287016783253996 1.1806399606428626
0.032817828124117765 1.1678991678106398
0.03276966062108941 1.1553099325023297
0.032725599319348216 1.1428701901542524
0.03268558065726584 1.1305779095493411
0.03264954343318763 1.118431092182978
0.03261742872634253 1.1064277716423074
0.03258917982101314 1.094566012998734
0.03256474213381932 1.082843912213323
0.03254406314397591 1.0712595955548219
0.032527092326392185 1.059811219030026
0.03251378108748684 1.0484969678262217
0.03250408270359893 1.0373150557654394
0.032497952261880535 1.0262637247702546
0.03249534660356288 1.0153412443408854
0.0324962242694926 1.0045459110433324
0.03250054544783989 0.9938760480083184
0.03250827192388507 0.9833300044407854
0.03251936703179441 0.9729061551397136
0.03253379560830037 0.9626029000280321
0.032551523948205534 0.9524186636923954
0.03257251976163299 0.942351894932604
0.03259675213294999 0.932401066320452
0.032624191481294786 0.9225646737677918
0.03265480952263987 0.9128412361036053
0.03268857923332811 0.9032292946598826
0.03272547481502101 0.8937274128661061
0.03276547166100122 0.8843341758521501
0.03280854632377401 0.8750481900594012
0.032854676483915025 0.8658680828599189
0.032903840920113975 0.8567925021834522
0.032956019480366125 0.8478201161521358
0.03301119305426583 0.8389496127226932
0.03306934354635814 0.8301796993359764
0.03313045385050672 0.8215091025736782
0.03319450782523794 0.8129365678220547
0.03326149027002308 0.8044608589425001
0.033331386902461915 0.7960807579488199
0.03340418433633289 0.7877950646910525
0.033479870060476376 0.7796025965456904
0.033558432418479146 0.7715021881121592
0.03363986058912946 0.7634926909154129
0.03372414456761354 0.755572973114509
0.03381127514742544 0.7477419192170288
0.03390124390296367 0.7399984297992135
0.033994043172788715 0.7323414212316869
0.03408966604351724 0.7247698254106416
0.034188106334329185 0.7172825894943659
0.0342893585820655 0.7098786756449925
0.03439341802689487 0.7025570607753546
0.034500280598528846 0.6953167363008337
0.034609942902965596 0.68815670789609
0.034722402209743354 0.6810759952565676
0.03483765643968542 0.6740736318646682
0.03495570415311933 0.6671486647604905
0.03507654453855346 0.6603001543170354
0.03520017740179522 0.6535271740197778
0.03532660315549532 0.6468288102505105
0.03545582280910359 0.6402041620753655
0.035587837959222095 0.6336523410369215
0.03572265078034219 0.6271724709503096
0.035860264015952374 0.6207636877032282
0.03600068097000461 0.6144251390597835
0.0361439054987271 0.6081559844680722
0.036289942002772066 0.6019553948714251
0.03643879541968757 0.5958225525232326
0.036590471216702745 0.5897566508052747
0.03674497538381629 0.5837568940494806
0.036902314427178576 0.577822497363043
0.03706249536275791 0.5719526864568163
0.03722552571028202 0.5661466974769277
0.03739141348744615 0.5604037768395331
0.03756016720437939 0.5547231810686505
0.03773179585836138 0.5491041766370045
0.03790630892878174 0.5435460398098205
0.0380837163723347 0.5380480564915028
0.03826402861844215 0.5326095220751385
0.03844725656489802 0.527229741294766
0.038633411573727745 0.5219080280803505
0.03882250546725627 0.5166437054154096
0.03901455052437883 0.5114361051972329
0.0392095594770285 0.5062845680996426
0.03940754550683506 0.5011884434382411
0.039608522241969785 0.4961470890380937
0.039812503754170975 0.4911598711037971
0.040019504555945364 0.4862261640918828
0.04022953959794054 0.48134535058550804
0.04044262426648387 0.4765168211713868
0.040658774381283506 0.4717399743189149
0.0408780061932872 0.46701421626144424
0.041100336382694946 0.46233896087966164
0.04132578205712142 0.4577136295870302
0.04155436074990455 0.4531376512172503
0.04178609041855654 0.44861046191369963
0.0420209894433539 0.44413150502081206
0.042259076626063034 0.4397002309773559
0.04250037118879837 0.4353160972115736
0.042744892773009684 0.4309785680381451
0.04299266143859586 0.42668711455693803
0.04324369766314207 0.4224412145535097
0.04349802234127766 0.41824035240132473
0.04375565678415222 0.4140840189656553
0.04401662271902704 0.40997171150912964
0.04428094228897975 0.4059029335988965
0.04454863805271968 0.40187719501537345
0.04481973298451166 0.39789401166254773
0.04509425047420617 0.3939529054797993
0.045372214327373664 0.3900534043552157
0.04565364876554115 0.3861950420403701
0.045938578426529014 0.3823773580665333
0.04622702836488635 0.378599897662292
0.04651902405242287 0.37486221167254635
0.046814591378835875 0.371163856478859
0.047113756652430464 0.36750439392113093
0.04741654660093156 0.3638833912205767
0.047722988372386164 0.3603004209039759
0.04803310953615445 0.3567550607291748
0.04834693808398825 0.353246893611815
0.04866450243119566 0.34977550755326553
0.04898583141789049 0.3463404955697353
0.049310954310325304 0.34294145562254336
0.04963990080230698 0.3395779905495256
0.0499727010166935 0.3362497079975553
0.05030938550697114 0.3329562203561578
0.0506499852589108 0.3296971446921973
0.05099453169230274 0.32647210268561705
0.05134305666276858 0.32328072056621204
0.051695592463649825 0.32012262905141564
0.05205217182797202 0.3169974632850808
0.0524128279304837 0.31390486277723767
0.05277759438976947 0.3108444713448092
0.05314650527043636 0.30781593705326754
0.05351959508537284 0.3048189121592132
0.053896898798079886 0.3018530530538603
0.05427845182507335 0.29891802020741143
0.05466429003835715 0.2960134781143057
0.055054449767966696 0.2931390952393237
0.055448967804582014 0.29029454396453463
0.055847881402210114 0.28747950053706917
0.056251228280936066 0.2846936450177038
0.05665904662974244 0.281936661230242
0.057071375109396666 0.2792082367116777
0.05748825285540587 0.2765080626631266
0.05790971948103896 0.2738358339015124
0.05833581508041555 0.27119124881199347
0.05876658023166142 0.26857400930111774
0.05920205600013027 0.2659838207506919
0.059642283941691486 0.2634203919723528
0.06008730610608373 0.2608834351628285
0.06053716504033407 0.25837266585987684
0.06099190379224254 0.2558878028988891
0.06145156591393193 0.25342856837014804
0.06191619546546264 0.25099468757672755
0.06238583701851256 0.2485858889930241
0.06286053566012173 0.24620190422390786
0.06334033699650186 0.24384246796448303
0.0638252871569105 0.2415073179604472
0.06431543279758989 0.2391961949690388
0.06481082110577044 0.23690884272056287
0.0653114998037389 0.23464500788048495
0.06581751715297104 0.23240444001208355
0.0663289219583291 0.23018689153965138
0.0668457635723238 0.2279921177122362
0.06736809189944125 0.22581987656791197
0.06789595740053453 0.22366992889857118
0.06842941109728029 0.22154203821522978
0.06896850457670027 0.21943597071383578
0.06951328999574798 0.2173514952415732
0.07006382008596061 0.21528838326365293
0.0706201481581764 0.21324640883058227
0.07118232810731742 0.21122534854590536
0.07175041441723828 0.20922498153440636
0.07232446216564058 0.2072450894107679
0.07290452702905358 0.20528545624867708
0.07349066528788113 0.2033458685503716
0.07408293383151526 0.20142611521661882
0.07468139016351642 0.19952598751712072
0.07528609240686086 0.1976452790613373
0.07589709930925533 0.1957837857697222
0.07651447024851928 0.19394130584536315
0.07713826523803502 0.19211763974602125
0.07776854493226602 0.19031259015656193
0.07840537063234365 0.18852596196177193
0.07904880429172277 0.18675756221955536
0.07969890852190646 0.18500720013450328
0.0803557465982402 0.18327468703183036
0.08101938246577589 0.18155983633167308
0.08168988074520613 0.17986246352374322
0.082367306738869 0.17818238614233142
0.08305172643682386 0.17651942374165502
0.08374320652299852 0.17487339787154452
0.08444181438140813 0.17324413205346356
0.08514761810244635 0.17163145175685707
0.08586068648924905 0.17003518437582227
0.08658108906413116 0.16845515920609758
0.087308896075097 0.1668912074223643
0.08804417850242455 0.16534316205585636
0.08878700806532419 0.16381085797227313
0.0895374572286724 0.16229413184999053
0.09029559920982076 0.16079282215856608
0.09106150798548099 0.15930676913753297
0.0918352582986863 0.15783581477547892
0.09261692566582971 0.15637980278940528
0.09340658638377987 0.15493857860436216
0.09420431753707477 0.15351198933335536
0.0950101970051941 0.15209988375752065
0.09582430346991064 0.15070211230656178
0.09664671642272132 0.14931852703944778
0.09747751617235853 0.14794898162536588
0.09831678385238221 0.14659333132492586
0.09916460142885337 0.14525143297161247
0.10002105170808961 0.14392314495348166
0.10088621834450325 0.14260832719509736
0.10176018584852266 0.14130684113970496
0.1026430395945975 0.140018549731638
0.10353486582928847 0.13874331739895462
0.1044357516794421 0.13748101003630028
0.10534578516045137 0.13623149498799333
0.10626505518460294 0.13499464103133033
0.10719365156951124 0.13377031836010764
0.10813166504664058 0.1325583985683562
0.10907918726991565 0.1313587546342862
0.11003631082442125 0.1301712609044389
0.11100312923519193 0.1289957930780421
0.1119797369760922 0.12783222819156667
0.11296622947878816 0.12668044460348094
0.11396270314181112 0.12554032197920026
0.11496925533971404 0.12441174127622873
0.11598598443232165 0.12329458472949036
0.11701298977407475 0.12218873583684706
0.11805037172346966 0.12109407934480054
0.11909823165259358 0.12001050123437565
0.1201566719567565 0.11893788870718237
0.12122579606422072 0.1178761301716542
0.12230570844602842 0.11682511522946001
0.12339651462592847 0.11578473466208726
0.12449832119040302 0.11475488041759394
0.12561123579879482 0.11373544559752684
0.12673536719353615 0.11272632444400392
0.12787082521048 0.11172741232695833
0.12901772078933468 0.11073860573154187
0.13017616598420248 0.10975980224568566
0.13134627397422322 0.1087909005478157
0.1325281590743238 0.10783180039472143
0.13372193674607447 0.10688240260957471
0.13492772360865268 0.10594260907009763
0.1361456374499157 0.10501232269687667
0.1373757972375825 0.10409144744182144
0.13861832313052613 0.10317988827676587
0.1398733364901775 0.10227755118220994
0.1411409598920414 0.10138434313619996
0.14242131713732573 0.10050017210334562
0.143714533264685 0.09962494702397184
0.14502073456207895 0.09875857780340351
0.14634004857874738 0.09790097530138148
0.14767260413730207 0.09705205132160795
0.14901853134593687 0.0962117186014194
0.1503779616107569 0.09537989080158552
0.15175102764822798 0.0945564824962322
0.15313786349774722 0.09374140916288727
0.15453860453433577 0.09293458717264688
0.1559533874814549 0.0921359337804613
0.1573823504239464 0.09134536711553834
0.15882563282109832 0.09056280617186288
0.16028337551983718 0.08978817079883095
0.16175572076804767 0.08902138169199678
0.163242812228021 0.08826236038393152
0.16474479499003303 0.08751102923519194
0.16626181558605305 0.08676731142539769
0.1677940220035846 0.08603113094441588
0.1693415636996394 0.0853024125836513
0.1709045916148454 0.08458108192744118
0.17248325818769009 0.08386706534455282
0.17407771736890057 0.08316028997978304
0.17568812463596098 0.08246068374565795
0.1773146370077689 0.08176817531423175
0.17895741305943177 0.08108269410898344
0.18061661293720452 0.08040417029680991
0.18229239837356942 0.07973253478011438
0.18398493270245983 0.07906771918898897
0.18569438087462856 0.07840965587349001
0.18742090947316234 0.0777582778960051
0.18916468672914363 0.07711351902371066
0.1909258825374609 0.0764753137211188
0.19270466847276874 0.07584359714271248
0.19450121780559906 0.0752183051256677
0.1963157055186246 0.07459937418266178
0.198148308323076 0.07398674149476651
0.19999920467531399 0.07338034490442517
0.20186857479355746 0.07278012290851237
0.20375660067476947 0.07218601465147563
0.20566346611170172 0.07159795991855783
0.2075893567100995 0.0710158991290993
0.20953445990606812 0.07043977332991867
0.21149896498360196 0.06986952418877165
0.21348306309227819 0.06930509398788648
0.21548694726511575 0.06874642561757538
0.21751081243660148 0.06819346256992093
0.21955485546088455 0.06764614893253645
0.22161927513014082 0.06710442938239962
0.22370427219310815 0.06656824917975823
0.2258100493737945 0.0660375541621074
0.22793681139036 0.06551229073823722
0.23008476497417443 0.0649924058823502
0.2322541188890517 0.06447784712824732
0.23444508395066266 0.0639685625635823
0.23665787304612768 0.06346450082418287
0.23889270115379058 0.06296561108843854
0.24114978536317538 0.0624718430717539
0.24342934489512727 0.061983147021066755
0.24573160112213935 0.06149947370943028
0.24805677758886668 0.06102077443065849
0.2504051000328291 0.06054700099403425
0.25277679640530454 0.06007810571907906
0.25517209689241377 0.059614041430383985
0.25759123393639927 0.059154761452500905
0.2600344422570984 0.058700219604893474
0.26250195887361333 0.05825037019694705
0.26499402312617937 0.05780516802303691
0.2675108766982325 0.05736456835765411
0.27005276363867853 0.056928526950588317
0.2726199303843651 0.05649700002216692
0.275212625782758 0.056069944258549866
0.27783110111482373 0.05564731680707948
0.2804756101181197 0.055229075271684754
0.28314640901009414 0.054815177708339366
0.28584375651159627 0.05440558262057297
0.28856791387060005 0.05400024895503503
0.2913191448861415 0.053599136097110686
0.2940977159324725 0.053202203866588034
0.29690389598343186 0.05280941251337628
0.299737956637036 0.05242072271327418
0.30260017214029067 0.052036095563788215
0.3054908194142252 0.051655492579999976
0.3084101780791512 0.0512788756904822
0.31135853048014783 0.05090620723326291
0.31433616171277434 0.0505374499518372
0.31734335964901267 0.050172566991226054
0.320380414963441 0.04981152189408181
0.3234476211596408 0.04945427859683964
0.3265452745968386 0.04910080142591465
0.3296736745167837 0.0487510550939441
0.33283312307086554 0.0484050046960742
0.33602392534746983 0.04806261570629111
0.3392463893995775 0.04772385397379559
0.34250082627260686 0.047388685719420905
0.34578755003250133 0.04705707753209351
0.3491068777940647 0.04672899636533606
0.35245912974954496 0.046404409533812335
0.35584462919746945 0.04608328470991364
0.3592637025717324 0.045765589920386214
0.36271667947093705 0.04545129354299935
0.3662038926879942 0.045140364303253626
0.3697256782399787 0.044832771271129036
0.3732823753982462 0.0445284838578725
0.3768743267188112 0.04422747181282441
0.38050187807298946 0.04392970522028377
0.3841653786783052 0.04363515449641166
0.3878651811296661 0.04334379038617251
0.39160164143080745 0.043055583960312935
0.39537511902600686 0.04277050661237769
0.39918597683207274 0.04248853005576242
0.40303458127060665 0.04220962632080285
0.4069213023005428 0.04193376775190005
0.41084651345096596 0.04166092700468149
0.4148105918542095 0.04139107704319744
0.4188139182792358 0.041124191137152516
0.42285687716530096 0.04086024285917197
0.426939856655905 0.04059920608210237
0.43106324863303014 0.040341054976346484
0.43522744875166886 0.040085764007231885
0.43943285647464336 0.03983330793241314
0.44367987510771845 0.03958366179930717
0.4479689118350099 0.03933680094256155
0.4523003777546898 0.03909270098155538
0.4566746879149909 0.038851337817932576
0.4610922613505121 0.038612687633167136
0.4655535211188267 0.038376726886160256
0.4700588943373946 0.038143432310868926
0.4746088122207821 0.037912780913965785
0.4792037101181891 0.03768474997252995
0.4838440275512867 0.03745931703176859
0.4885302082523673 0.03723645990276896
0.49326270020280794 0.037016156660280713
0.49804195567184945 0.0367983856405281
0.5028684312556936 0.03658312543905203
0.5077425879169188 0.03637035490858157
0.5126648910242179 0.03616005315693475
0.517635810392458 0.03595219954494842
0.5226558203230657 0.03574677368443697
0.5277253996447387 0.03554375543617962
0.5328450317544857 0.03534312490793618
0.5380152046589963 0.03514486245249091
0.5432364110163429 0.034948948665724476
0.5485091481780163 0.03475536438471365
0.5538339182312967 0.03456409068585858
0.5592112280419612 0.03437510888303751
0.5646415892973311 0.0341884005257887
0.5701255185496589 0.03400394739751933
0.5756635372598576 0.03382173151374133
0.5812561718415745 0.03364173512033382
0.5869039537056094 0.03346394069183207
0.5926074193046811 0.0332883309297428
0.5983671101785417 0.03311488876088564
0.6041835729994423 0.03294359733576057
0.6100573596179496 0.03277444002694125
0.6159890271091172 0.03260740042749401
0.6219791378190106 0.032442462349422385
0.6280282594115902 0.032279609822137095
0.6341369649159517 0.032118827090951194
0.6403058327739258 0.031960098615600424
0.64653544688804 0.031803409068788493
0.6528263966698417 0.03164874333475723
0.6591792770885861 0.03149608650788145
0.6655946887202893 0.03134542389128846
0.6720732377971471 0.03119674099550195
0.6786155362573232 0.031050023537110377
0.6852222017951055 0.030905257437459484
0.6918938579114337 0.03076242882136903
0.6986311339647979 0.030621524015873525
0.7054346652225114 0.030482529548986906
0.7123050929123562 0.03034543214849105
0.7192430642746046 0.030210218740748036
0.7262492326144172 0.030076876449536015
0.733324257354618 0.0299453925949087
0.7404688040888485 0.029815754692078283
0.7476835446351002 0.029687950450321774
0.7549691570896288 0.029561967771910638
0.7623263258812487 0.029437794751063694
0.7697557418260104 0.029315419672923178
0.7772581021822598 0.029194831012553914
0.7848341107060827 0.029076017433965526
0.7924844777071323 0.028958967789157637
0.8002099201048429 0.02884367111718799
0.8080111614850289 0.028730116643263453
0.8158889321568699 0.02861829377785383
0.8238439692102827 0.02850819211582847
0.8318770165736814 0.028399801435615605
0.8399888250721241 0.028293111698384377
0.8481801524858482 0.02818811304724954
0.856451763609194 0.028084795806498777
0.8648044303099165 0.027983150480842642
0.8732389315888869 0.027883167754687046
0.8817560536401815 0.027784838491428324
0.8903565899115609 0.027688153732770827
0.8990413411653368 0.02759310469806703
0.9078111155396286 0.027499682783680177
0.9166667286100074 0.027407879562369394
0.9256090034515299 0.02731768678269732
0.9346387707011582 0.027229096368460253
0.9437568686205695 0.02714210041814076
0.9529641431593509 0.02705669120438283
0.9622614480185816 0.026972861173489536
0.9716496447148018 0.026890602944943214
0.981129602644365 0.026809909310948215
0.9907021991481763 0.026730773235996222
1.000368319576813 0.026653187856454152
1.0101288573560283 0.026577146480174688
1.0199847140526366 0.02650264258612947
1.029936799440778 0.02642966982406498
1.0399860315685627 0.026358222014181133
1.050133336825092 0.026288293146832682
1.0603796500078566 0.026219877382253405
1.0707259143905077 0.026152969050303176
1.081173081791002 0.02608756265023796
1.091722112640117 0.026023652850502774
1.1023739760503366 0.025961234488547726
1.113129649885101 0.025900302570667114
1.123990120828424 0.02584085227186173
1.1349563844548707 0.0257828789357244
1.1460294452998978 0.02572637807434886
1.1572103169305485 0.02567134536826203
1.1685000220165047 0.025617776666379762
1.1798995924014897 0.0255656679859862
1.1914100691750207 0.02551501551273677
1.203032502744508 0.02546581560068497
1.2147679529076951 0.025418064772332986
1.2266174889254413 0.02537175971870632
1.2385821895948372 0.025326897299452464
1.2506631433226552 0.02528347454296376
1.262861448199126 0.025241488646524597
1.2751782120720427 0.02520093697648299
1.2876145526211822 0.025161817068446737
1.3001715974330452 0.02512412662750425
1.312850484075907 0.025087863528470172
1.3256523601751748 0.025053025816155972
1.3385783834890486 0.025019611705665603
1.3516297219844782 0.02498761958271641
1.3648075539134135 0.024957048003985398
1.37811306788934 0.024927895697481064
1.391547462964098 0.0249001615629409
1.4051119487049744 0.02487384467225475
1.4188077452720662 0.024848944269914228
1.432636083495908 0.024825459773488275
1.4465982049553539 0.02480339077412514
1.4606953620557126 0.024782737037080883
1.474928818107126 0.024763498502274616
1.4892998474031838 0.024745675284870695
1.503809735299768 0.024729267675888
1.5184597782941205 0.024714276142836576
1.5332512841041255 0.024700701330381755
1.5481855717477975 0.024688544061036058
1.5632639716229686 0.024677805335879006
1.578487825587167 0.024668486335305127
1.5938584870376762 0.02466058841980034
1.6093773209917672 0.02465411313074696
1.6250457041670956 0.02464906219125755
1.6408650250622514 0.02464543750703788
1.6568366840374555 0.0246432411672792
1.6729620933953897 0.024642475445580125
1.689242677462152 0.024643142800898334
1.7056798726683262 0.024645245878532368
1.722275127630155 0.02464878751113381
1.7390299032308052 0.02465377071975008
1.7559456727017155 0.024660198714898152
1.773023921704012 0.024668074897669444
1.7902661484099822 0.0246774028608662
1.8076738635845948 0.024688186390169627
1.8252485906670515 0.02470042946534012
1.8429918658523596 0.02471413626144983
1.860905238172911 0.02472931115014794
1.8789902695800538 0.024745958700958894
1.897248535025644 0.024764083682614003
1.915681622543563 0.02478369106441664
1.934291133331183 0.02480478601764143
1.953078681830772 0.024827373916967765
1.9720458958108156 0.02485146034194798
1.9911944164472453 0.024877051078510508
2.010525898404555 0.02490415212049846
2.030042009916791 0.024932769671243898
2.049744432868394 0.024962910145178218
2.069634862874885 0.02499458016947904
2.0897150093633674 0.02502778658575394
2.1099865956528325 0.025062536451761444
2.130451359034253 0.02509883704316968
2.151111050850437 0.025136695855353084
2.1719674365756325 0.025176120605227587
2.1930222958948575 0.025217119233124658
2.214277422782936 0.02525969990470469
2.2357346255832207 0.025303871012910106
2.2573957270859824 0.025349641179958655
2.279262564606441 0.02539701925937734
2.30133699006242 0.025446014338077402
2.3236208700516015 0.02549663573847089
2.3461160859283554 0.02554889302062919
2.3688245338801246 0.02560279598448408
2.39174812500334 0.025658354672071726
2.4148887853788397 0.025715579369820166
2.4382484561467703 0.025774480610880727
2.4618290935809437 0.02583506917750392
2.4856326691626234 0.02589735610346033
2.509661169653714 0.025961352676506982
2.5339165971693296 0.02602707044089978
2.5584009692497083 0.026094521199952495
2.583116318931452 0.026163717018642882
2.608064694818056 0.026234670226266497
2.633248161149706 0.02630739341913874
2.6586687978723065 0.026381899463345723
2.6843287007057164 0.026458201497544555
2.7102299812111577 0.026536312935813607
2.7363747668577663 0.02661624747055338
2.7627652010882553 0.026698019075438582
2.7894034433836548 0.02678164200842201
2.8162916693270983 0.02686713081479092
2.8434320706666214 0.026954500330276458
2.8708268553769365 0.027043765684216833
2.8984782477201523 0.0271349423027749
2.926388488305399 0.027228045912210792
2.954559834147326 0.02732309254221029
2.982994558723434 0.027420098529269618
3.0116949520302017 0.027519080520137365
3.0406633206379765 0.02762005547531423
3.069901987744581 0.027723040672611308
3.099413293227603 0.027828053710767648
3.1291995936953265 0.027935112513127837
3.159263262536263 0.02804423533138032
3.1896066899672406 0.02815544074935725
3.2202322830800116 0.02826874768689663
3.2511424658863346 0.028384175403767524
3.2823396793614865 0.02850174350365912
3.313826381486161 0.028621471938234482
3.345605047286711 0.028743381011249763
3.3776781688736843 0.028867491382739748
3.4100482554786127 0.028993824073270523
3.4427178334890014 0.02912240046826017
3.475689446481476 0.029253242322368304
3.508965655253034 0.029386371763955362
3.5425490378503572 0.029521811299612493
3.5764421895971297 0.029659583818763
3.6106477231193126 0.02979971259833621
3.645168268368326 0.029942221307514675
3.680006472642085 0.030087134012555715
3.7151650006038337 0.030234475181688182
3.750646534298729 0.030384269690085435
3.786453773168115 0.03053654282491551
3.822589434061437 0.030691320290469472
3.8590562512457316 0.030848628213368937
3.8958569764126496 0.0310084931478538
3.9329943786829378 0.031170942081151193
3.9704712446083343 0.031336002438926716
4.008290378170813 0.031503702090819
4.046454600779114 0.03167406935605869
4.084966751262512 0.0318471330091729
4.123829685861741 0.032022922285776294
4.163046278217032 0.032201466888449874
4.202619419353192 0.0323827969927086
4.242552017661661 0.032566943253059026
4.282846998879486 0.03275393680914808
4.323507306065137 0.0329438092920042
4.3645358995711145 0.03313659283037198
4.405935757013267 0.033332320057141554
4.44770987323676 0.03353102411587397
4.489861260278624 0.03373273866742374
4.532392947326812 0.03393749789665987
4.575307980675704 0.03414533651928662
4.61860942367797 0.03435628978876529
4.662300356692745 0.034570393503338355
4.706383877030022 0.034787684013157245
4.750863098891201 0.03500819822751512
4.79574115330572 0.03523197362218602
4.841021188063689 0.03545904824687172
4.8867063676444555 0.03568946073275775
4.932799873141025 0.03592325030017993
4.97930490218026 0.036160456766402865
5.026224668838777 0.03640112055351186
5.073562403554472 0.036645282696419736
5.121321353033585 0.03689298485098996
5.169504780153232 0.03714426930227769
5.218115963859322 0.03739917897289016
5.267158199059782 0.03765775743146804
5.3166347965129965 0.03792004890128923
5.366549082711397 0.038186098268996736
5.416904399760107 0.03845595109345222
5.467704105250568 0.03872965361471681
5.518951572129045 0.03900725276316082
5.570650188559958 0.039288796168704065
5.622803357783927 0.03957433217018839
5.675414497970454 0.039863909824884164
5.728487042065164 0.04015757891813245
5.782024437631509 0.040455389973124554
5.836030146686853 0.04075739426082072
5.890507645532852 0.041063643810009834
5.945460424580036 0.041374191417511766
6.000891988166507 0.04168909065852439
6.056805854370677 0.042008395897116926
6.113205554817934 0.04233216229687158
6.170094634481164 0.042660445831675387
6.227476651475045 0.04299330329666405
6.285355176843998 0.043330792319319855
6.343733794343735 0.04367297137072548
6.402616100216295 0.04401989977697579
6.462005702958482 0.0443716377307495
6.521906223083624 0.04472824630304285
6.5823212928765455 0.045089787455067226
6.643254556141682 0.04545632405031289
6.704709667944229 0.0458279198667808
6.766690294344251 0.04620463960938473
6.829200112123644 0.0465865489225258
6.892242808505879 0.04697371440284154
6.955822080868418 0.047366203612131695
7.0199416364477285 0.04776408509046301
7.084605192036795 0.04816742836945515
7.149816473675046 0.048576303985750094
7.215579216330604 0.04899078349466719
7.281897163574767 0.04941093948404632
7.348774067248639 0.04983684558828127
7.416213687121819 0.050268576502545924
7.4842197905430545 0.05070620799721544
7.552796152082787 0.05114981693248492
7.62194655316749 0.051599481273188
7.691674781705718 0.052055280103817714
7.761984631705783 0.052517293643752225
7.832879902884972 0.052985603262687864
7.9043644002702305 0.053460291496281974
7.976441933790209 0.05394144206200815
8.049116317858617 0.05442913987522644
8.122391370948785 0.0549234710654711
8.196270915159362 0.05542452299295848
8.270758775771071 0.05593238426531778
8.345858780794444 0.05644714475454726
8.421574760508456 0.05696889561419865
8.497910546989997 0.057497729296792435
8.57486997363409 0.058033739571466854
8.652456874664804 0.058577021541863235
8.730675084636767 0.059127671664250606
8.809528437927241 0.059685787765892305
8.889020768218666 0.06025146906365747
8.969155907971619 0.06082481618288028
9.049937687888129 0.061405931176469794
9.131369936365278 0.0619949175442734
9.213456478939037 0.06259188025269667
9.29620113771827 0.06319692575458273
9.379607730808866 0.063810162009354
9.463680071727929 0.0644316985034194
9.548421968807991 0.06506164627085011
9.633837224591197 0.06570011791432671
9.719929635213399 0.06634722762636103
9.80670298977815 0.06700309121079566
9.894161069720534 0.06766782610458431
9.98230764816079 0.06834155139985616
10.071146489247724 0.06902438786626726
10.160681347491849 0.06971645797364232
10.250915967088241 0.07041788591491004
10.341854081229085 0.07112879762933515
10.43349941140588 0.07184932082605043
10.525855666701291 0.07257958500789206
10.61892654307065 0.07331972149554147
10.712715722613055 0.07406986345197702
10.807226872832105 0.07483014590723894
10.902463645886234 0.07560070578351064
10.998429677828659 0.07638168192052004
11.095128587836944 0.07717321510126403
11.192563977432194 0.07797544807805952
11.290739429687875 0.07878852559892466
11.389658508428298 0.0796125944342933
11.489324757416775 0.08044780340406649
11.589741699533471 0.08129430340500411
11.690912835943 0.08215224743846045
11.792841645251766 0.08302179063846679
11.895531582655138 0.08390309030016488
11.998986079074458 0.08479630590859442
12.103208540283944 0.08570159916783834
12.208202346027578 0.0866191340305291
12.31397084912598 0.08754907672771976
12.420517374573379 0.0884915957991232
12.527845218624739 0.08944686212372296
12.635957647873102 0.09041504895075936
12.744857898317258 0.09139633193109423
12.854549174419805 0.09239088914895796
12.965034648155703 0.09339890115408227
13.076317458051422 0.09442055099422211
13.188400708214795 0.09545602424807051
13.301287467355666 0.09650550905856951
13.41498076779748 0.09756919616662098
13.529483604479925 0.09864727894520052
13.64479893395274 0.09973995343387825
13.76092967336087 0.1008474183737496
13.877878699421062 0.10196987524277981
13.995648847390086 0.10310752829156548
14.114242910024727 0.10426058457951652
14.233663636533707 0.10542925401146201
14.35391373152172 0.10661374937468324
14.474995853925744 0.10781428637637734
14.596912615943825 0.10903108368155484
14.71966658195652 0.11026436295137432
14.843260267441204 0.11151434888191757
14.96769613787943 0.11278126924340838
15.092976607657585 0.11406535491987822
15.21910403896103 0.11536683994928187
15.346080740661984 0.11668596156406623
15.473908967201357 0.1180229602321952
15.602590917464804 0.11937807969863393
15.732128733653221 0.12075156702729496
15.862524500147979 0.12214367264344975
15.99378024237112 0.12355465037660784
16.125897925640825 0.12498475750386694
16.258879454022402 0.1264342547937363
16.39272666917513 0.12790340655043633
16.527441349195183 0.12939248065867687
16.663025207455025 0.1309017486289166
16.799479891439518 0.1324314856431063
16.9368069815791 0.13398197060091793
17.07500799008034 0.13555348616646212
17.21408435975423 0.137146318815496
17.35403746284253 0.13876075888312375
17.494868599842526 0.1403971006119916
17.636578998330577 0.14205564220097908
17.779169811784787 0.14373668585438876
17.92264211840719 0.14544053783163555
18.06699691994583 0.14716750849743754
18.212235140517127 0.1489179123725095
18.358357625428912 0.15069206818476055
18.505365140004542 0.1524902989209969
18.65325836840851 0.1543129318791309
18.80203791247394 0.15616029872089723
18.951704290532447 0.15803273552507666
19.10225793624673 0.15993058284122819
19.25369919744636 0.16185418574393007
19.406028334967232 0.16380389388752944
19.5592455214951 0.16578006156140115
19.71335084041366 0.16778304774571515
19.868344284657645 0.1698132161677124
20.024225755571425 0.1718709353584887
20.180995061773544 0.17395657871028564
20.338651918027704 0.17607052453428743
20.4971959441207 0.17821315611892305
20.65662666374775 0.18038486178867175
20.816943503405767 0.18258603496337034
20.97814579129503 0.18481707421802054
21.140232756229835 0.18707838334309404
21.30320352655853 0.18937037140533294
21.467057129093565 0.1916934528090428
21.631792488052007 0.1940480473578752
21.797408424007056 0.19643458031709696
21.96390365285112 0.19885348247634177
22.131276784770947 0.20130519021284085
22.299526323235384 0.2037901455551283
22.468650663996264 0.20630879624721632
22.638648094103004 0.20886159581323577
22.80951679093142 0.21144900362253655
22.981254821227328 0.21407148495524225
23.15386014016549 0.21672951106825308
23.327330590424427 0.2194235592616907
23.501663901277645 0.22215411294577792
23.67685768770188 0.22492166170814665
23.852909449502846 0.2277267013815656
24.02981657045909 0.23056973411208034
24.207576317484477 0.23345126842755695
24.38618583980987 0.23637181930662013
24.56564216818455 0.23933190824797645
24.745942214097933 0.2423320633401128
24.92708276902213 0.2453728193313593
25.10906050367589 0.24845471770030575
25.291871967310467 0.25157830672656045
25.47551358701798 0.25474414156183856
25.659981667062763 0.2579527843013679
25.845272388236282 0.2612048040555989
26.031381807236116 0.2645007770222042
26.21830585606954 0.2678412865583543
26.40604034148224 0.27122692325325365
26.594580944412655 0.27465828500092127
26.78392321947251 0.27813597707319987
26.974062594453954 0.28166061219297606
27.1649943698639 0.2852328106075939
27.356713718485988 0.28885320016244326
27.549215684970687 0.29252241637470333
27.74249518545401 0.2962411025072222
27.936547007205323 0.30000990964251023
28.13136580830466 0.30382949675682697
28.326946117350058 0.30770053079433807
28.52328233319532 0.3116236867413196
28.72036872471863 0.31559964770038546
28.918199430622483 0.31962910496471225
29.11676845926529 0.3237127580922367
29.316069688525097 0.32785131497979786
29.516096865695783 0.3320454919371968
29.716843607416138 0.3362960137611446
29.91830339963217 0.3406036138090694
30.12046959759298 0.34496903407275115
30.323335425880593 0.3493930252517528
30.526893978473996 0.3538763468266144
30.73113821884778 0.35841976713177687
30.936060980105598 0.3630240634281998
31.14165496514881 0.36769002197563755
31.347912746880496 0.3724184381045358
31.55482676844516 0.37721011628751067
31.762389343504317 0.3820658702103702
31.970592656548213 0.3869865228426373
32.17942876324386 0.3919729065075323
32.388889590819595 0.39702586295137143
32.5989669384863 0.4021462434123364
32.809652477895504 0.40733490868856925
33.02093775363441 0.4125927292055447
33.23281418375806 0.4179205850826716
33.44527306035864 0.4233193661990732
33.65830555017211 0.428789972258494
33.87190269522216 0.4343333128532815
34.086055413501526 0.43995030752738645
34.30075449969073 0.4456418858383277
34.515990625914256 0.451408987418062
34.73175434253407 0.45725256203270137
34.94803607898056 0.46317356964101597
35.16482614462079 0.4691729804516616
35.38211472966397 0.4752517749790666
35.599891906104084 0.4814109440979136
35.81814762869958 0.48765148909614836
36.03687173598994 0.49397442172644723
36.25605395134903 0.500380764256072
36.47568388407501 0.5068715495150409
36.695751030516625 0.5134478209425399
36.91624477523572 0.5201106326315008
37.13715439220563 0.5268610493712658
37.35846904604533 0.533700146688261
37.58017779328892 0.5406290108845974
37.80226958369029 0.5476487390745141
38.02473326156259 0.5547604392185818
38.24755756715211 0.5619652301555768
38.47073113804635 0.5692642416319381
38.694242510615815 0.5766586143287168
38.918080121489126 0.5841494998859237
39.142232309061114 0.5917380609241824
39.366687315033396 0.5994254710635892
39.59143328598703 0.6072129149396829
39.81645827498673 0.6151015882164216
40.041750243216214 0.6230926975960668
40.267297061644136 0.6311874608258672
40.49308651272008 0.639387106701437
40.71910629210013 0.6476928750667201
40.945344010401335 0.6561060168104291
41.171787194984674 0.6646277938588456
41.39842329176577 0.6732594791648685
41.62523966705283 0.6820023566931923
41.85222360941115 0.6908577214014975
42.0793623315536 0.699826879217531
42.306642972256356 0.7089111470119552
42.534052598299326 0.7181118525668403
42.76157820643045 0.7274303345396721
42.98920672535331 0.7368679424227491
43.21692501773727 0.7464260364978351
43.444719882249416 0.7561059877859375
43.67257805560768 0.7659091779920749
43.90048621465424 0.7758369994448994
44.12843097844857 0.7858908550310334
44.35639891037935 0.7960721581239839
44.58437652029439 0.8063823325074894
44.81235026664797 0.8168228122931583
45.04030655866454 0.8273950418322542
45.26823175851828 0.8381004756214783
45.49611218352748 0.8489405782026048
45.723934108363046 0.8599168240558173
45.95168376727032 0.8710306974865947
46.179347356303346 0.8822836925059963
46.40691103557082 0.8936773127041902
46.63436093149281 0.9052130711170709
46.8616831390675 0.916892490085811
47.088863724147124 0.9287171011091867
47.31588872572215 0.9406884446885234
47.542744158213026 0.9528080701650985
47.769416013768556 0.9650775355498433
47.995890264570086 0.9774984073451843
48.2221528651407 0.9900722603588608
48.44818975465856 1.0028006775095593
48.673986859273576 1.015685249624202
48.89953009442659 1.0287275752267278
49.124805367170204 1.0419292603182035
49.34979857849052 1.055291918148104
49.574495625628884 1.0688171689765982
49.79888240440288 1.0825066398276821
50.022944811525804 1.0963619642329963
50.24666874692371 1.1103847819661672
50.4700401160494 1.124576738767517
50.69304483219242 1.1389394860589785
50.915668818784454 1.153474680649064
51.13789801169919 1.1681839844277278
51.359718361546044 1.1830690640509725
51.58111583595692 1.198131590615047
51.802076421865365 1.2133732393200831
52.02258612777728 1.2287956891230292
52.24263098603261 1.2444006223797297
52.4621970550572 1.2601897244760152
52.68127042160432 1.2761646834476585
52.89983720298492 1.2923271895890651
53.11788354928629 1.3086789350505625
53.3353956455782 1.3252216134241648
53.552359714106124 1.3419569193176828
53.76876201647077 1.3588865479170649
53.984588855793454 1.3760121945368504
54.199826578866706 1.3933355541586272
54.4144615782895 1.4108583209573873
54.62848029458665 1.4285821878156824
54.84186921831184 1.4465088458254851
55.054614892133685 1.4646399837776705
55.26670391290448 1.482977287639034
55.47812293371109 1.501522440016776
55.68885866590752 1.5202771196103848
55.89889788112876 1.5392430006508586
56.10822741328554 1.558421752327217
56.31683416053947 1.577815038200259
56.524705087258326 1.597424515603533
56.73182722595103 1.6172518350314964
56.93818767918206 1.6372986395148459
57.143773621464895 1.657566563983016
57.348572301134276 1.6780572346138487
57.5525710421969 1.6987722681704513
57.755757246160414 1.7197132713252665
57.9581183938403 1.7408818399713935
58.15964204714461 1.7622795585212097
58.36031585083618 1.7839079991923545
58.56012753427225 1.8057687212811484
58.75906491312122 1.8278632704235342
58.95711589105651 1.8501931778436431
59.15426846142725 1.8727599595900961
